Date,Home,Away,Home_Score,Away_Score,OU_Line,Home_ML,Away_ML
2018-03-29,ATL,PHI,8.0,5.0,,,
2018-03-29,LAD,SFG,0.0,1.0,,,
2018-03-29,OAK,ANA,6.0,5.0,,,
2018-03-29,TOR,NYY,1.0,6.0,,,
2018-03-29,TEX,HOU,1.0,4.0,,,
2018-03-29,SDP,MIL,1.0,2.0,,,
2018-03-29,BAL,MIN,3.0,2.0,,,
2018-03-29,TBD,BOS,6.0,4.0,,,
2018-03-29,NYM,STL,9.0,4.0,,,
2018-03-29,ARI,COL,8.0,2.0,,,
2018-03-29,KCR,CHW,7.0,14.0,,,
2018-03-29,FLA,CHC,4.0,8.0,,,
2018-03-29,SEA,CLE,2.0,1.0,,,
2018-03-30,TBD,BOS,0.0,1.0,,,
2018-03-30,ATL,PHI,4.0,5.0,,,
2018-03-30,CIN,WSN,0.0,2.0,,,
2018-03-30,FLA,CHC,2.0,1.0,,,
2018-03-30,DET,PIT,10.0,13.0,,,
2018-03-30,OAK,ANA,1.0,2.0,,,
2018-03-30,SDP,MIL,6.0,8.0,,,
2018-03-30,TEX,HOU,5.0,1.0,,,
2018-03-30,TOR,NYY,2.0,4.0,,,
2018-03-30,ARI,COL,9.0,8.0,,,
2018-03-30,LAD,SFG,0.0,1.0,,,
2018-03-31,BAL,MIN,2.0,6.0,,,
2018-03-31,SDP,MIL,3.0,7.0,,,
2018-03-31,KCR,CHW,3.0,4.0,,,
2018-03-31,FLA,CHC,6.0,10.0,,,
2018-03-31,CIN,WSN,7.0,13.0,,,
2018-03-31,ATL,PHI,15.0,2.0,,,
2018-03-31,LAD,SFG,5.0,0.0,,,
2018-03-31,NYM,STL,6.0,2.0,,,
2018-03-31,ARI,COL,1.0,2.0,,,
2018-03-31,OAK,ANA,3.0,8.0,,,
2018-03-31,TBD,BOS,2.0,3.0,,,
2018-03-31,SEA,CLE,5.0,6.0,,,
2018-03-31,TEX,HOU,3.0,9.0,,,
2018-03-31,TOR,NYY,5.0,3.0,,,
2018-04-01,OAK,ANA,4.0,7.0,,,
2018-04-01,BAL,MIN,0.0,7.0,,,
2018-04-01,CIN,WSN,5.0,6.0,,,
2018-04-01,DET,PIT,0.0,1.0,,,
2018-04-01,LAD,SFG,9.0,0.0,,,
2018-04-01,NYM,STL,1.0,5.0,,,
2018-04-01,SEA,CLE,5.0,4.0,,,
2018-04-01,TBD,BOS,1.0,2.0,,,
2018-04-01,TEX,HOU,2.0,8.0,,,
2018-04-01,TOR,NYY,7.0,4.0,,,
2018-04-01,FLA,CHC,6.0,0.0,,,
2018-04-02,ATL,WSN,1.0,8.0,,,
2018-04-02,ARI,LAD,8.0,7.0,,,
2018-04-02,OAK,TEX,3.0,1.0,,,
2018-04-02,DET,KCR,6.0,1.0,,,
2018-04-02,ANA,CLE,0.0,6.0,,,
2018-04-02,HOU,BAL,6.0,1.0,,,
2018-04-02,MIL,STL,4.0,8.0,,,
2018-04-02,CIN,CHC,1.0,0.0,,,
2018-04-02,PIT,MIN,5.0,4.0,,,
2018-04-02,SDP,COL,4.0,7.0,,,
2018-04-02,FLA,BOS,3.0,7.0,,,
2018-04-02,TOR,CHW,4.0,2.0,,,
2018-04-03,ANA,CLE,13.0,2.0,,,
2018-04-03,ARI,LAD,6.0,1.0,,,
2018-04-03,ATL,WSN,13.0,6.0,,,
2018-04-03,DET,KCR,0.0,1.0,,,
2018-04-03,FLA,BOS,2.0,4.0,,,
2018-04-03,MIL,STL,5.0,4.0,,,
2018-04-03,NYM,PHI,2.0,0.0,,,
2018-04-03,NYY,TBD,11.0,4.0,,,
2018-04-03,OAK,TEX,1.0,4.0,,,
2018-04-03,SDP,COL,8.0,4.0,,,
2018-04-03,SFG,SEA,4.0,6.0,,,
2018-04-03,TOR,CHW,14.0,5.0,,,
2018-04-03,HOU,BAL,10.0,6.0,,,
2018-04-04,HOU,BAL,3.0,2.0,,,
2018-04-04,PIT,MIN,3.0,7.0,,,
2018-04-04,ARI,LAD,3.0,0.0,,,
2018-04-04,MIL,STL,0.0,6.0,,,
2018-04-04,ANA,CLE,3.0,2.0,,,
2018-04-04,NYY,TBD,7.0,2.0,,,
2018-04-04,OAK,TEX,6.0,2.0,,,
2018-04-04,ATL,WSN,7.0,1.0,,,
2018-04-04,SDP,COL,2.0,5.0,,,
2018-04-04,SFG,SEA,10.0,1.0,,,
2018-04-04,TOR,CHW,3.0,4.0,,,
2018-04-04,NYM,PHI,4.0,2.0,,,
2018-04-05,NYY,BAL,2.0,5.0,,,
2018-04-05,MIN,SEA,4.0,2.0,,,
2018-04-05,MIL,CHC,0.0,8.0,,,
2018-04-05,CHW,DET,7.0,9.0,,,
2018-04-05,SDP,COL,1.0,3.0,,,
2018-04-05,PHI,FLA,5.0,0.0,,,
2018-04-05,PIT,CIN,5.0,2.0,,,
2018-04-05,OAK,TEX,3.0,6.0,,,
2018-04-05,STL,ARI,1.0,3.0,,,
2018-04-05,WSN,NYM,2.0,8.0,,,
2018-04-05,BOS,TBD,3.0,2.0,,,
2018-04-06,PIT,CIN,14.0,3.0,,,
2018-04-06,ANA,OAK,13.0,9.0,,,
2018-04-06,CLE,KCR,3.0,2.0,,,
2018-04-06,HOU,SDP,1.0,4.0,,,
2018-04-06,MIL,CHC,5.0,4.0,,,
2018-04-06,NYY,BAL,3.0,7.0,,,
2018-04-06,TEX,TOR,5.0,8.0,,,
2018-04-06,COL,ATL,3.0,8.0,,,
2018-04-07,CLE,KCR,0.0,1.0,,,
2018-04-07,PIT,CIN,4.0,7.0,,,
2018-04-07,ANA,OAK,3.0,7.0,,,
2018-04-07,BOS,TBD,10.0,3.0,,,
2018-04-07,CHW,DET,1.0,6.0,,,
2018-04-07,COL,ATL,3.0,2.0,,,
2018-04-07,MIN,SEA,4.0,11.0,,,
2018-04-07,HOU,SDP,1.0,0.0,,,
2018-04-07,WSN,NYM,2.0,3.0,,,
2018-04-07,TEX,TOR,5.0,1.0,,,
2018-04-07,SFG,LAD,7.0,5.0,,,
2018-04-07,STL,ARI,5.0,3.0,,,
2018-04-07,PHI,FLA,20.0,1.0,,,
2018-04-07,NYY,BAL,8.0,3.0,,,
2018-04-07,MIL,CHC,2.0,5.0,,,
2018-04-08,ANA,OAK,6.0,1.0,,,
2018-04-08,BOS,TBD,8.0,7.0,,,
2018-04-08,CHW,DET,0.0,1.0,,,
2018-04-08,CLE,KCR,3.0,1.0,,,
2018-04-08,COL,ATL,0.0,4.0,,,
2018-04-08,PIT,CIN,5.0,0.0,,,
2018-04-08,NYY,BAL,7.0,8.0,,,
2018-04-08,PHI,FLA,3.0,6.0,,,
2018-04-08,TEX,TOR,4.0,7.0,,,
2018-04-08,SFG,LAD,1.0,2.0,,,
2018-04-08,WSN,NYM,5.0,6.0,,,
2018-04-08,STL,ARI,1.0,4.0,,,
2018-04-08,HOU,SDP,4.0,1.0,,,
2018-04-08,MIL,CHC,0.0,3.0,,,
2018-04-09,COL,SDP,6.0,7.0,,,
2018-04-09,BAL,TOR,1.0,7.0,,,
2018-04-09,CHW,TBD,4.0,5.0,,,
2018-04-09,CLE,DET,2.0,0.0,,,
2018-04-09,FLA,NYM,2.0,4.0,,,
2018-04-09,MIN,HOU,0.0,2.0,,,
2018-04-09,PHI,CIN,6.0,5.0,,,
2018-04-09,SFG,ARI,1.0,2.0,,,
2018-04-09,STL,MIL,4.0,5.0,,,
2018-04-09,TEX,ANA,3.0,8.0,,,
2018-04-09,WSN,ATL,2.0,0.0,,,
2018-04-09,KCR,SEA,10.0,0.0,,,
2018-04-10,PHI,CIN,6.0,1.0,,,
2018-04-10,BAL,TOR,1.0,2.0,,,
2018-04-10,BOS,NYY,14.0,1.0,,,
2018-04-10,CHC,PIT,5.0,8.0,,,
2018-04-10,CHW,TBD,5.0,6.0,,,
2018-04-10,COL,SDP,2.0,5.0,,,
2018-04-10,LAD,OAK,4.0,0.0,,,
2018-04-10,KCR,SEA,3.0,8.0,,,
2018-04-10,MIN,HOU,4.0,1.0,,,
2018-04-10,CLE,DET,2.0,1.0,,,
2018-04-10,SFG,ARI,5.0,4.0,,,
2018-04-10,STL,MIL,5.0,3.0,,,
2018-04-10,TEX,ANA,1.0,11.0,,,
2018-04-10,WSN,ATL,4.0,1.0,,,
2018-04-10,FLA,NYM,6.0,8.0,,,
2018-04-11,BOS,NYY,7.0,10.0,,,
2018-04-11,CHC,PIT,13.0,5.0,,,
2018-04-11,SFG,ARI,3.0,7.0,,,
2018-04-11,PHI,CIN,4.0,3.0,,,
2018-04-11,CHW,TBD,2.0,1.0,,,
2018-04-11,BAL,TOR,5.0,3.0,,,
2018-04-11,COL,SDP,6.0,4.0,,,
2018-04-11,TEX,ANA,2.0,7.0,,,
2018-04-11,KCR,SEA,2.0,4.0,,,
2018-04-11,STL,MIL,2.0,3.0,,,
2018-04-11,WSN,ATL,3.0,5.0,,,
2018-04-11,FLA,NYM,1.0,4.0,,,
2018-04-11,MIN,HOU,9.0,8.0,,,
2018-04-11,LAD,OAK,6.0,16.0,,,
2018-04-11,CLE,DET,5.0,1.0,,,
2018-04-12,CHC,PIT,1.0,6.0,,,
2018-04-12,CLE,DET,9.0,3.0,,,
2018-04-12,BOS,NYY,6.0,3.0,,,
2018-04-12,MIN,CHW,4.0,0.0,,,
2018-04-12,SDP,SFG,0.0,7.0,,,
2018-04-12,WSN,COL,1.0,5.0,,,
2018-04-12,KCR,ANA,1.0,7.0,,,
2018-04-12,CIN,STL,4.0,13.0,,,
2018-04-13,CIN,STL,3.0,5.0,,,
2018-04-13,NYM,MIL,6.0,5.0,,,
2018-04-13,CHC,ATL,0.0,4.0,,,
2018-04-13,FLA,PIT,7.0,2.0,,,
2018-04-13,DET,NYY,6.0,8.0,,,
2018-04-13,CLE,TOR,4.0,8.0,,,
2018-04-13,HOU,TEX,3.0,2.0,,,
2018-04-13,LAD,ARI,7.0,8.0,,,
2018-04-13,BOS,BAL,7.0,3.0,,,
2018-04-13,SDP,SFG,5.0,1.0,,,
2018-04-13,SEA,OAK,7.0,4.0,,,
2018-04-13,TBD,PHI,1.0,2.0,,,
2018-04-13,WSN,COL,1.0,2.0,,,
2018-04-13,KCR,ANA,4.0,5.0,,,
2018-04-14,LAD,ARI,1.0,9.0,,,
2018-04-14,SDP,SFG,5.0,4.0,,,
2018-04-14,BOS,BAL,10.0,3.0,,,
2018-04-14,CHC,ATL,14.0,10.0,,,
2018-04-14,CIN,STL,1.0,6.0,,,
2018-04-14,KCR,ANA,3.0,5.0,,,
2018-04-14,HOU,TEX,5.0,6.0,,,
2018-04-14,NYM,MIL,1.0,5.0,,,
2018-04-14,SEA,OAK,10.0,8.0,,,
2018-04-14,TBD,PHI,4.0,9.0,,,
2018-04-14,WSN,COL,6.0,2.0,,,
2018-04-14,FLA,PIT,0.0,1.0,,,
2018-04-15,CIN,STL,2.0,3.0,,,
2018-04-15,HOU,TEX,1.0,3.0,,,
2018-04-15,BOS,BAL,3.0,1.0,,,
2018-04-15,LAD,ARI,7.0,2.0,,,
2018-04-15,SEA,OAK,1.0,2.0,,,
2018-04-15,TBD,PHI,4.0,10.0,,,
2018-04-15,SDP,SFG,10.0,1.0,,,
2018-04-15,FLA,PIT,3.0,7.0,,,
2018-04-15,NYM,MIL,3.0,2.0,,,
2018-04-15,WSN,COL,5.0,6.0,,,
2018-04-16,PIT,COL,2.0,6.0,,,
2018-04-16,ATL,PHI,2.0,1.0,,,
2018-04-16,NYM,WSN,6.0,8.0,,,
2018-04-16,MIL,CIN,4.0,10.0,,,
2018-04-16,OAK,CHW,8.0,1.0,,,
2018-04-16,TBD,TEX,8.0,4.0,,,
2018-04-16,SEA,HOU,2.0,1.0,,,
2018-04-16,SDP,LAD,3.0,10.0,,,
2018-04-16,NYY,FLA,12.0,1.0,,,
2018-04-17,CHC,STL,3.0,5.0,,,
2018-04-17,PIT,COL,0.0,2.0,,,
2018-04-17,ANA,BOS,1.0,10.0,,,
2018-04-17,ARI,SFG,1.0,0.0,,,
2018-04-17,ATL,PHI,1.0,5.0,,,
2018-04-17,MIL,CIN,2.0,0.0,,,
2018-04-17,DET,BAL,4.0,2.0,,,
2018-04-17,SEA,HOU,1.0,4.0,,,
2018-04-17,NYY,FLA,1.0,9.0,,,
2018-04-17,OAK,CHW,10.0,2.0,,,
2018-04-17,NYM,WSN,2.0,5.0,,,
2018-04-17,SDP,LAD,3.0,7.0,,,
2018-04-17,TBD,TEX,2.0,7.0,,,
2018-04-17,TOR,KCR,11.0,3.0,,,
2018-04-17,MIN,CLE,1.0,6.0,,,
2018-04-18,MIN,CLE,2.0,1.0,,,
2018-04-18,MIL,CIN,2.0,0.0,,,
2018-04-18,SDP,LAD,4.0,13.0,,,
2018-04-18,DET,BAL,6.0,5.0,,,
2018-04-18,ATL,PHI,7.0,3.0,,,
2018-04-18,OAK,CHW,12.0,11.0,,,
2018-04-18,NYM,WSN,11.0,5.0,,,
2018-04-18,ANA,BOS,0.0,9.0,,,
2018-04-18,SEA,HOU,1.0,7.0,,,
2018-04-18,TOR,KCR,15.0,5.0,,,
2018-04-18,TBD,TEX,4.0,2.0,,,
2018-04-18,ARI,SFG,3.0,4.0,,,
2018-04-18,PIT,COL,10.0,2.0,,,
2018-04-19,ARI,SFG,3.0,1.0,,,
2018-04-19,ATL,NYM,12.0,4.0,,,
2018-04-19,NYY,TOR,4.0,3.0,,,
2018-04-19,DET,BAL,13.0,8.0,,,
2018-04-19,CHC,STL,8.0,5.0,,,
2018-04-19,PHI,PIT,7.0,0.0,,,
2018-04-19,ANA,BOS,2.0,8.0,,,
2018-04-19,SEA,HOU,2.0,9.0,,,
2018-04-19,MIL,FLA,12.0,3.0,,,
2018-04-20,NYY,TOR,5.0,8.0,,,
2018-04-20,ANA,SFG,1.0,8.0,,,
2018-04-20,ARI,SDP,1.0,4.0,,,
2018-04-20,BAL,CLE,3.0,1.0,,,
2018-04-20,CHW,HOU,0.0,10.0,,,
2018-04-20,COL,CHC,5.0,16.0,,,
2018-04-20,PHI,PIT,2.0,1.0,,,
2018-04-20,LAD,WSN,2.0,5.0,,,
2018-04-20,MIL,FLA,8.0,0.0,,,
2018-04-20,OAK,BOS,3.0,7.0,,,
2018-04-20,STL,CIN,4.0,2.0,,,
2018-04-20,TBD,MIN,8.0,7.0,,,
2018-04-20,TEX,SEA,2.0,6.0,,,
2018-04-20,DET,KCR,2.0,3.0,,,
2018-04-20,ATL,NYM,3.0,5.0,,,
2018-04-21,ANA,SFG,4.0,3.0,,,
2018-04-21,OAK,BOS,3.0,0.0,,,
2018-04-21,COL,CHC,5.0,2.0,,,
2018-04-21,CHW,HOU,1.0,10.0,,,
2018-04-21,ATL,NYM,4.0,3.0,,,
2018-04-21,ARI,SDP,6.0,2.0,,,
2018-04-21,LAD,WSN,4.0,0.0,,,
2018-04-21,MIL,FLA,6.0,5.0,,,
2018-04-21,DET,KCR,12.0,4.0,,,
2018-04-21,STL,CIN,4.0,3.0,,,
2018-04-21,TEX,SEA,7.0,9.0,,,
2018-04-21,NYY,TOR,9.0,1.0,,,
2018-04-21,PHI,PIT,6.0,2.0,,,
2018-04-21,BAL,CLE,0.0,4.0,,,
2018-04-21,TBD,MIN,10.0,1.0,,,
2018-04-22,OAK,BOS,4.0,1.0,,,
2018-04-22,ANA,SFG,2.0,4.0,,,
2018-04-22,ARI,SDP,4.0,2.0,,,
2018-04-22,BAL,CLE,3.0,7.0,,,
2018-04-22,CHW,HOU,1.0,7.0,,,
2018-04-22,COL,CHC,7.0,9.0,,,
2018-04-22,DET,KCR,5.0,8.0,,,
2018-04-22,MIL,FLA,4.0,2.0,,,
2018-04-22,PHI,PIT,3.0,2.0,,,
2018-04-22,STL,CIN,9.0,2.0,,,
2018-04-22,TBD,MIN,8.0,6.0,,,
2018-04-22,TEX,SEA,7.0,4.0,,,
2018-04-22,LAD,WSN,4.0,3.0,,,
2018-04-22,NYY,TOR,5.0,1.0,,,
2018-04-23,LAD,FLA,2.0,1.0,,,
2018-04-23,HOU,ANA,0.0,2.0,,,
2018-04-23,CIN,ATL,10.0,4.0,,,
2018-04-23,COL,SDP,5.0,13.0,,,
2018-04-23,TEX,OAK,4.0,9.0,,,
2018-04-23,CHW,SEA,10.0,4.0,,,
2018-04-23,SFG,WSN,4.0,2.0,,,
2018-04-23,BAL,CLE,1.0,2.0,,,
2018-04-23,NYY,MIN,14.0,1.0,,,
2018-04-24,PHI,ARI,4.0,8.0,,,
2018-04-24,CHW,SEA,0.0,1.0,,,
2018-04-24,CLE,CHC,3.0,10.0,,,
2018-04-24,COL,SDP,8.0,0.0,,,
2018-04-24,HOU,ANA,7.0,8.0,,,
2018-04-24,TOR,BOS,4.0,3.0,,,
2018-04-24,LAD,FLA,2.0,3.0,,,
2018-04-24,NYY,MIN,8.0,3.0,,,
2018-04-24,TEX,OAK,2.0,3.0,,,
2018-04-24,SFG,WSN,4.0,3.0,,,
2018-04-24,STL,NYM,5.0,6.0,,,
2018-04-24,KCR,MIL,2.0,5.0,,,
2018-04-24,CIN,ATL,9.0,7.0,,,
2018-04-25,KCR,MIL,2.0,6.0,,,
2018-04-25,HOU,ANA,5.0,2.0,,,
2018-04-25,COL,SDP,5.0,2.0,,,
2018-04-25,CLE,CHC,4.0,1.0,,,
2018-04-25,CIN,ATL,4.0,5.0,,,
2018-04-25,CHW,SEA,3.0,4.0,,,
2018-04-25,BAL,TBD,4.0,8.0,,,
2018-04-25,PHI,ARI,5.0,3.0,,,
2018-04-25,NYY,MIN,7.0,4.0,,,
2018-04-25,SFG,WSN,2.0,15.0,,,
2018-04-25,TOR,BOS,3.0,4.0,,,
2018-04-25,LAD,FLA,6.0,8.0,,,
2018-04-25,STL,NYM,9.0,1.0,,,
2018-04-25,TEX,OAK,4.0,2.0,,,
2018-04-25,PIT,DET,10.0,13.0,,,
2018-04-26,BAL,TBD,5.0,9.0,,,
2018-04-26,CHC,MIL,1.0,0.0,,,
2018-04-26,CLE,SEA,4.0,5.0,,,
2018-04-26,CIN,ATL,4.0,7.0,,,
2018-04-26,PHI,ARI,2.0,8.0,,,
2018-04-26,PIT,DET,1.0,0.0,,,
2018-04-26,STL,NYM,4.0,3.0,,,
2018-04-26,TOR,BOS,4.0,5.0,,,
2018-04-26,NYY,MIN,4.0,3.0,,,
2018-04-26,KCR,CHW,3.0,6.0,,,
2018-04-27,PIT,STL,6.0,5.0,,,
2018-04-27,FLA,COL,0.0,1.0,,,
2018-04-27,CLE,SEA,6.0,5.0,,,
2018-04-27,CHC,MIL,3.0,2.0,,,
2018-04-27,BOS,TBD,3.0,4.0,,,
2018-04-27,BAL,DET,6.0,0.0,,,
2018-04-27,MIN,CIN,9.0,15.0,,,
2018-04-27,KCR,CHW,4.0,7.0,,,
2018-04-27,WSN,ARI,4.0,5.0,,,
2018-04-27,TOR,TEX,4.0,6.0,,,
2018-04-27,HOU,OAK,1.0,8.0,,,
2018-04-27,SDP,NYM,1.0,5.0,,,
2018-04-27,ANA,NYY,3.0,4.0,,,
2018-04-27,SFG,LAD,6.0,4.0,,,
2018-04-27,PHI,ATL,7.0,3.0,,,
2018-04-28,PHI,ATL,1.0,4.0,,,
2018-04-28,ANA,NYY,1.0,11.0,,,
2018-04-28,BAL,DET,5.0,9.0,,,
2018-04-28,BOS,TBD,6.0,12.0,,,
2018-04-28,CLE,SEA,4.0,12.0,,,
2018-04-28,FLA,COL,4.0,1.0,,,
2018-04-28,CHC,MIL,3.0,0.0,,,
2018-04-28,KCR,CHW,0.0,8.0,,,
2018-04-28,MIN,CIN,3.0,1.0,,,
2018-04-28,PIT,STL,6.0,2.0,,,
2018-04-28,SDP,NYM,12.0,2.0,,,
2018-04-28,SFG,LAD,6.0,15.0,,,
2018-04-28,TOR,TEX,4.0,7.0,,,
2018-04-28,WSN,ARI,3.0,4.0,,,
2018-04-28,HOU,OAK,11.0,0.0,,,
2018-04-29,BAL,DET,5.0,3.0,,,
2018-04-29,FLA,COL,3.0,0.0,,,
2018-04-29,CLE,SEA,4.0,10.0,,,
2018-04-29,CHC,MIL,2.0,0.0,,,
2018-04-29,PIT,STL,5.0,0.0,,,
2018-04-29,ANA,NYY,1.0,2.0,,,
2018-04-29,PHI,ATL,1.0,10.0,,,
2018-04-29,KCR,CHW,5.0,4.0,,,
2018-04-29,HOU,OAK,8.0,4.0,,,
2018-04-29,SFG,LAD,4.0,2.0,,,
2018-04-29,WSN,ARI,3.0,1.0,,,
2018-04-29,TOR,TEX,7.0,2.0,,,
2018-04-29,BOS,TBD,4.0,3.0,,,
2018-04-29,MIN,CIN,2.0,8.0,,,
2018-04-29,SDP,NYM,2.0,14.0,,,
2018-04-30,WSN,PIT,3.0,2.0,,,
2018-04-30,SFG,SDP,6.0,5.0,,,
2018-04-30,MIN,TOR,5.0,7.0,,,
2018-04-30,FLA,PHI,8.0,4.0,,,
2018-04-30,DET,TBD,2.0,3.0,,,
2018-04-30,CLE,TEX,7.0,5.0,,,
2018-04-30,CIN,MIL,5.0,6.0,,,
2018-04-30,CHC,COL,3.0,2.0,,,
2018-04-30,BOS,KCR,10.0,6.0,,,
2018-04-30,ARI,LAD,8.0,5.0,,,
2018-04-30,HOU,NYY,2.0,1.0,,,
2018-05-01,CHC,COL,1.0,3.0,,,
2018-05-01,BOS,KCR,6.0,7.0,,,
2018-05-01,CLE,TEX,6.0,8.0,,,
2018-05-01,NYM,ATL,2.0,3.0,,,
2018-05-01,ARI,LAD,4.0,3.0,,,
2018-05-01,DET,TBD,2.0,1.0,,,
2018-05-01,ANA,BAL,3.0,2.0,,,
2018-05-01,HOU,NYY,0.0,4.0,,,
2018-05-01,MIN,TOR,4.0,7.0,,,
2018-05-01,CIN,MIL,6.0,7.0,,,
2018-05-01,SEA,OAK,6.0,3.0,,,
2018-05-01,WSN,PIT,12.0,4.0,,,
2018-05-01,SFG,SDP,2.0,3.0,,,
2018-05-01,STL,CHW,3.0,2.0,,,
2018-05-01,FLA,PHI,2.0,1.0,,,
2018-05-02,NYM,ATL,0.0,7.0,,,
2018-05-02,CLE,TEX,12.0,4.0,,,
2018-05-02,CIN,MIL,1.0,3.0,,,
2018-05-02,CHC,COL,2.0,11.0,,,
2018-05-02,ARI,LAD,1.0,2.0,,,
2018-05-02,ANA,BAL,10.0,7.0,,,
2018-05-02,FLA,PHI,0.0,6.0,,,
2018-05-02,HOU,NYY,0.0,4.0,,,
2018-05-02,MIN,TOR,4.0,0.0,,,
2018-05-02,BOS,KCR,5.0,4.0,,,
2018-05-02,SEA,OAK,2.0,3.0,,,
2018-05-02,STL,CHW,3.0,2.0,,,
2018-05-02,WSN,PIT,9.0,3.0,,,
2018-05-02,SFG,SDP,9.0,4.0,,,
2018-05-02,DET,TBD,3.0,2.0,,,
2018-05-03,ARI,LAD,2.0,5.0,,,
2018-05-03,NYM,ATL,0.0,11.0,,,
2018-05-03,ANA,BAL,12.0,3.0,,,
2018-05-03,CHW,MIN,6.0,5.0,,,
2018-05-03,CLE,TOR,11.0,13.0,,,
2018-05-03,HOU,NYY,5.0,6.0,,,
2018-05-03,KCR,DET,10.0,6.0,,,
2018-05-03,SEA,OAK,4.0,1.0,,,
2018-05-03,WSN,PIT,3.0,1.0,,,
2018-05-03,TEX,BOS,11.0,5.0,,,
2018-05-04,NYY,CLE,7.0,6.0,,,
2018-05-04,NYM,COL,7.0,8.0,,,
2018-05-04,ARI,HOU,0.0,8.0,,,
2018-05-04,SDP,LAD,0.0,4.0,,,
2018-05-04,ATL,SFG,4.0,9.0,,,
2018-05-04,CIN,FLA,4.0,1.0,,,
2018-05-04,CHW,MIN,4.0,6.0,,,
2018-05-04,MIL,PIT,4.0,6.0,,,
2018-05-04,OAK,BAL,6.0,4.0,,,
2018-05-04,WSN,PHI,7.0,3.0,,,
2018-05-04,SEA,ANA,0.0,5.0,,,
2018-05-04,TBD,TOR,6.0,2.0,,,
2018-05-04,TEX,BOS,1.0,5.0,,,
2018-05-04,STL,CHC,3.0,2.0,,,
2018-05-04,KCR,DET,4.0,2.0,,,
2018-05-05,MIL,PIT,5.0,3.0,,,
2018-05-05,STL,CHC,8.0,6.0,,,
2018-05-05,OAK,BAL,2.0,0.0,,,
2018-05-05,NYY,CLE,5.0,2.0,,,
2018-05-05,NYM,COL,0.0,2.0,,,
2018-05-05,KCR,DET,2.0,3.0,,,
2018-05-05,CHW,MIN,4.0,8.0,,,
2018-05-05,SEA,ANA,9.0,8.0,,,
2018-05-05,ARI,HOU,4.0,3.0,,,
2018-05-05,ATL,SFG,2.0,11.0,,,
2018-05-05,WSN,PHI,1.0,3.0,,,
2018-05-05,SDP,LAD,7.0,4.0,,,
2018-05-05,TBD,TOR,5.0,3.0,,,
2018-05-05,CIN,FLA,0.0,6.0,,,
2018-05-05,TEX,BOS,5.0,6.0,,,
2018-05-06,KCR,DET,4.0,2.0,,,
2018-05-06,SEA,ANA,2.0,8.0,,,
2018-05-06,ARI,HOU,3.0,1.0,,,
2018-05-06,ATL,SFG,3.0,4.0,,,
2018-05-06,CHW,MIN,3.0,5.0,,,
2018-05-06,CIN,FLA,5.0,8.0,,,
2018-05-06,MIL,PIT,0.0,9.0,,,
2018-05-06,OAK,BAL,2.0,1.0,,,
2018-05-06,SDP,LAD,3.0,0.0,,,
2018-05-06,STL,CHC,4.0,3.0,,,
2018-05-06,TBD,TOR,1.0,2.0,,,
2018-05-06,TEX,BOS,1.0,6.0,,,
2018-05-06,WSN,PHI,5.0,4.0,,,
2018-05-06,NYM,COL,2.0,3.0,,,
2018-05-06,NYY,CLE,7.0,4.0,,,
2018-05-07,PHI,SFG,11.0,0.0,,,
2018-05-07,TEX,DET,7.0,6.0,,,
2018-05-07,CIN,NYM,6.0,7.0,,,
2018-05-07,CHC,FLA,14.0,2.0,,,
2018-05-07,STL,MIN,0.0,6.0,,,
2018-05-07,SDP,WSN,5.0,8.0,,,
2018-05-07,OAK,HOU,2.0,16.0,,,
2018-05-08,SDP,WSN,0.0,4.0,,,
2018-05-08,COL,ANA,4.0,2.0,,,
2018-05-08,CIN,NYM,7.0,2.0,,,
2018-05-08,LAD,ARI,5.0,8.0,,,
2018-05-08,CHW,PIT,6.0,10.0,,,
2018-05-08,MIL,CLE,3.0,2.0,,,
2018-05-08,CHC,FLA,4.0,3.0,,,
2018-05-08,OAK,HOU,2.0,4.0,,,
2018-05-08,PHI,SFG,4.0,2.0,,,
2018-05-08,BAL,KCR,7.0,15.0,,,
2018-05-08,STL,MIN,1.0,7.0,,,
2018-05-08,TBD,ATL,0.0,1.0,,,
2018-05-08,TEX,DET,4.0,7.0,,,
2018-05-08,TOR,SEA,0.0,5.0,,,
2018-05-08,NYY,BOS,3.0,2.0,,,
2018-05-09,CIN,NYM,2.0,1.0,,,
2018-05-09,CHW,PIT,5.0,6.0,,,
2018-05-09,PHI,SFG,11.0,3.0,,,
2018-05-09,BAL,KCR,5.0,3.0,,,
2018-05-09,COL,ANA,0.0,8.0,,,
2018-05-09,CHC,FLA,13.0,4.0,,,
2018-05-09,MIL,CLE,2.0,6.0,,,
2018-05-09,NYY,BOS,9.0,6.0,,,
2018-05-09,TOR,SEA,5.0,2.0,,,
2018-05-09,OAK,HOU,1.0,4.0,,,
2018-05-09,SDP,WSN,2.0,1.0,,,
2018-05-09,TBD,ATL,2.0,5.0,,,
2018-05-09,TEX,DET,5.0,4.0,,,
2018-05-09,LAD,ARI,6.0,3.0,,,
2018-05-10,PHI,SFG,6.0,3.0,,,
2018-05-10,FLA,ATL,2.0,9.0,,,
2018-05-10,COL,MIL,2.0,5.0,,,
2018-05-10,BAL,KCR,11.0,6.0,,,
2018-05-10,ARI,WSN,1.0,2.0,,,
2018-05-10,ANA,MIN,7.0,4.0,,,
2018-05-10,LAD,CIN,1.0,4.0,,,
2018-05-10,NYY,BOS,4.0,5.0,,,
2018-05-10,SDP,STL,1.0,2.0,,,
2018-05-10,TOR,SEA,3.0,9.0,,,
2018-05-11,NYY,OAK,5.0,10.0,,,
2018-05-11,ANA,MIN,4.0,5.0,,,
2018-05-11,ARI,WSN,1.0,3.0,,,
2018-05-11,BAL,TBD,9.0,4.0,,,
2018-05-11,CLE,KCR,9.0,10.0,,,
2018-05-11,CHC,CHW,11.0,2.0,,,
2018-05-11,FLA,ATL,6.0,3.0,,,
2018-05-11,TOR,BOS,5.0,3.0,,,
2018-05-11,HOU,TEX,0.0,1.0,,,
2018-05-11,LAD,CIN,2.0,6.0,,,
2018-05-11,PIT,SFG,11.0,2.0,,,
2018-05-11,PHI,NYM,1.0,3.0,,,
2018-05-11,SDP,STL,5.0,9.0,,,
2018-05-11,COL,MIL,10.0,11.0,,,
2018-05-12,HOU,TEX,6.0,1.0,,,
2018-05-12,ANA,MIN,3.0,5.0,,,
2018-05-12,ARI,WSN,1.0,2.0,,,
2018-05-12,BAL,TBD,6.0,3.0,,,
2018-05-12,CLE,KCR,6.0,2.0,,,
2018-05-12,COL,MIL,4.0,0.0,,,
2018-05-12,DET,SEA,4.0,3.0,,,
2018-05-12,CHC,CHW,8.0,4.0,,,
2018-05-12,LAD,CIN,3.0,5.0,,,
2018-05-12,PIT,SFG,6.0,5.0,,,
2018-05-12,SDP,STL,2.0,1.0,,,
2018-05-12,TOR,BOS,2.0,5.0,,,
2018-05-12,NYY,OAK,7.0,6.0,,,
2018-05-12,FLA,ATL,5.0,10.0,,,
2018-05-13,ANA,MIN,2.0,1.0,,,
2018-05-13,ARI,WSN,4.0,6.0,,,
2018-05-13,BAL,TBD,17.0,1.0,,,
2018-05-13,CLE,KCR,11.0,2.0,,,
2018-05-13,NYY,OAK,6.0,2.0,,,
2018-05-13,COL,MIL,3.0,7.0,,,
2018-05-13,CHC,CHW,3.0,5.0,,,
2018-05-13,HOU,TEX,6.0,1.0,,,
2018-05-13,LAD,CIN,3.0,5.0,,,
2018-05-13,FLA,ATL,3.0,4.0,,,
2018-05-13,PHI,NYM,4.0,2.0,,,
2018-05-13,SDP,STL,5.0,3.0,,,
2018-05-13,TOR,BOS,3.0,5.0,,,
2018-05-13,DET,SEA,5.0,4.0,,,
2018-05-13,PIT,SFG,0.0,5.0,,,
2018-05-14,ANA,HOU,2.0,1.0,,,
2018-05-14,ARI,MIL,2.0,7.0,,,
2018-05-14,BOS,OAK,5.0,6.0,,,
2018-05-14,CHC,ATL,5.0,6.0,,,
2018-05-14,DET,CLE,6.0,3.0,,,
2018-05-14,KCR,TBD,1.0,2.0,,,
2018-05-14,MIN,SEA,0.0,1.0,,,
2018-05-14,SDP,COL,4.0,6.0,,,
2018-05-14,SFG,CIN,10.0,7.0,,,
2018-05-15,PIT,CHW,7.0,0.0,,,
2018-05-15,ANA,HOU,3.0,5.0,,,
2018-05-15,ARI,MIL,2.0,1.0,,,
2018-05-15,ATL,CHC,2.0,3.0,,,
2018-05-15,BOS,OAK,3.0,5.0,,,
2018-05-15,FLA,LAD,4.0,2.0,,,
2018-05-15,SEA,TEX,9.0,8.0,,,
2018-05-15,MIN,STL,4.0,1.0,,,
2018-05-15,NYM,TOR,12.0,2.0,,,
2018-05-15,DET,CLE,9.0,8.0,,,
2018-05-15,SDP,COL,4.0,0.0,,,
2018-05-15,SFG,CIN,5.0,3.0,,,
2018-05-15,WSN,NYY,5.0,3.0,,,
2018-05-15,KCR,TBD,5.0,6.0,,,
2018-05-16,BOS,OAK,6.0,4.0,,,
2018-05-16,ARI,MIL,2.0,8.0,,,
2018-05-16,ATL,CHC,4.0,1.0,,,
2018-05-16,BAL,PHI,1.0,4.0,,,
2018-05-16,DET,CLE,0.0,6.0,,,
2018-05-16,SEA,TEX,1.0,5.0,,,
2018-05-16,FLA,LAD,6.0,5.0,,,
2018-05-16,KCR,TBD,3.0,5.0,,,
2018-05-16,ANA,HOU,0.0,2.0,,,
2018-05-16,PIT,CHW,3.0,2.0,,,
2018-05-16,NYM,TOR,1.0,12.0,,,
2018-05-16,SFG,CIN,3.0,6.0,,,
2018-05-16,MIN,STL,5.0,7.0,,,
2018-05-17,ANA,TBD,1.0,7.0,,,
2018-05-17,BOS,BAL,6.0,2.0,,,
2018-05-17,CHW,TEX,4.0,2.0,,,
2018-05-17,FLA,LAD,0.0,7.0,,,
2018-05-17,SEA,DET,2.0,3.0,,,
2018-05-17,SFG,COL,3.0,5.0,,,
2018-05-17,STL,PHI,2.0,6.0,,,
2018-05-17,TOR,OAK,5.0,10.0,,,
2018-05-17,PIT,SDP,5.0,4.0,,,
2018-05-18,CHW,TEX,5.0,12.0,,,
2018-05-18,PIT,SDP,2.0,3.0,,,
2018-05-18,ANA,TBD,3.0,8.0,,,
2018-05-18,ATL,FLA,0.0,2.0,,,
2018-05-18,BOS,BAL,4.0,7.0,,,
2018-05-18,CIN,CHC,1.0,8.0,,,
2018-05-18,STL,PHI,12.0,4.0,,,
2018-05-18,MIN,MIL,3.0,8.0,,,
2018-05-18,NYM,ARI,3.0,1.0,,,
2018-05-18,KCR,NYY,5.0,2.0,,,
2018-05-18,SEA,DET,5.0,4.0,,,
2018-05-18,SFG,COL,1.0,6.0,,,
2018-05-18,HOU,CLE,4.0,1.0,,,
2018-05-18,TOR,OAK,1.0,3.0,,,
2018-05-19,ANA,TBD,3.0,5.0,,,
2018-05-19,PIT,SDP,2.0,6.0,,,
2018-05-19,CIN,CHC,0.0,10.0,,,
2018-05-19,CHW,TEX,5.0,3.0,,,
2018-05-19,BOS,BAL,6.0,3.0,,,
2018-05-19,ATL,FLA,8.0,1.0,,,
2018-05-19,HOU,CLE,4.0,5.0,,,
2018-05-19,KCR,NYY,3.0,8.0,,,
2018-05-19,MIN,MIL,4.0,5.0,,,
2018-05-19,NYM,ARI,5.0,4.0,,,
2018-05-19,SFG,COL,9.0,4.0,,,
2018-05-19,SEA,DET,7.0,2.0,,,
2018-05-19,TOR,OAK,4.0,5.0,,,
2018-05-19,WSN,LAD,1.0,4.0,,,
2018-05-19,STL,PHI,6.0,7.0,,,
2018-05-20,PIT,SDP,5.0,8.0,,,
2018-05-20,CIN,CHC,1.0,6.0,,,
2018-05-20,CHW,TEX,3.0,0.0,,,
2018-05-20,BOS,BAL,5.0,0.0,,,
2018-05-20,ATL,FLA,10.0,9.0,,,
2018-05-20,ANA,TBD,5.0,2.0,,,
2018-05-20,NYM,ARI,4.0,1.0,,,
2018-05-20,KCR,NYY,1.0,10.0,,,
2018-05-20,MIN,MIL,3.0,1.0,,,
2018-05-20,WSN,LAD,2.0,7.0,,,
2018-05-20,STL,PHI,5.0,1.0,,,
2018-05-20,SEA,DET,3.0,2.0,,,
2018-05-20,SFG,COL,9.0,5.0,,,
2018-05-20,TOR,OAK,2.0,9.0,,,
2018-05-20,HOU,CLE,3.0,1.0,,,
2018-05-21,TEX,NYY,5.0,10.0,,,
2018-05-21,CHW,BAL,2.0,3.0,,,
2018-05-21,LAD,COL,1.0,2.0,,,
2018-05-21,MIL,ARI,4.0,2.0,,,
2018-05-21,NYM,FLA,2.0,0.0,,,
2018-05-21,STL,KCR,6.0,0.0,,,
2018-05-21,PHI,ATL,3.0,0.0,,,
2018-05-21,WSN,SDP,10.0,2.0,,,
2018-05-21,MIN,DET,4.0,2.0,,,
2018-05-22,MIL,ARI,1.0,0.0,,,
2018-05-22,CHW,BAL,3.0,2.0,,,
2018-05-22,CIN,PIT,7.0,2.0,,,
2018-05-22,HOU,SFG,11.0,2.0,,,
2018-05-22,LAD,COL,5.0,3.0,,,
2018-05-22,PHI,ATL,1.0,3.0,,,
2018-05-22,MIN,DET,6.0,0.0,,,
2018-05-22,CHC,CLE,1.0,10.0,,,
2018-05-22,NYM,FLA,1.0,5.0,,,
2018-05-22,OAK,SEA,2.0,3.0,,,
2018-05-22,TOR,ANA,5.0,3.0,,,
2018-05-22,STL,KCR,1.0,5.0,,,
2018-05-22,WSN,SDP,2.0,1.0,,,
2018-05-22,TBD,BOS,2.0,4.0,,,
2018-05-22,TEX,NYY,6.0,4.0,,,
2018-05-23,PHI,ATL,4.0,0.0,,,
2018-05-23,MIL,ARI,9.0,2.0,,,
2018-05-23,LAD,COL,3.0,0.0,,,
2018-05-23,HOU,SFG,4.0,1.0,,,
2018-05-23,CIN,PIT,4.0,5.0,,,
2018-05-23,CHW,BAL,11.0,1.0,,,
2018-05-23,NYM,FLA,1.0,2.0,,,
2018-05-23,MIN,DET,1.0,4.0,,,
2018-05-23,OAK,SEA,0.0,1.0,,,
2018-05-23,WSN,SDP,1.0,3.0,,,
2018-05-23,STL,KCR,2.0,5.0,,,
2018-05-23,TBD,BOS,1.0,4.0,,,
2018-05-23,TEX,NYY,12.0,10.0,,,
2018-05-23,TOR,ANA,4.0,5.0,,,
2018-05-23,CHC,CLE,0.0,1.0,,,
2018-05-24,CHW,BAL,3.0,9.0,,,
2018-05-24,TBD,BOS,6.0,3.0,,,
2018-05-24,CIN,PIT,5.0,4.0,,,
2018-05-24,CLE,HOU,2.0,8.0,,,
2018-05-24,MIL,NYM,0.0,5.0,,,
2018-05-24,OAK,SEA,4.0,3.0,,,
2018-05-24,TOR,ANA,1.0,8.0,,,
2018-05-24,TEX,KCR,2.0,8.0,,,
2018-05-25,BOS,ATL,6.0,2.0,,,
2018-05-25,CHC,SFG,6.0,2.0,,,
2018-05-25,CLE,HOU,2.0,11.0,,,
2018-05-25,OAK,ARI,1.0,7.0,,,
2018-05-25,DET,CHW,5.0,4.0,,,
2018-05-25,FLA,WSN,5.0,9.0,,,
2018-05-25,COL,CIN,5.0,4.0,,,
2018-05-25,MIL,NYM,4.0,3.0,,,
2018-05-25,NYY,ANA,2.0,1.0,,,
2018-05-25,TEX,KCR,8.0,4.0,,,
2018-05-25,PHI,TOR,5.0,6.0,,,
2018-05-25,SEA,MIN,2.0,1.0,,,
2018-05-25,TBD,BAL,0.0,2.0,,,
2018-05-25,PIT,STL,8.0,1.0,,,
2018-05-25,LAD,SDP,4.0,1.0,,,
2018-05-26,DET,CHW,4.0,8.0,,,
2018-05-26,BOS,ATL,8.0,6.0,,,
2018-05-26,CHC,SFG,4.0,5.0,,,
2018-05-26,CLE,HOU,8.0,6.0,,,
2018-05-26,COL,CIN,5.0,6.0,,,
2018-05-26,FLA,WSN,1.0,4.0,,,
2018-05-26,PHI,TOR,2.0,1.0,,,
2018-05-26,MIL,NYM,17.0,6.0,,,
2018-05-26,NYY,ANA,4.0,11.0,,,
2018-05-26,OAK,ARI,3.0,0.0,,,
2018-05-26,PIT,STL,1.0,4.0,,,
2018-05-26,SEA,MIN,4.0,3.0,,,
2018-05-26,TBD,BAL,5.0,1.0,,,
2018-05-26,TEX,KCR,4.0,3.0,,,
2018-05-26,LAD,SDP,5.0,7.0,,,
2018-05-27,PHI,TOR,3.0,5.0,,,
2018-05-27,BOS,ATL,1.0,7.0,,,
2018-05-27,CHC,SFG,8.0,3.0,,,
2018-05-27,CLE,HOU,10.0,9.0,,,
2018-05-27,DET,CHW,3.0,2.0,,,
2018-05-27,FLA,WSN,2.0,5.0,,,
2018-05-27,LAD,SDP,6.0,1.0,,,
2018-05-27,MIL,NYM,8.0,7.0,,,
2018-05-27,NYY,ANA,3.0,1.0,,,
2018-05-27,OAK,ARI,2.0,1.0,,,
2018-05-27,COL,CIN,8.0,2.0,,,
2018-05-27,PIT,STL,4.0,6.0,,,
2018-05-27,SEA,MIN,3.0,1.0,,,
2018-05-27,TBD,BAL,8.0,3.0,,,
2018-05-27,TEX,KCR,3.0,5.0,,,
2018-05-28,ARI,CIN,12.0,5.0,,,
2018-05-28,ATL,NYM,4.0,3.0,,,
2018-05-28,BAL,WSN,0.0,6.0,,,
2018-05-28,BOS,TOR,8.0,3.0,,,
2018-05-28,CLE,CHW,9.0,6.0,,,
2018-05-28,MIL,STL,8.0,3.0,,,
2018-05-28,OAK,TBD,0.0,1.0,,,
2018-05-28,DET,ANA,9.0,3.0,,,
2018-05-28,KCR,MIN,5.0,8.0,,,
2018-05-28,LAD,PHI,5.0,4.0,,,
2018-05-28,NYY,HOU,1.0,5.0,,,
2018-05-28,PIT,CHC,0.0,7.0,,,
2018-05-28,SDP,FLA,2.0,7.0,,,
2018-05-28,SEA,TEX,2.0,1.0,,,
2018-05-28,COL,SFG,6.0,5.0,,,
2018-05-29,ARI,CIN,5.0,2.0,,,
2018-05-29,ATL,NYM,7.0,6.0,,,
2018-05-29,COL,SFG,11.0,4.0,,,
2018-05-29,BOS,TOR,8.0,3.0,,,
2018-05-29,CLE,CHW,7.0,3.0,,,
2018-05-29,DET,ANA,2.0,9.0,,,
2018-05-29,BAL,WSN,2.0,3.0,,,
2018-05-29,LAD,PHI,1.0,6.0,,,
2018-05-29,SEA,TEX,5.0,9.0,,,
2018-05-29,SDP,FLA,9.0,5.0,,,
2018-05-29,PIT,CHC,6.0,8.0,,,
2018-05-29,KCR,MIN,2.0,1.0,,,
2018-05-29,NYY,HOU,6.0,5.0,,,
2018-05-29,MIL,STL,1.0,6.0,,,
2018-05-29,OAK,TBD,3.0,4.0,,,
2018-05-30,NYY,HOU,5.0,3.0,,,
2018-05-30,ARI,CIN,4.0,7.0,,,
2018-05-30,BAL,WSN,0.0,2.0,,,
2018-05-30,BOS,TOR,6.0,4.0,,,
2018-05-30,CLE,CHW,9.0,1.0,,,
2018-05-30,DET,ANA,6.0,1.0,,,
2018-05-30,COL,SFG,4.0,7.0,,,
2018-05-30,LAD,PHI,8.0,2.0,,,
2018-05-30,MIL,STL,3.0,2.0,,,
2018-05-30,ATL,NYM,1.0,4.0,,,
2018-05-30,OAK,TBD,0.0,6.0,,,
2018-05-30,PIT,CHC,2.0,1.0,,,
2018-05-30,SDP,FLA,3.0,2.0,,,
2018-05-30,SEA,TEX,6.0,7.0,,,
2018-05-30,KCR,MIN,11.0,8.0,,,
2018-05-31,SDP,FLA,8.0,3.0,,,
2018-05-31,NYM,CHC,1.0,5.0,,,
2018-05-31,MIN,CLE,8.0,9.0,,,
2018-05-31,LAD,PHI,1.0,2.0,,,
2018-05-31,HOU,BOS,4.0,2.0,,,
2018-05-31,OAK,TBD,7.0,3.0,,,
2018-05-31,ATL,WSN,4.0,2.0,,,
2018-05-31,SEA,TEX,6.0,1.0,,,
2018-05-31,STL,PIT,10.0,8.0,,,
2018-05-31,DET,ANA,6.0,2.0,,,
2018-06-01,MIN,CLE,7.0,4.0,,,
2018-06-01,ANA,TEX,6.0,0.0,,,
2018-06-01,ARI,FLA,9.0,1.0,,,
2018-06-01,ATL,WSN,4.0,0.0,,,
2018-06-01,BAL,NYY,1.0,4.0,,,
2018-06-01,COL,LAD,8.0,11.0,,,
2018-06-01,CHW,MIL,8.0,3.0,,,
2018-06-01,HOU,BOS,7.0,3.0,,,
2018-06-01,KCR,OAK,0.0,16.0,,,
2018-06-01,SDP,CIN,2.0,7.0,,,
2018-06-01,NYM,CHC,4.0,7.0,,,
2018-06-01,SEA,TBD,4.0,3.0,,,
2018-06-01,SFG,PHI,4.0,0.0,,,
2018-06-01,STL,PIT,0.0,4.0,,,
2018-06-01,DET,TOR,5.0,2.0,,,
2018-06-02,ANA,TEX,2.0,3.0,,,
2018-06-02,CHW,MIL,0.0,5.0,,,
2018-06-02,ATL,WSN,3.0,5.0,,,
2018-06-02,BAL,NYY,5.0,8.0,,,
2018-06-02,COL,LAD,4.0,12.0,,,
2018-06-02,ARI,FLA,6.0,2.0,,,
2018-06-02,HOU,BOS,4.0,5.0,,,
2018-06-02,STL,PIT,3.0,2.0,,,
2018-06-02,DET,TOR,7.0,4.0,,,
2018-06-02,SFG,PHI,2.0,0.0,,,
2018-06-02,SDP,CIN,8.0,2.0,,,
2018-06-02,MIN,CLE,7.0,1.0,,,
2018-06-02,SEA,TBD,3.0,1.0,,,
2018-06-02,NYM,CHC,1.0,7.0,,,
2018-06-02,KCR,OAK,5.0,4.0,,,
2018-06-03,KCR,OAK,1.0,5.0,,,
2018-06-03,DET,TOR,4.0,8.0,,,
2018-06-03,NYM,CHC,0.0,2.0,,,
2018-06-03,COL,LAD,7.0,10.0,,,
2018-06-03,CHW,MIL,6.0,1.0,,,
2018-06-03,HOU,BOS,3.0,9.0,,,
2018-06-03,ARI,FLA,6.0,1.0,,,
2018-06-03,ANA,TEX,3.0,1.0,,,
2018-06-03,MIN,CLE,7.0,5.0,,,
2018-06-03,SFG,PHI,6.0,1.0,,,
2018-06-03,STL,PIT,5.0,0.0,,,
2018-06-03,SDP,CIN,6.0,3.0,,,
2018-06-03,SEA,TBD,2.0,1.0,,,
2018-06-03,ATL,WSN,4.0,2.0,,,
2018-06-04,SDP,ATL,11.0,4.0,,,
2018-06-04,ANA,KCR,9.0,6.0,,,
2018-06-04,SFG,ARI,10.0,3.0,,,
2018-06-04,DET,NYY,4.0,7.0,,,
2018-06-05,BOS,DET,6.0,0.0,,,
2018-06-05,SDP,ATL,1.0,14.0,,,
2018-06-05,CLE,MIL,3.0,2.0,,,
2018-06-05,CIN,COL,6.0,9.0,,,
2018-06-05,CHC,PHI,1.0,6.0,,,
2018-06-05,ANA,KCR,1.0,0.0,,,
2018-06-05,HOU,SEA,1.0,7.0,,,
2018-06-05,MIN,CHW,4.0,2.0,,,
2018-06-05,NYM,BAL,1.0,2.0,,,
2018-06-05,PIT,LAD,0.0,5.0,,,
2018-06-05,TEX,OAK,7.0,4.0,,,
2018-06-05,SFG,ARI,2.0,3.0,,,
2018-06-05,TOR,NYY,2.0,7.0,,,
2018-06-05,STL,FLA,4.0,7.0,,,
2018-06-05,WSN,TBD,4.0,2.0,,,
2018-06-06,SDP,ATL,3.0,1.0,,,
2018-06-06,CLE,MIL,3.0,1.0,,,
2018-06-06,CIN,COL,3.0,6.0,,,
2018-06-06,CHC,PHI,7.0,5.0,,,
2018-06-06,BOS,DET,7.0,1.0,,,
2018-06-06,ANA,KCR,4.0,3.0,,,
2018-06-06,MIN,CHW,2.0,5.0,,,
2018-06-06,NYM,BAL,0.0,1.0,,,
2018-06-06,PIT,LAD,11.0,9.0,,,
2018-06-06,WSN,TBD,11.0,2.0,,,
2018-06-06,SFG,ARI,5.0,4.0,,,
2018-06-06,STL,FLA,3.0,11.0,,,
2018-06-06,TEX,OAK,8.0,2.0,,,
2018-06-06,TOR,NYY,0.0,3.0,,,
2018-06-06,HOU,SEA,7.0,5.0,,,
2018-06-07,CHC,PHI,4.0,3.0,,,
2018-06-07,STL,FLA,4.0,1.0,,,
2018-06-07,BOS,DET,2.0,7.0,,,
2018-06-07,CIN,COL,7.0,5.0,,,
2018-06-07,MIN,CHW,7.0,2.0,,,
2018-06-07,OAK,KCR,4.0,1.0,,,
2018-06-07,PIT,LAD,7.0,8.0,,,
2018-06-07,TBD,SEA,4.0,5.0,,,
2018-06-07,TEX,HOU,2.0,5.0,,,
2018-06-07,TOR,BAL,5.0,4.0,,,
2018-06-08,DET,CLE,1.0,4.0,,,
2018-06-08,BOS,CHW,0.0,1.0,,,
2018-06-08,COL,ARI,4.0,9.0,,,
2018-06-08,CIN,STL,6.0,7.0,,,
2018-06-08,OAK,KCR,7.0,2.0,,,
2018-06-08,FLA,SDP,4.0,0.0,,,
2018-06-08,CHC,PIT,3.0,1.0,,,
2018-06-08,MIN,ANA,2.0,4.0,,,
2018-06-08,NYM,NYY,1.0,4.0,,,
2018-06-08,PHI,MIL,4.0,12.0,,,
2018-06-08,TEX,HOU,3.0,7.0,,,
2018-06-08,TOR,BAL,5.0,1.0,,,
2018-06-08,WSN,SFG,5.0,9.0,,,
2018-06-08,TBD,SEA,3.0,4.0,,,
2018-06-08,LAD,ATL,7.0,3.0,,,
2018-06-09,DET,CLE,4.0,2.0,,,
2018-06-09,BOS,CHW,4.0,2.0,,,
2018-06-09,CHC,PIT,2.0,0.0,,,
2018-06-09,CIN,STL,4.0,6.0,,,
2018-06-09,COL,ARI,7.0,12.0,,,
2018-06-09,FLA,SDP,4.0,5.0,,,
2018-06-09,LAD,ATL,3.0,5.0,,,
2018-06-09,MIN,ANA,1.0,2.0,,,
2018-06-09,NYM,NYY,3.0,4.0,,,
2018-06-09,OAK,KCR,0.0,2.0,,,
2018-06-09,PHI,MIL,3.0,12.0,,,
2018-06-09,TBD,SEA,7.0,3.0,,,
2018-06-09,TEX,HOU,3.0,4.0,,,
2018-06-09,WSN,SFG,7.0,5.0,,,
2018-06-09,TOR,BAL,4.0,3.0,,,
2018-06-10,PHI,MIL,4.0,3.0,,,
2018-06-10,BOS,CHW,2.0,5.0,,,
2018-06-10,CIN,STL,6.0,3.0,,,
2018-06-10,COL,ARI,3.0,8.0,,,
2018-06-10,DET,CLE,2.0,9.0,,,
2018-06-10,FLA,SDP,1.0,3.0,,,
2018-06-10,NYM,NYY,2.0,0.0,,,
2018-06-10,MIN,ANA,7.0,5.0,,,
2018-06-10,OAK,KCR,3.0,2.0,,,
2018-06-10,CHC,PIT,1.0,7.0,,,
2018-06-10,TBD,SEA,4.0,5.0,,,
2018-06-10,TEX,HOU,7.0,8.0,,,
2018-06-10,TOR,BAL,13.0,3.0,,,
2018-06-10,WSN,SFG,0.0,2.0,,,
2018-06-10,LAD,ATL,7.0,2.0,,,
2018-06-11,BAL,BOS,0.0,2.0,,,
2018-06-11,ARI,PIT,9.0,5.0,,,
2018-06-11,CHW,CLE,0.0,4.0,,,
2018-06-11,MIL,CHC,2.0,7.0,,,
2018-06-11,FLA,SFG,7.0,5.0,,,
2018-06-11,TBD,TOR,8.0,4.0,,,
2018-06-11,SEA,ANA,5.0,3.0,,,
2018-06-11,STL,SDP,5.0,2.0,,,
2018-06-12,OAK,HOU,3.0,6.0,,,
2018-06-12,ATL,NYM,8.0,2.0,,,
2018-06-12,BAL,BOS,4.0,6.0,,,
2018-06-12,CHW,CLE,5.0,1.0,,,
2018-06-12,FLA,SFG,3.0,1.0,,,
2018-06-12,KCR,CIN,1.0,5.0,,,
2018-06-12,DET,MIN,4.0,6.0,,,
2018-06-12,MIL,CHC,4.0,0.0,,,
2018-06-12,NYY,WSN,3.0,0.0,,,
2018-06-12,SEA,ANA,6.0,3.0,,,
2018-06-12,PHI,COL,5.0,4.0,,,
2018-06-12,STL,SDP,2.0,4.0,,,
2018-06-12,TBD,TOR,4.0,1.0,,,
2018-06-12,ARI,PIT,13.0,8.0,,,
2018-06-12,LAD,TEX,12.0,5.0,,,
2018-06-13,DET,MIN,5.0,2.0,,,
2018-06-13,OAK,HOU,5.0,13.0,,,
2018-06-13,ARI,PIT,4.0,5.0,,,
2018-06-13,ATL,NYM,2.0,0.0,,,
2018-06-13,BAL,BOS,1.0,5.0,,,
2018-06-13,FLA,SFG,5.0,4.0,,,
2018-06-13,LAD,TEX,3.0,2.0,,,
2018-06-13,MIL,CHC,1.0,0.0,,,
2018-06-13,NYY,WSN,4.0,5.0,,,
2018-06-13,CHW,CLE,3.0,2.0,,,
2018-06-13,PHI,COL,2.0,7.0,,,
2018-06-13,STL,SDP,2.0,4.0,,,
2018-06-13,TBD,TOR,1.0,0.0,,,
2018-06-13,SEA,ANA,8.0,6.0,,,
2018-06-13,KCR,CIN,0.0,7.0,,,
2018-06-14,CHW,CLE,2.0,5.0,,,
2018-06-14,NYY,TBD,4.0,3.0,,,
2018-06-14,FLA,SFG,3.0,6.0,,,
2018-06-14,DET,MIN,3.0,1.0,,,
2018-06-14,OAK,HOU,3.0,7.0,,,
2018-06-14,ARI,NYM,6.0,3.0,,,
2018-06-14,PHI,COL,9.0,3.0,,,
2018-06-14,SEA,BOS,1.0,2.0,,,
2018-06-14,ATL,SDP,4.0,2.0,,,
2018-06-15,BAL,FLA,0.0,2.0,,,
2018-06-15,CLE,MIN,3.0,6.0,,,
2018-06-15,ARI,NYM,7.0,3.0,,,
2018-06-15,OAK,ANA,4.0,8.0,,,
2018-06-15,ATL,SDP,3.0,9.0,,,
2018-06-15,KCR,HOU,3.0,7.0,,,
2018-06-15,CHW,DET,3.0,4.0,,,
2018-06-15,MIL,PHI,13.0,2.0,,,
2018-06-15,NYY,TBD,5.0,0.0,,,
2018-06-15,SEA,BOS,7.0,6.0,,,
2018-06-15,PIT,CIN,3.0,2.0,,,
2018-06-15,STL,CHC,5.0,13.0,,,
2018-06-15,TEX,COL,5.0,9.0,,,
2018-06-15,LAD,SFG,3.0,2.0,,,
2018-06-15,TOR,WSN,6.0,5.0,,,
2018-06-16,PIT,CIN,6.0,2.0,,,
2018-06-16,ARI,NYM,1.0,5.0,,,
2018-06-16,ATL,SDP,1.0,0.0,,,
2018-06-16,BAL,FLA,4.0,5.0,,,
2018-06-16,CHW,DET,5.0,7.0,,,
2018-06-16,KCR,HOU,2.0,10.0,,,
2018-06-16,LAD,SFG,3.0,1.0,,,
2018-06-16,MIL,PHI,1.0,4.0,,,
2018-06-16,NYY,TBD,4.0,1.0,,,
2018-06-16,OAK,ANA,6.0,4.0,,,
2018-06-16,CLE,MIN,3.0,9.0,,,
2018-06-16,SEA,BOS,1.0,0.0,,,
2018-06-16,TEX,COL,5.0,2.0,,,
2018-06-16,TOR,WSN,2.0,0.0,,,
2018-06-16,STL,CHC,3.0,6.0,,,
2018-06-17,ATL,SDP,4.0,1.0,,,
2018-06-17,BAL,FLA,10.0,4.0,,,
2018-06-17,CHW,DET,1.0,3.0,,,
2018-06-17,CLE,MIN,4.0,1.0,,,
2018-06-17,KCR,HOU,4.0,7.0,,,
2018-06-17,PIT,CIN,6.0,8.0,,,
2018-06-17,OAK,ANA,6.0,5.0,,,
2018-06-17,MIL,PHI,9.0,10.0,,,
2018-06-17,ARI,NYM,3.0,5.0,,,
2018-06-17,NYY,TBD,1.0,3.0,,,
2018-06-17,SEA,BOS,3.0,9.0,,,
2018-06-17,TEX,COL,13.0,12.0,,,
2018-06-17,TOR,WSN,8.0,6.0,,,
2018-06-17,STL,CHC,5.0,0.0,,,
2018-06-17,LAD,SFG,1.0,4.0,,,
2018-06-18,ANA,ARI,4.0,7.0,,,
2018-06-18,CLE,CHW,6.0,2.0,,,
2018-06-18,COL,NYM,2.0,12.0,,,
2018-06-18,HOU,TBD,5.0,4.0,,,
2018-06-18,PHI,STL,6.0,5.0,,,
2018-06-18,PIT,MIL,1.0,0.0,,,
2018-06-18,SFG,FLA,4.0,5.0,,,
2018-06-18,WSN,NYY,2.0,4.0,,,
2018-06-18,KCR,TEX,3.0,6.0,,,
2018-06-19,PHI,STL,6.0,7.0,,,
2018-06-19,CLE,CHW,6.0,3.0,,,
2018-06-19,ANA,ARI,5.0,4.0,,,
2018-06-19,CHC,LAD,3.0,4.0,,,
2018-06-19,CIN,DET,9.0,5.0,,,
2018-06-19,HOU,TBD,1.0,2.0,,,
2018-06-19,SFG,FLA,6.0,3.0,,,
2018-06-19,MIN,BOS,6.0,2.0,,,
2018-06-19,NYY,SEA,7.0,2.0,,,
2018-06-19,COL,NYM,10.0,8.0,,,
2018-06-19,PIT,MIL,2.0,3.0,,,
2018-06-19,SDP,OAK,2.0,4.0,,,
2018-06-19,TOR,ATL,4.0,11.0,,,
2018-06-19,WSN,BAL,9.0,7.0,,,
2018-06-19,KCR,TEX,1.0,4.0,,,
2018-06-20,CHC,LAD,4.0,0.0,,,
2018-06-20,CIN,DET,5.0,3.0,,,
2018-06-20,SDP,OAK,4.0,12.0,,,
2018-06-20,COL,NYM,10.0,8.0,,,
2018-06-20,HOU,TBD,5.0,1.0,,,
2018-06-20,NYY,SEA,7.0,5.0,,,
2018-06-20,MIN,BOS,4.0,1.0,,,
2018-06-20,PHI,STL,4.0,3.0,,,
2018-06-20,CLE,CHW,12.0,0.0,,,
2018-06-20,SFG,FLA,6.0,5.0,,,
2018-06-20,WSN,BAL,0.0,3.0,,,
2018-06-20,TOR,ATL,5.0,4.0,,,
2018-06-20,KCR,TEX,2.0,3.0,,,
2018-06-21,ANA,TOR,8.0,5.0,,,
2018-06-21,PIT,ARI,3.0,9.0,,,
2018-06-21,COL,NYM,6.0,4.0,,,
2018-06-21,CIN,CHC,6.0,2.0,,,
2018-06-21,MIN,BOS,2.0,9.0,,,
2018-06-21,NYY,SEA,4.0,3.0,,,
2018-06-21,SFG,SDP,3.0,0.0,,,
2018-06-21,WSN,BAL,4.0,2.0,,,
2018-06-21,MIL,STL,11.0,3.0,,,
2018-06-22,CIN,CHC,6.0,3.0,,,
2018-06-22,MIN,TEX,1.0,8.0,,,
2018-06-22,ANA,TOR,2.0,1.0,,,
2018-06-22,ATL,BAL,7.0,10.0,,,
2018-06-22,BOS,SEA,14.0,10.0,,,
2018-06-22,CHW,OAK,2.0,11.0,,,
2018-06-22,HOU,KCR,0.0,1.0,,,
2018-06-22,MIL,STL,2.0,1.0,,,
2018-06-22,CLE,DET,10.0,0.0,,,
2018-06-22,NYM,LAD,2.0,5.0,,,
2018-06-22,SFG,SDP,2.0,6.0,,,
2018-06-22,TBD,NYY,2.0,1.0,,,
2018-06-22,WSN,PHI,2.0,12.0,,,
2018-06-22,PIT,ARI,1.0,2.0,,,
2018-06-22,COL,FLA,11.0,3.0,,,
2018-06-23,BOS,SEA,2.0,7.0,,,
2018-06-23,MIN,TEX,6.0,9.0,,,
2018-06-23,CIN,CHC,11.0,2.0,,,
2018-06-23,ANA,TOR,1.0,4.0,,,
2018-06-23,ATL,BAL,5.0,7.0,,,
2018-06-23,CLE,DET,4.0,1.0,,,
2018-06-23,CHW,OAK,6.0,7.0,,,
2018-06-23,HOU,KCR,4.0,3.0,,,
2018-06-23,WSN,PHI,3.0,5.0,,,
2018-06-23,TBD,NYY,4.0,0.0,,,
2018-06-23,NYM,LAD,3.0,8.0,,,
2018-06-23,COL,FLA,2.0,6.0,,,
2018-06-23,MIL,STL,2.0,3.0,,,
2018-06-23,SFG,SDP,5.0,3.0,,,
2018-06-23,PIT,ARI,2.0,7.0,,,
2018-06-24,NYM,LAD,7.0,8.0,,,
2018-06-24,ANA,TOR,6.0,7.0,,,
2018-06-24,ATL,BAL,7.0,3.0,,,
2018-06-24,BOS,SEA,5.0,0.0,,,
2018-06-24,CIN,CHC,8.0,6.0,,,
2018-06-24,CLE,DET,12.0,2.0,,,
2018-06-24,CHW,OAK,10.0,3.0,,,
2018-06-24,HOU,KCR,11.0,3.0,,,
2018-06-24,MIL,STL,2.0,8.0,,,
2018-06-24,MIN,TEX,2.0,0.0,,,
2018-06-24,PIT,ARI,0.0,3.0,,,
2018-06-24,SFG,SDP,3.0,2.0,,,
2018-06-24,TBD,NYY,7.0,6.0,,,
2018-06-24,WSN,PHI,8.0,6.0,,,
2018-06-24,COL,FLA,5.0,8.0,,,
2018-06-25,PHI,NYY,2.0,4.0,,,
2018-06-25,ATL,CIN,5.0,4.0,,,
2018-06-25,DET,OAK,4.0,5.0,,,
2018-06-25,FLA,ARI,9.0,5.0,,,
2018-06-25,HOU,TOR,3.0,6.0,,,
2018-06-25,KCR,ANA,2.0,0.0,,,
2018-06-25,NYM,PIT,4.0,6.0,,,
2018-06-25,BAL,SEA,3.0,5.0,,,
2018-06-25,STL,CLE,4.0,0.0,,,
2018-06-25,TEX,SDP,7.0,4.0,,,
2018-06-25,TBD,WSN,11.0,0.0,,,
2018-06-25,LAD,CHC,2.0,1.0,,,
2018-06-26,FLA,ARI,3.0,5.0,,,
2018-06-26,PHI,NYY,0.0,6.0,,,
2018-06-26,DET,OAK,7.0,9.0,,,
2018-06-26,CHW,MIN,8.0,4.0,,,
2018-06-26,BAL,SEA,2.0,3.0,,,
2018-06-26,HOU,TOR,7.0,0.0,,,
2018-06-26,ATL,CIN,3.0,5.0,,,
2018-06-26,MIL,KCR,5.0,1.0,,,
2018-06-26,NYM,PIT,4.0,3.0,,,
2018-06-26,BOS,ANA,9.0,1.0,,,
2018-06-26,SFG,COL,3.0,2.0,,,
2018-06-26,TEX,SDP,2.0,3.0,,,
2018-06-26,STL,CLE,11.0,2.0,,,
2018-06-26,TBD,WSN,1.0,0.0,,,
2018-06-26,LAD,CHC,4.0,9.0,,,
2018-06-27,CHW,MIN,6.0,1.0,,,
2018-06-27,NYM,PIT,3.0,5.0,,,
2018-06-27,ATL,CIN,5.0,6.0,,,
2018-06-27,BAL,SEA,7.0,8.0,,,
2018-06-27,BOS,ANA,9.0,6.0,,,
2018-06-27,DET,OAK,0.0,3.0,,,
2018-06-27,TEX,SDP,5.0,2.0,,,
2018-06-27,HOU,TOR,7.0,6.0,,,
2018-06-27,LAD,CHC,7.0,5.0,,,
2018-06-27,MIL,KCR,4.0,5.0,,,
2018-06-27,PHI,NYY,3.0,0.0,,,
2018-06-27,SFG,COL,1.0,0.0,,,
2018-06-27,FLA,ARI,1.0,2.0,,,
2018-06-27,STL,CLE,1.0,5.0,,,
2018-06-28,PHI,WSN,4.0,3.0,,,
2018-06-28,BOS,ANA,4.0,2.0,,,
2018-06-28,CHW,MIN,1.0,2.0,,,
2018-06-28,CIN,MIL,4.0,6.0,,,
2018-06-28,FLA,ARI,0.0,4.0,,,
2018-06-28,LAD,CHC,5.0,11.0,,,
2018-06-28,BAL,SEA,2.0,4.0,,,
2018-06-28,SFG,COL,8.0,9.0,,,
2018-06-28,TBD,HOU,0.0,1.0,,,
2018-06-28,DET,OAK,2.0,4.0,,,
2018-06-29,ARI,SFG,1.0,2.0,7.0,-133.0,120.0
2018-06-29,SEA,KCR,4.0,1.0,8.0,-210.0,188.0
2018-06-29,LAD,COL,1.0,3.0,8.0,-164.0,148.0
2018-06-29,CIN,MIL,2.0,8.0,10.0,-109.0,-101.0
2018-06-29,BAL,ANA,1.0,7.0,10.0,137.0,-152.0
2018-06-29,NYY,BOS,8.0,1.0,10.0,-120.0,110.0
2018-06-29,CHC,MIN,10.0,6.0,9.5,-129.0,117.0
2018-06-29,PHI,WSN,7.0,17.0,9.0,-108.0,-102.0
2018-06-29,SDP,PIT,3.0,6.0,7.5,-101.0,-109.0
2018-06-29,TBD,HOU,3.0,2.0,7.0,165.0,-185.0
2018-06-29,FLA,NYM,8.0,2.0,8.5,-108.0,-102.0
2018-06-29,STL,ATL,1.0,5.0,8.5,-136.0,123.0
2018-06-29,TEX,CHW,11.0,3.0,10.5,-147.0,132.0
2018-06-29,TOR,DET,3.0,2.0,9.0,-206.0,184.0
2018-06-29,OAK,CLE,3.0,1.0,8.5,163.0,-182.0
2018-06-30,SEA,KCR,6.0,4.0,8.5,-210.0,188.0
2018-06-30,ARI,SFG,0.0,7.0,8.5,-121.0,110.0
2018-06-30,BAL,ANA,2.0,6.0,9.5,140.0,-155.0
2018-06-30,CHC,MIN,14.0,9.0,11.0,-140.0,130.0
2018-06-30,CIN,MIL,12.0,3.0,9.5,-132.0,122.0
2018-06-30,FLA,NYM,5.0,2.0,7.0,151.0,-168.0
2018-06-30,LAD,COL,1.0,3.0,8.0,-172.0,157.0
2018-06-30,OAK,CLE,7.0,2.0,9.5,113.0,-124.0
2018-06-30,SDP,PIT,4.0,3.0,7.5,-132.0,122.0
2018-06-30,PHI,WSN,3.0,2.0,9.5,100.0,-110.0
2018-06-30,STL,ATL,4.0,11.0,8.5,-133.0,123.0
2018-06-30,TBD,HOU,5.0,2.0,7.0,149.0,-164.0
2018-06-30,TEX,CHW,13.0,4.0,10.0,-122.0,111.0
2018-06-30,TOR,DET,4.0,3.0,9.0,-170.0,150.0
2018-06-30,NYY,BOS,0.0,11.0,8.5,140.0,-155.0
2018-07-01,SEA,KCR,1.0,0.0,7.5,-280.0,247.0
2018-07-01,PHI,WSN,4.0,3.0,9.0,125.0,-135.0
2018-07-01,OAK,CLE,3.0,15.0,9.0,133.0,-143.0
2018-07-01,NYY,BOS,11.0,1.0,8.5,-187.0,172.0
2018-07-01,BAL,ANA,8.0,2.0,10.0,-113.0,103.0
2018-07-01,FLA,NYM,2.0,5.0,8.0,101.0,-111.0
2018-07-01,TEX,CHW,5.0,10.0,10.5,-165.0,149.0
2018-07-01,CHC,MIN,11.0,10.0,12.0,-180.0,162.0
2018-07-01,ARI,SFG,6.0,9.0,8.0,-130.0,120.0
2018-07-01,SDP,PIT,5.0,7.0,7.5,106.0,-116.0
2018-07-01,LAD,COL,6.0,4.0,8.5,-228.0,203.0
2018-07-01,STL,ATL,5.0,6.0,8.5,104.0,-114.0
2018-07-01,TOR,DET,1.0,9.0,9.0,-202.0,181.0
2018-07-01,CIN,MIL,8.0,2.0,9.0,115.0,-125.0
2018-07-01,TBD,HOU,3.0,2.0,7.0,135.0,-149.0
2018-07-02,KCR,CLE,3.0,9.0,8.5,247.0,-280.0
2018-07-02,LAD,PIT,17.0,1.0,8.0,-220.0,196.0
2018-07-02,MIL,MIN,6.0,5.0,8.0,-118.0,108.0
2018-07-02,NYY,ATL,3.0,5.0,9.5,-209.0,187.0
2018-07-02,TOR,DET,2.0,3.0,9.5,-140.0,126.0
2018-07-02,WSN,BOS,3.0,4.0,8.0,-177.0,159.0
2018-07-02,COL,SFG,5.0,2.0,11.5,-105.0,-105.0
2018-07-02,ARI,STL,3.0,6.0,8.0,-140.0,125.0
2018-07-02,CIN,CHW,5.0,3.0,9.0,-210.0,188.0
2018-07-02,FLA,TBD,3.0,2.0,7.5,119.0,-129.0
2018-07-03,PHI,BAL,3.0,2.0,9.0,-166.0,149.0
2018-07-03,CHC,DET,5.0,3.0,8.5,-200.0,179.0
2018-07-03,CIN,CHW,8.0,12.0,9.5,-210.0,188.0
2018-07-03,COL,SFG,8.0,1.0,12.5,-138.0,125.0
2018-07-03,FLA,TBD,6.0,9.0,7.5,-101.0,-109.0
2018-07-03,KCR,CLE,4.0,6.0,9.5,159.0,-174.0
2018-07-03,TOR,NYM,8.0,6.0,9.0,-118.0,108.0
2018-07-03,MIL,MIN,2.0,0.0,8.5,-138.0,125.0
2018-07-03,NYY,ATL,8.0,5.0,9.0,-150.0,135.0
2018-07-03,OAK,SDP,6.0,2.0,8.0,-129.0,117.0
2018-07-03,TEX,HOU,3.0,5.0,10.5,155.0,-170.0
2018-07-03,SEA,ANA,4.0,1.0,8.5,-111.0,101.0
2018-07-03,WSN,BOS,4.0,11.0,9.5,-117.0,107.0
2018-07-03,ARI,STL,4.0,2.0,7.5,-138.0,125.0
2018-07-03,LAD,PIT,8.0,3.0,7.5,-250.0,222.0
2018-07-04,PHI,BAL,4.0,1.0,8.5,-208.0,188.0
2018-07-04,KCR,CLE,2.0,3.0,9.0,234.0,-265.0
2018-07-04,COL,SFG,1.0,0.0,10.5,-130.0,120.0
2018-07-04,CIN,CHW,7.0,4.0,10.0,-180.0,162.0
2018-07-04,LAD,PIT,6.0,4.0,8.5,-230.0,190.0
2018-07-04,FLA,TBD,3.0,0.0,7.5,129.0,-144.0
2018-07-04,ARI,STL,4.0,8.0,7.5,-124.0,114.0
2018-07-04,MIL,MIN,3.0,2.0,8.5,-110.0,100.0
2018-07-04,TEX,HOU,4.0,5.0,9.5,155.0,-175.0
2018-07-04,WSN,BOS,0.0,3.0,9.0,122.0,-135.0
2018-07-04,CHC,DET,5.0,2.0,9.0,-225.0,201.0
2018-07-04,SEA,ANA,4.0,7.0,8.5,-102.0,-108.0
2018-07-04,NYY,ATL,6.0,2.0,9.5,-205.0,183.0
2018-07-04,TOR,NYM,3.0,6.0,9.5,-176.0,161.0
2018-07-04,OAK,SDP,4.0,2.0,8.5,-166.0,151.0
2018-07-05,SEA,ANA,4.0,1.0,9.0,-128.0,118.0
2018-07-05,DET,TEX,5.0,7.0,9.0,-108.0,-102.0
2018-07-05,ARI,SDP,3.0,6.0,8.5,-162.0,146.0
2018-07-05,MIL,ATL,7.0,2.0,8.5,103.0,-113.0
2018-07-05,MIN,BAL,5.0,2.0,10.0,-140.0,125.0
2018-07-05,SFG,STL,2.0,11.0,7.5,-126.0,114.0
2018-07-05,WSN,FLA,14.0,12.0,9.0,-195.0,175.0
2018-07-05,HOU,CHW,4.0,3.0,7.5,-330.0,270.0
2018-07-06,CHC,CIN,2.0,3.0,7.5,-153.0,143.0
2018-07-06,PIT,PHI,5.0,17.0,8.0,-104.0,-106.0
2018-07-06,HOU,CHW,11.0,4.0,8.5,-285.0,251.0
2018-07-06,DET,TEX,3.0,1.0,9.0,105.0,-115.0
2018-07-06,CLE,OAK,10.0,4.0,9.0,-210.0,188.0
2018-07-06,ARI,SDP,3.0,1.0,8.0,-147.0,133.0
2018-07-06,MIN,BAL,6.0,2.0,8.5,-145.0,131.0
2018-07-06,MIL,ATL,5.0,4.0,8.0,-130.0,120.0
2018-07-06,NYM,TBD,5.0,1.0,6.5,-163.0,147.0
2018-07-06,ANA,LAD,3.0,2.0,9.0,121.0,-134.0
2018-07-06,SEA,COL,1.0,7.0,8.0,-116.0,106.0
2018-07-06,TOR,NYY,6.0,2.0,9.5,135.0,-150.0
2018-07-06,WSN,FLA,3.0,2.0,9.0,-224.0,204.0
2018-07-06,SFG,STL,3.0,2.0,8.5,-125.0,115.0
2018-07-06,KCR,BOS,5.0,10.0,8.5,330.0,-435.0
2018-07-07,CLE,OAK,3.0,6.0,9.0,-254.0,229.0
2018-07-07,NYM,TBD,0.0,3.0,7.0,116.0,-126.0
2018-07-07,ANA,LAD,1.0,3.0,10.0,138.0,-153.0
2018-07-07,ARI,SDP,20.0,5.0,8.5,-185.0,170.0
2018-07-07,CHC,CIN,8.0,7.0,9.5,-148.0,133.0
2018-07-07,DET,TEX,7.0,2.0,9.0,116.0,-128.0
2018-07-07,MIN,BAL,5.0,4.0,8.5,-148.0,134.0
2018-07-07,KCR,BOS,4.0,15.0,9.5,176.0,-197.0
2018-07-07,MIL,ATL,1.0,5.0,9.5,-105.0,-105.0
2018-07-07,WSN,FLA,18.0,4.0,7.5,-350.0,304.0
2018-07-07,PIT,PHI,2.0,3.0,8.0,-135.0,122.0
2018-07-07,SEA,COL,1.0,5.0,7.5,-215.0,195.0
2018-07-07,SFG,STL,2.0,3.0,8.5,114.0,-124.0
2018-07-07,TOR,NYY,5.0,8.0,7.5,189.0,-209.0
2018-07-07,HOU,CHW,12.0,6.0,8.0,-360.0,325.0
2018-07-08,ANA,LAD,4.0,3.0,9.0,103.0,-113.0
2018-07-08,MIL,ATL,10.0,3.0,8.5,-121.0,110.0
2018-07-08,KCR,BOS,4.0,7.0,9.5,201.0,-225.0
2018-07-08,NYM,TBD,0.0,9.0,8.0,112.0,-123.0
2018-07-08,ARI,SDP,3.0,4.0,7.5,-205.0,183.0
2018-07-08,CHC,CIN,6.0,5.0,8.5,-156.0,141.0
2018-07-08,DET,TEX,0.0,3.0,9.0,-113.0,103.0
2018-07-08,HOU,CHW,2.0,1.0,9.0,-330.0,270.0
2018-07-08,MIN,BAL,10.0,1.0,9.5,-148.0,133.0
2018-07-08,SFG,STL,13.0,8.0,7.5,-117.0,107.0
2018-07-08,PIT,PHI,4.0,1.0,9.5,-166.0,151.0
2018-07-08,TOR,NYY,1.0,2.0,9.0,151.0,-168.0
2018-07-08,WSN,FLA,2.0,10.0,9.5,-176.0,166.0
2018-07-08,SEA,COL,6.0,4.0,8.5,-136.0,123.0
2018-07-08,CLE,OAK,0.0,6.0,9.5,-168.0,158.0
2018-07-09,HOU,OAK,0.0,2.0,8.0,-214.0,191.0
2018-07-09,SDP,LAD,2.0,8.0,8.0,213.0,-240.0
2018-07-09,FLA,MIL,4.0,3.0,8.0,126.0,-140.0
2018-07-09,MIN,KCR,3.0,1.0,8.5,-202.0,182.0
2018-07-09,BOS,TEX,5.0,0.0,10.0,-190.0,175.0
2018-07-09,PIT,WSN,6.0,3.0,9.5,-101.0,-109.0
2018-07-09,TBD,DET,10.0,9.0,7.5,-225.0,201.0
2018-07-09,SFG,CHC,2.0,1.0,8.0,-130.0,120.0
2018-07-09,BAL,NYY,5.0,4.0,10.0,200.0,-220.0
2018-07-09,CLE,CIN,5.0,7.0,9.5,-180.0,162.0
2018-07-09,NYM,PHI,4.0,3.0,8.5,105.0,-115.0
2018-07-10,BOS,TEX,8.0,4.0,11.5,-208.0,186.0
2018-07-10,NYM,PHI,3.0,7.0,9.0,100.0,-120.0
2018-07-10,ANA,SEA,9.0,3.0,8.5,-163.0,147.0
2018-07-10,ATL,TOR,2.0,6.0,8.5,-131.0,121.0
2018-07-10,BAL,NYY,6.0,5.0,9.5,211.0,-237.0
2018-07-10,CLE,CIN,4.0,7.0,9.0,-230.0,205.0
2018-07-10,CHW,STL,2.0,14.0,9.5,165.0,-183.0
2018-07-10,HOU,OAK,6.0,5.0,7.5,-226.0,201.0
2018-07-10,MIN,KCR,4.0,9.0,10.0,-168.0,151.0
2018-07-10,FLA,MIL,4.0,8.0,8.0,144.0,-159.0
2018-07-10,PIT,WSN,1.0,5.0,9.0,105.0,-125.0
2018-07-10,SFG,CHC,0.0,2.0,8.0,126.0,-140.0
2018-07-10,TBD,DET,5.0,2.0,7.5,-189.0,169.0
2018-07-10,SDP,LAD,4.0,1.0,8.0,144.0,-160.0
2018-07-10,COL,ARI,3.0,5.0,11.0,-105.0,-105.0
2018-07-11,ANA,SEA,0.0,3.0,9.0,-113.0,103.0
2018-07-11,ATL,TOR,9.0,5.0,8.5,-200.0,179.0
2018-07-11,BAL,NYY,0.0,9.0,9.0,156.0,-166.0
2018-07-11,BOS,TEX,4.0,2.0,8.5,-410.0,330.0
2018-07-11,CHW,STL,4.0,0.0,9.5,138.0,-153.0
2018-07-11,NYM,PHI,3.0,0.0,7.0,-146.0,131.0
2018-07-11,FLA,MIL,5.0,4.0,7.5,157.0,-175.0
2018-07-11,COL,ARI,19.0,2.0,12.5,-129.0,119.0
2018-07-11,HOU,OAK,3.0,8.0,8.5,-212.0,190.0
2018-07-11,MIN,KCR,8.0,5.0,9.5,-205.0,183.0
2018-07-11,SDP,LAD,2.0,4.0,7.5,133.0,-147.0
2018-07-11,SFG,CHC,5.0,4.0,8.0,-101.0,-109.0
2018-07-11,TBD,DET,4.0,2.0,7.5,-135.0,122.0
2018-07-11,PIT,WSN,2.0,0.0,9.0,129.0,-139.0
2018-07-11,CLE,CIN,19.0,4.0,9.0,-188.0,168.0
2018-07-12,ANA,SEA,11.0,2.0,7.5,-101.0,-109.0
2018-07-12,BAL,PHI,4.0,5.0,9.0,-105.0,-105.0
2018-07-12,BOS,TOR,6.0,4.0,9.0,-168.0,151.0
2018-07-12,CLE,NYY,4.0,7.0,7.5,112.0,-122.0
2018-07-12,COL,ARI,5.0,1.0,11.0,-110.0,100.0
2018-07-12,MIN,TBD,5.0,1.0,8.0,122.0,-132.0
2018-07-12,NYM,WSN,4.0,5.0,7.0,192.0,-215.0
2018-07-12,PIT,MIL,6.0,3.0,8.0,-117.0,107.0
2018-07-12,SDP,LAD,2.0,3.0,7.5,179.0,-200.0
2018-07-12,HOU,OAK,4.0,6.0,8.0,-210.0,188.0
2018-07-13,CHW,KCR,9.0,6.0,9.5,-115.0,105.0
2018-07-13,NYM,WSN,4.0,2.0,8.5,-130.0,120.0
2018-07-13,ATL,ARI,1.0,2.0,8.5,-148.0,133.0
2018-07-13,BAL,TEX,4.0,5.0,9.5,105.0,-115.0
2018-07-13,BOS,TOR,7.0,13.0,9.5,-220.0,196.0
2018-07-13,CLE,NYY,6.0,5.0,9.5,-105.0,-105.0
2018-07-13,SFG,OAK,7.0,1.0,8.0,-146.0,132.0
2018-07-13,HOU,DET,3.0,0.0,8.5,-260.0,230.0
2018-07-13,LAD,ANA,3.0,2.0,8.0,-162.0,152.0
2018-07-13,MIN,TBD,11.0,8.0,8.5,-105.0,-105.0
2018-07-13,COL,SEA,10.0,7.0,13.0,-136.0,123.0
2018-07-13,PIT,MIL,7.0,3.0,8.0,-112.0,102.0
2018-07-13,SDP,CHC,4.0,5.0,8.5,113.0,-124.0
2018-07-13,STL,CIN,1.0,9.0,9.0,-163.0,147.0
2018-07-13,FLA,PHI,0.0,2.0,7.5,109.0,-119.0
2018-07-14,BAL,TEX,1.0,0.0,10.5,-110.0,100.0
2018-07-14,BOS,TOR,6.0,2.0,9.5,-221.0,197.0
2018-07-14,CHW,KCR,0.0,5.0,9.0,-128.0,118.0
2018-07-14,CLE,NYY,4.0,5.0,9.0,100.0,-110.0
2018-07-14,COL,SEA,4.0,1.0,12.0,-176.0,161.0
2018-07-14,NYM,WSN,7.0,4.0,10.0,101.0,-111.0
2018-07-14,FLA,PHI,2.0,0.0,7.0,153.0,-170.0
2018-07-14,HOU,DET,9.0,1.0,7.0,-272.0,247.0
2018-07-14,LAD,ANA,4.0,5.0,8.0,-130.0,120.0
2018-07-14,MIN,TBD,6.0,19.0,8.0,-132.0,122.0
2018-07-14,ATL,ARI,0.0,3.0,8.0,100.0,-110.0
2018-07-14,PIT,MIL,2.0,1.0,8.5,-105.0,-105.0
2018-07-14,SDP,CHC,6.0,11.0,8.5,165.0,-185.0
2018-07-14,SFG,OAK,3.0,4.0,8.0,-115.0,105.0
2018-07-14,STL,CIN,2.0,8.0,9.0,-143.0,128.0
2018-07-15,ATL,ARI,5.0,1.0,8.0,115.0,-127.0
2018-07-15,BAL,TEX,6.0,5.0,9.5,110.0,-120.0
2018-07-15,BOS,TOR,5.0,2.0,10.0,-142.0,132.0
2018-07-15,CHW,KCR,10.0,1.0,9.5,-109.0,-101.0
2018-07-15,CLE,NYY,5.0,2.0,8.5,-132.0,122.0
2018-07-15,COL,SEA,4.0,3.0,11.0,-158.0,143.0
2018-07-15,SFG,OAK,2.0,6.0,7.5,-117.0,107.0
2018-07-15,HOU,DET,3.0,6.0,7.5,-400.0,344.0
2018-07-15,LAD,ANA,5.0,3.0,8.5,-237.0,211.0
2018-07-15,MIN,TBD,11.0,7.0,9.0,-109.0,-101.0
2018-07-15,NYM,WSN,1.0,6.0,9.0,129.0,-143.0
2018-07-15,PIT,MIL,7.0,6.0,7.5,-114.0,104.0
2018-07-15,SDP,CHC,4.0,7.0,8.0,128.0,-142.0
2018-07-15,STL,CIN,6.0,4.0,8.5,-152.0,137.0
2018-07-15,FLA,PHI,10.0,5.0,8.5,-103.0,-107.0
2018-07-19,CHC,STL,9.0,6.0,9.5,-152.0,137.0
2018-07-20,KCR,MIN,6.0,5.0,8.5,117.0,-127.0
2018-07-20,SEA,CHW,3.0,1.0,8.5,-202.0,182.0
2018-07-20,ANA,HOU,1.0,3.0,8.5,101.0,-111.0
2018-07-20,CIN,PIT,1.0,12.0,8.5,101.0,-111.0
2018-07-20,DET,BOS,0.0,1.0,9.0,183.0,-205.0
2018-07-20,MIL,LAD,4.0,6.0,9.0,121.0,-131.0
2018-07-20,ARI,COL,10.0,11.0,7.5,-137.0,124.0
2018-07-20,OAK,SFG,1.0,5.0,9.0,-132.0,122.0
2018-07-20,WSN,ATL,5.0,8.0,8.5,-182.0,167.0
2018-07-20,TOR,BAL,8.0,7.0,9.0,-151.0,136.0
2018-07-20,TEX,CLE,8.0,9.0,10.0,175.0,-190.0
2018-07-20,NYY,NYM,5.0,7.0,9.0,-177.0,167.0
2018-07-20,CHC,STL,5.0,18.0,10.5,-138.0,125.0
2018-07-20,PHI,SDP,11.0,5.0,8.0,-169.0,154.0
2018-07-20,TBD,FLA,5.0,6.0,7.5,-170.0,150.0
2018-07-21,OAK,SFG,4.0,3.0,7.5,-133.0,120.0
2018-07-21,DET,BOS,5.0,0.0,9.5,130.0,-140.0
2018-07-21,CIN,PIT,2.0,6.0,9.0,-113.0,103.0
2018-07-21,ANA,HOU,0.0,7.0,8.0,164.0,-183.0
2018-07-21,CHC,STL,3.0,6.0,8.5,-149.0,134.0
2018-07-21,NYY,NYM,7.0,6.0,9.5,-240.0,200.0
2018-07-21,ARI,COL,5.0,6.0,8.0,-145.0,130.0
2018-07-21,SEA,CHW,0.0,5.0,8.5,-197.0,176.0
2018-07-21,TEX,CLE,3.0,16.0,11.0,163.0,-178.0
2018-07-21,TOR,BAL,4.0,1.0,9.0,-185.0,166.0
2018-07-21,TBD,FLA,2.0,3.0,7.5,-145.0,131.0
2018-07-21,MIL,LAD,4.0,2.0,8.0,153.0,-168.0
2018-07-21,KCR,MIN,4.0,2.0,9.5,132.0,-146.0
2018-07-22,DET,BOS,1.0,9.0,8.0,272.0,-310.0
2018-07-22,PHI,SDP,5.0,0.0,9.0,-200.0,179.0
2018-07-22,ANA,HOU,14.0,5.0,8.5,113.0,-123.0
2018-07-22,ARI,COL,6.0,1.0,7.5,-172.0,155.0
2018-07-22,CHC,STL,7.0,2.0,8.0,-128.0,116.0
2018-07-22,CIN,PIT,2.0,9.0,9.5,-115.0,105.0
2018-07-22,KCR,MIN,5.0,3.0,9.5,127.0,-142.0
2018-07-22,OAK,SFG,6.0,5.0,8.5,-130.0,120.0
2018-07-22,SEA,CHW,8.0,2.0,8.5,-200.0,180.0
2018-07-22,TBD,FLA,6.0,4.0,7.5,-167.0,152.0
2018-07-22,TEX,CLE,5.0,0.0,11.5,148.0,-164.0
2018-07-22,TOR,BAL,5.0,4.0,8.5,-212.0,192.0
2018-07-22,WSN,ATL,6.0,2.0,7.5,-200.0,179.0
2018-07-22,MIL,LAD,2.0,11.0,8.5,114.0,-126.0
2018-07-23,CLE,PIT,0.0,7.0,8.5,-285.0,251.0
2018-07-23,CIN,STL,2.0,1.0,9.5,-115.0,105.0
2018-07-23,CHC,ARI,1.0,7.0,8.5,-110.0,100.0
2018-07-23,PHI,LAD,6.0,7.0,8.0,144.0,-160.0
2018-07-23,BAL,BOS,3.0,5.0,9.0,170.0,-185.0
2018-07-23,ANA,CHW,3.0,5.0,9.0,-227.0,180.0
2018-07-23,MIL,WSN,6.0,1.0,9.0,-101.0,-109.0
2018-07-23,NYM,SDP,2.0,3.0,6.5,-180.0,162.0
2018-07-23,KCR,DET,4.0,5.0,10.0,-103.0,-107.0
2018-07-23,TBD,NYY,7.0,6.0,7.0,247.0,-272.0
2018-07-23,TOR,MIN,3.0,8.0,9.5,-123.0,112.0
2018-07-23,TEX,OAK,3.0,15.0,10.5,-108.0,-102.0
2018-07-23,FLA,ATL,1.0,12.0,8.0,105.0,-115.0
2018-07-24,CLE,PIT,4.0,9.0,9.0,-178.0,163.0
2018-07-24,ANA,CHW,2.0,4.0,8.5,-185.0,166.0
2018-07-24,BAL,BOS,7.0,6.0,9.5,138.0,-153.0
2018-07-24,CHC,ARI,1.0,5.0,9.0,-163.0,147.0
2018-07-24,CIN,STL,2.0,4.0,10.5,113.0,-123.0
2018-07-24,COL,HOU,2.0,8.0,10.0,127.0,-141.0
2018-07-24,SEA,SFG,3.0,4.0,8.5,-123.0,112.0
2018-07-24,KCR,DET,5.0,4.0,9.0,-105.0,-105.0
2018-07-24,FLA,ATL,9.0,3.0,7.5,110.0,-121.0
2018-07-24,TEX,OAK,10.0,13.0,10.5,-107.0,-103.0
2018-07-24,TBD,NYY,0.0,4.0,7.5,172.0,-187.0
2018-07-24,TOR,MIN,0.0,5.0,8.5,105.0,-115.0
2018-07-24,NYM,SDP,6.0,3.0,7.5,-135.0,122.0
2018-07-24,MIL,WSN,5.0,4.0,9.5,-130.0,120.0
2018-07-24,PHI,LAD,7.0,4.0,8.0,-111.0,101.0
2018-07-25,TBD,NYY,3.0,2.0,8.0,129.0,-139.0
2018-07-25,TEX,OAK,5.0,6.0,11.5,118.0,-131.0
2018-07-25,TOR,MIN,6.0,12.0,9.5,101.0,-111.0
2018-07-25,SEA,SFG,3.0,2.0,8.5,-145.0,131.0
2018-07-25,ANA,CHW,11.0,3.0,8.5,-240.0,200.0
2018-07-25,CLE,PIT,4.0,0.0,8.0,-210.0,180.0
2018-07-25,CIN,STL,7.0,3.0,9.0,115.0,-141.0
2018-07-25,KCR,DET,4.0,8.0,8.5,-120.0,110.0
2018-07-25,MIL,WSN,3.0,7.0,9.5,-132.0,122.0
2018-07-25,NYM,SDP,6.0,4.0,8.0,-108.0,-102.0
2018-07-25,PHI,LAD,7.0,3.0,8.5,127.0,-137.0
2018-07-25,CHC,ARI,2.0,1.0,8.5,-107.0,-103.0
2018-07-25,COL,HOU,3.0,2.0,9.5,125.0,-138.0
2018-07-26,BOS,MIN,1.0,2.0,10.0,-165.0,145.0
2018-07-26,CIN,PHI,4.0,9.0,9.5,-119.0,109.0
2018-07-26,CHC,ARI,7.0,6.0,9.5,100.0,-110.0
2018-07-26,ATL,LAD,2.0,8.0,8.5,105.0,-115.0
2018-07-26,PIT,NYM,6.0,12.0,8.5,-143.0,129.0
2018-07-26,FLA,WSN,3.0,10.0,8.5,127.0,-140.0
2018-07-26,NYY,KCR,7.0,2.0,9.5,-275.0,243.0
2018-07-26,BAL,TBD,3.0,4.0,8.5,115.0,-125.0
2018-07-26,TEX,OAK,6.0,7.0,11.0,128.0,-143.0
2018-07-26,SFG,MIL,5.0,7.0,7.5,-113.0,103.0
2018-07-26,ANA,CHW,12.0,8.0,9.5,-187.0,172.0
2018-07-27,HOU,TEX,2.0,11.0,8.5,-265.0,245.0
2018-07-27,ANA,SEA,4.0,3.0,8.5,-137.0,124.0
2018-07-27,ATL,LAD,1.0,4.0,8.0,141.0,-157.0
2018-07-27,BAL,TBD,15.0,5.0,8.0,140.0,-150.0
2018-07-27,BOS,MIN,4.0,3.0,9.0,-385.0,333.0
2018-07-27,CHW,TOR,5.0,10.0,9.0,111.0,-121.0
2018-07-27,COL,OAK,3.0,1.0,11.0,-115.0,105.0
2018-07-27,DET,CLE,3.0,8.0,8.5,222.0,-250.0
2018-07-27,FLA,WSN,1.0,9.0,7.5,209.0,-235.0
2018-07-27,SDP,ARI,2.0,6.0,7.5,161.0,-176.0
2018-07-27,PIT,NYM,5.0,4.0,9.0,-133.0,123.0
2018-07-27,SFG,MIL,1.0,3.0,7.0,-122.0,112.0
2018-07-27,STL,CHC,5.0,2.0,9.0,-130.0,120.0
2018-07-27,CIN,PHI,6.0,4.0,9.0,101.0,-111.0
2018-07-28,FLA,WSN,2.0,1.0,8.5,140.0,-155.0
2018-07-28,COL,OAK,4.0,1.0,11.5,-117.0,107.0
2018-07-28,CIN,PHI,6.0,2.0,9.5,116.0,-128.0
2018-07-28,CHW,TOR,9.0,5.0,10.0,135.0,-145.0
2018-07-28,BAL,TBD,11.0,2.0,8.5,105.0,-115.0
2018-07-28,BOS,MIN,10.0,4.0,10.5,-198.0,177.0
2018-07-28,ANA,SEA,11.0,5.0,9.0,-123.0,113.0
2018-07-28,ATL,LAD,1.0,5.0,8.5,116.0,-128.0
2018-07-28,STL,CHC,6.0,2.0,8.5,-122.0,112.0
2018-07-28,SFG,MIL,1.0,7.0,7.5,109.0,-119.0
2018-07-28,NYY,KCR,5.0,10.0,8.5,-420.0,360.0
2018-07-28,SDP,ARI,4.0,9.0,7.5,148.0,-158.0
2018-07-28,DET,CLE,2.0,1.0,8.5,173.0,-193.0
2018-07-28,PIT,NYM,5.0,0.0,7.5,112.0,-124.0
2018-07-28,HOU,TEX,3.0,7.0,8.5,-300.0,264.0
2018-07-29,CHW,TOR,4.0,7.0,9.0,-121.0,111.0
2018-07-29,CIN,PHI,4.0,0.0,9.0,-115.0,105.0
2018-07-29,COL,OAK,3.0,2.0,11.5,-143.0,128.0
2018-07-29,DET,CLE,1.0,8.0,8.5,209.0,-235.0
2018-07-29,FLA,WSN,5.0,0.0,8.5,135.0,-150.0
2018-07-29,PIT,NYM,0.0,1.0,7.5,-138.0,125.0
2018-07-29,HOU,TEX,3.0,4.0,8.5,-215.0,192.0
2018-07-29,ATL,LAD,4.0,1.0,8.5,130.0,-145.0
2018-07-29,SDP,ARI,4.0,5.0,8.0,110.0,-130.0
2018-07-29,SFG,MIL,8.0,5.0,7.5,-110.0,-110.0
2018-07-29,STL,CHC,2.0,5.0,8.5,112.0,-123.0
2018-07-29,ANA,SEA,5.0,8.0,9.0,-114.0,104.0
2018-07-29,BAL,TBD,11.0,5.0,8.5,101.0,-111.0
2018-07-29,BOS,MIN,3.0,0.0,9.5,-163.0,147.0
2018-07-29,NYY,KCR,6.0,3.0,9.0,-325.0,284.0
2018-07-30,SDP,SFG,3.0,5.0,8.0,-110.0,100.0
2018-07-30,ARI,TEX,5.0,9.0,8.5,-203.0,182.0
2018-07-30,BOS,PHI,2.0,1.0,9.0,-151.0,136.0
2018-07-30,ATL,FLA,5.0,3.0,9.0,-170.0,150.0
2018-07-30,OAK,TOR,10.0,1.0,8.5,-133.0,123.0
2018-07-30,LAD,MIL,2.0,5.0,7.5,-150.0,135.0
2018-07-30,MIN,CLE,5.0,4.0,10.0,126.0,-140.0
2018-07-30,SEA,HOU,2.0,0.0,7.0,100.0,-110.0
2018-07-30,STL,COL,5.0,4.0,7.5,-131.0,118.0
2018-07-31,STL,COL,3.0,6.0,7.0,-115.0,105.0
2018-07-31,SDP,SFG,2.0,3.0,8.0,-109.0,-101.0
2018-07-31,ARI,TEX,6.0,0.0,9.0,-174.0,156.0
2018-07-31,ATL,FLA,11.0,6.0,9.0,-168.0,151.0
2018-07-31,BOS,PHI,1.0,3.0,10.0,-145.0,130.0
2018-07-31,DET,CIN,2.0,1.0,9.0,-119.0,109.0
2018-07-31,CHW,KCR,2.0,4.0,9.0,-119.0,109.0
2018-07-31,OAK,TOR,6.0,2.0,8.5,-177.0,162.0
2018-07-31,PIT,CHC,5.0,4.0,7.5,-111.0,101.0
2018-07-31,LAD,MIL,0.0,1.0,8.5,-168.0,151.0
2018-07-31,SEA,HOU,2.0,5.0,8.0,146.0,-163.0
2018-07-31,TBD,ANA,10.0,6.0,7.5,105.0,-115.0
2018-07-31,WSN,NYM,25.0,4.0,9.0,-181.0,163.0
2018-07-31,NYY,BAL,6.0,3.0,9.0,-290.0,255.0
2018-07-31,MIN,CLE,2.0,6.0,8.5,141.0,-156.0
2018-08-01,STL,COL,6.0,3.0,8.0,-145.0,125.0
2018-08-01,OAK,TOR,8.0,3.0,8.0,-126.0,114.0
2018-08-01,NYY,BAL,5.0,7.0,9.0,-272.0,247.0
2018-08-01,MIN,CLE,0.0,2.0,9.5,160.0,-175.0
2018-08-01,DET,CIN,7.0,4.0,9.0,106.0,-116.0
2018-08-01,SEA,HOU,3.0,8.0,8.0,105.0,-125.0
2018-08-01,CHW,KCR,5.0,10.0,9.0,-132.0,119.0
2018-08-01,WSN,NYM,5.0,3.0,9.0,-115.0,105.0
2018-08-01,PIT,CHC,2.0,9.0,8.0,116.0,-126.0
2018-08-01,TBD,ANA,7.0,2.0,7.5,-131.0,121.0
2018-08-01,LAD,MIL,6.0,4.0,8.0,-170.0,150.0
2018-08-02,WSN,CIN,10.0,4.0,8.5,-280.0,230.0
2018-08-02,STL,COL,3.0,2.0,8.5,-139.0,125.0
2018-08-02,ARI,SFG,1.0,8.0,7.5,-174.0,159.0
2018-08-02,CHC,SDP,1.0,6.0,8.5,-160.0,144.0
2018-08-02,CHW,KCR,6.0,4.0,9.5,-140.0,125.0
2018-08-02,BOS,NYY,15.0,7.0,10.0,-105.0,-105.0
2018-08-02,NYM,ATL,2.0,4.0,8.5,144.0,-160.0
2018-08-02,PHI,FLA,5.0,2.0,8.5,-190.0,170.0
2018-08-02,SEA,TOR,3.0,7.0,8.5,-147.0,132.0
2018-08-02,TBD,ANA,4.0,2.0,7.5,-136.0,123.0
2018-08-02,TEX,BAL,17.0,8.0,11.0,-138.0,125.0
2018-08-02,LAD,MIL,21.0,5.0,7.5,-210.0,188.0
2018-08-03,LAD,HOU,1.0,2.0,7.5,-125.0,115.0
2018-08-03,ARI,SFG,6.0,3.0,8.0,-207.0,185.0
2018-08-03,CHC,SDP,5.0,4.0,8.5,-218.0,195.0
2018-08-03,CLE,ANA,4.0,7.0,9.0,-250.0,230.0
2018-08-03,MIL,COL,5.0,3.0,9.0,-123.0,113.0
2018-08-03,BOS,NYY,4.0,1.0,9.0,111.0,-122.0
2018-08-03,MIN,KCR,6.0,4.0,9.5,-203.0,183.0
2018-08-03,NYM,ATL,1.0,2.0,7.0,-157.0,141.0
2018-08-03,OAK,DET,1.0,0.0,9.0,-187.0,172.0
2018-08-03,PIT,STL,7.0,6.0,8.5,-157.0,142.0
2018-08-03,SEA,TOR,2.0,7.0,8.0,-176.0,161.0
2018-08-03,TEX,BAL,11.0,3.0,11.5,-157.0,142.0
2018-08-03,TBD,CHW,2.0,3.0,8.5,-203.0,187.0
2018-08-03,PHI,FLA,5.0,1.0,8.5,-174.0,156.0
2018-08-04,SEA,TOR,1.0,5.0,7.5,-246.0,221.0
2018-08-04,ARI,SFG,9.0,3.0,8.5,-140.0,126.0
2018-08-04,CHC,SDP,5.0,4.0,10.5,-255.0,230.0
2018-08-04,CLE,ANA,3.0,0.0,8.5,-296.0,266.0
2018-08-04,LAD,HOU,0.0,14.0,8.0,-125.0,115.0
2018-08-04,MIL,COL,8.0,4.0,8.5,-145.0,131.0
2018-08-04,MIN,KCR,8.0,2.0,9.0,-235.0,215.0
2018-08-04,OAK,DET,2.0,1.0,8.5,-170.0,150.0
2018-08-04,PHI,FLA,8.0,3.0,9.0,-166.0,149.0
2018-08-04,PIT,STL,4.0,8.0,8.5,-110.0,100.0
2018-08-04,TBD,CHW,1.0,2.0,7.0,-144.0,129.0
2018-08-04,TEX,BAL,3.0,1.0,9.5,-145.0,130.0
2018-08-04,WSN,CIN,1.0,7.0,9.5,-185.0,175.0
2018-08-04,BOS,NYY,4.0,1.0,9.5,-157.0,142.0
2018-08-04,NYM,ATL,3.0,0.0,8.0,112.0,-123.0
2018-08-05,ARI,SFG,2.0,3.0,8.5,-168.0,158.0
2018-08-05,BOS,NYY,5.0,4.0,9.0,100.0,-110.0
2018-08-05,CHC,SDP,6.0,10.0,10.5,-171.0,154.0
2018-08-05,CLE,ANA,4.0,3.0,9.5,-248.0,223.0
2018-08-05,LAD,HOU,3.0,2.0,8.0,-114.0,104.0
2018-08-05,PHI,FLA,5.0,3.0,8.5,-271.0,246.0
2018-08-05,NYM,ATL,4.0,5.0,8.5,131.0,-145.0
2018-08-05,MIN,KCR,6.0,5.0,9.0,-130.0,120.0
2018-08-05,MIL,COL,4.0,5.0,9.0,-109.0,-101.0
2018-08-05,SEA,TOR,6.0,3.0,8.5,-151.0,136.0
2018-08-05,TEX,BAL,6.0,9.0,10.5,-170.0,153.0
2018-08-05,WSN,CIN,2.0,1.0,9.0,-170.0,153.0
2018-08-05,PIT,STL,1.0,2.0,8.5,105.0,-115.0
2018-08-05,TBD,CHW,7.0,8.0,8.0,-150.0,135.0
2018-08-05,OAK,DET,6.0,0.0,8.0,-250.0,222.0
2018-08-06,NYM,CIN,6.0,4.0,8.0,-165.0,155.0
2018-08-06,ARI,PHI,3.0,2.0,8.5,-123.0,112.0
2018-08-06,CHW,NYY,0.0,7.0,9.5,170.0,-200.0
2018-08-06,ANA,DET,6.0,2.0,8.5,-133.0,123.0
2018-08-06,COL,PIT,2.0,0.0,10.5,-138.0,125.0
2018-08-06,FLA,STL,2.0,1.0,8.0,145.0,-161.0
2018-08-06,KCR,CHC,1.0,3.0,9.0,183.0,-205.0
2018-08-06,SFG,HOU,1.0,3.0,7.0,125.0,-135.0
2018-08-06,TEX,SEA,3.0,4.0,11.5,117.0,-129.0
2018-08-06,CLE,MIN,10.0,0.0,8.5,-210.0,188.0
2018-08-07,SFG,HOU,1.0,2.0,7.0,-110.0,100.0
2018-08-07,ANA,DET,11.0,5.0,8.5,-205.0,188.0
2018-08-07,ARI,PHI,2.0,5.0,7.5,-155.0,145.0
2018-08-07,CHW,NYY,3.0,4.0,9.0,178.0,-198.0
2018-08-07,CLE,MIN,2.0,3.0,9.0,-240.0,213.0
2018-08-07,KCR,CHC,0.0,5.0,8.5,155.0,-175.0
2018-08-07,COL,PIT,2.0,10.0,11.0,100.0,-110.0
2018-08-07,OAK,LAD,2.0,4.0,8.0,110.0,-121.0
2018-08-07,MIL,SDP,5.0,11.0,8.5,-190.0,170.0
2018-08-07,TEX,SEA,11.0,4.0,11.0,106.0,-116.0
2018-08-07,WSN,ATL,8.0,3.0,10.0,103.0,-113.0
2018-08-07,NYM,CIN,1.0,6.0,8.5,-140.0,130.0
2018-08-07,TBD,BAL,4.0,3.0,7.5,-173.0,156.0
2018-08-07,FLA,STL,2.0,3.0,8.0,133.0,-148.0
2018-08-07,TOR,BOS,7.0,10.0,9.5,-107.0,-103.0
2018-08-08,WSN,ATL,3.0,8.0,9.5,-140.0,125.0
2018-08-08,TOR,BOS,5.0,10.0,9.5,135.0,-150.0
2018-08-08,TEX,SEA,11.0,7.0,11.0,137.0,-152.0
2018-08-08,TBD,BAL,4.0,5.0,8.0,-175.0,157.0
2018-08-08,MIL,SDP,8.0,4.0,8.5,-206.0,186.0
2018-08-08,OAK,LAD,3.0,2.0,8.0,160.0,-180.0
2018-08-08,FLA,STL,1.0,7.0,8.0,103.0,-113.0
2018-08-08,COL,PIT,3.0,4.0,10.0,-121.0,110.0
2018-08-08,ANA,DET,6.0,0.0,8.5,-133.0,120.0
2018-08-08,ARI,PHI,6.0,0.0,8.0,-165.0,145.0
2018-08-08,CHW,NYY,3.0,7.0,8.5,230.0,-280.0
2018-08-08,CLE,MIN,5.0,2.0,9.0,-210.0,180.0
2018-08-08,NYM,CIN,8.0,0.0,7.0,-205.0,185.0
2018-08-08,KCR,CHC,9.0,0.0,9.5,196.0,-220.0
2018-08-09,WSN,ATL,6.0,3.0,9.0,-115.0,105.0
2018-08-09,CLE,MIN,5.0,4.0,7.5,-210.0,188.0
2018-08-09,TBD,BAL,5.0,4.0,8.0,-205.0,183.0
2018-08-09,SFG,PIT,5.0,10.0,8.0,-143.0,129.0
2018-08-09,NYY,TEX,7.0,3.0,9.5,-225.0,201.0
2018-08-09,MIL,SDP,4.0,8.0,8.5,-180.0,160.0
2018-08-09,HOU,SEA,6.0,8.0,6.5,-144.0,134.0
2018-08-09,COL,LAD,5.0,8.0,11.0,120.0,-130.0
2018-08-09,TOR,BOS,8.0,5.0,9.0,146.0,-162.0
2018-08-10,DET,MIN,5.0,3.0,9.5,-104.0,-106.0
2018-08-10,SFG,PIT,13.0,10.0,8.0,-120.0,110.0
2018-08-10,FLA,NYM,2.0,6.0,7.5,107.0,-117.0
2018-08-10,HOU,SEA,2.0,5.0,7.5,-199.0,179.0
2018-08-10,NYY,TEX,7.0,12.0,9.0,-224.0,200.0
2018-08-10,SDP,PHI,2.0,0.0,8.5,138.0,-148.0
2018-08-10,CIN,ARI,3.0,0.0,9.0,112.0,-122.0
2018-08-10,KCR,STL,0.0,7.0,9.5,142.0,-158.0
2018-08-10,CHW,CLE,1.0,0.0,9.0,135.0,-150.0
2018-08-10,CHC,WSN,3.0,2.0,8.5,-136.0,123.0
2018-08-10,BAL,BOS,12.0,19.0,9.0,197.0,-221.0
2018-08-10,ATL,MIL,10.0,1.0,8.5,-105.0,-105.0
2018-08-10,ANA,OAK,4.0,3.0,9.0,110.0,-120.0
2018-08-10,COL,LAD,5.0,4.0,11.0,-108.0,-102.0
2018-08-10,TOR,TBD,0.0,7.0,8.0,106.0,-117.0
2018-08-11,HOU,SEA,2.0,3.0,8.0,-215.0,185.0
2018-08-11,ANA,OAK,0.0,7.0,8.5,-115.0,105.0
2018-08-11,ATL,MIL,2.0,4.0,9.5,-110.0,100.0
2018-08-11,BAL,BOS,0.0,5.0,10.0,231.0,-261.0
2018-08-11,CHC,WSN,4.0,9.0,9.0,-113.0,103.0
2018-08-11,CHW,CLE,1.0,3.0,9.0,204.0,-229.0
2018-08-11,CIN,ARI,6.0,3.0,8.5,144.0,-154.0
2018-08-11,COL,LAD,3.0,2.0,11.5,126.0,-140.0
2018-08-11,KCR,STL,3.0,8.0,8.5,147.0,-162.0
2018-08-11,DET,MIN,3.0,4.0,8.5,120.0,-130.0
2018-08-11,SDP,PHI,1.0,5.0,8.0,169.0,-188.0
2018-08-11,SFG,PIT,0.0,4.0,8.5,-121.0,111.0
2018-08-11,TOR,TBD,1.0,3.0,9.0,-104.0,-106.0
2018-08-11,NYY,TEX,5.0,3.0,10.0,-220.0,196.0
2018-08-11,FLA,NYM,4.0,3.0,8.0,-102.0,-108.0
2018-08-12,CHW,CLE,7.0,9.0,8.5,200.0,-238.0
2018-08-12,KCR,STL,2.0,8.0,9.0,133.0,-143.0
2018-08-12,ATL,MIL,8.0,7.0,8.5,-124.0,113.0
2018-08-12,COL,LAD,4.0,3.0,12.0,166.0,-185.0
2018-08-12,DET,MIN,4.0,2.0,9.0,106.0,-116.0
2018-08-12,CHC,WSN,4.0,3.0,7.5,125.0,-138.0
2018-08-12,FLA,NYM,3.0,4.0,7.0,140.0,-155.0
2018-08-12,BAL,BOS,1.0,4.0,8.5,290.0,-320.0
2018-08-12,SFG,PIT,4.0,3.0,7.5,-105.0,-105.0
2018-08-12,HOU,SEA,3.0,4.0,8.5,-190.0,180.0
2018-08-12,CIN,ARI,2.0,9.0,8.5,-101.0,-109.0
2018-08-12,NYY,TEX,7.0,2.0,9.0,-215.0,192.0
2018-08-12,ANA,OAK,7.0,8.0,8.5,138.0,-153.0
2018-08-12,TOR,TBD,2.0,1.0,8.0,-130.0,120.0
2018-08-12,SDP,PHI,9.0,3.0,7.5,106.0,-116.0
2018-08-13,SDP,ANA,3.0,6.0,8.0,-108.0,-102.0
2018-08-13,STL,WSN,7.0,6.0,8.5,-145.0,130.0
2018-08-13,KCR,TOR,3.0,1.0,9.0,121.0,-134.0
2018-08-13,LAD,SFG,2.0,5.0,7.0,-204.0,184.0
2018-08-13,NYY,NYM,5.0,8.0,7.0,-200.0,179.0
2018-08-13,OAK,SEA,7.0,6.0,8.0,-127.0,117.0
2018-08-13,ATL,FLA,6.0,1.0,9.0,-302.0,265.0
2018-08-13,TEX,ARI,5.0,3.0,9.5,159.0,-177.0
2018-08-13,CIN,CLE,3.0,10.0,9.0,161.0,-179.0
2018-08-13,DET,CHW,9.0,5.0,9.0,-105.0,-105.0
2018-08-14,KCR,TOR,5.0,6.0,9.0,132.0,-146.0
2018-08-14,HOU,COL,1.0,5.0,7.0,-200.0,179.0
2018-08-14,LAD,SFG,1.0,2.0,8.0,-195.0,175.0
2018-08-14,DET,CHW,3.0,6.0,9.0,-128.0,118.0
2018-08-14,NYY,TBD,4.0,1.0,8.5,-200.0,179.0
2018-08-14,CIN,CLE,1.0,8.0,8.5,190.0,-230.0
2018-08-14,CHC,MIL,0.0,7.0,9.5,-142.0,132.0
2018-08-14,BAL,NYM,6.0,3.0,9.5,101.0,-111.0
2018-08-14,TEX,ARI,4.0,6.0,10.0,160.0,-178.0
2018-08-14,MIN,PIT,5.0,2.0,9.0,112.0,-122.0
2018-08-14,OAK,SEA,3.0,2.0,7.5,119.0,-132.0
2018-08-14,SDP,ANA,3.0,7.0,8.5,-121.0,111.0
2018-08-14,STL,WSN,6.0,4.0,9.0,-103.0,-107.0
2018-08-14,PHI,BOS,1.0,2.0,9.0,109.0,-119.0
2018-08-14,ATL,FLA,10.0,6.0,8.5,-206.0,184.0
2018-08-15,PHI,BOS,7.0,4.0,8.5,-104.0,-106.0
2018-08-15,DET,CHW,5.0,6.0,9.0,-113.0,103.0
2018-08-15,MIN,PIT,6.0,4.0,8.0,-115.0,-105.0
2018-08-15,LAD,SFG,4.0,3.0,8.0,-176.0,158.0
2018-08-15,KCR,TOR,5.0,6.0,9.0,110.0,-121.0
2018-08-15,HOU,COL,12.0,1.0,7.5,-205.0,183.0
2018-08-15,NYY,TBD,1.0,6.0,9.0,-195.0,175.0
2018-08-15,BAL,NYM,5.0,16.0,9.0,115.0,-127.0
2018-08-15,CHC,MIL,8.0,4.0,9.0,-140.0,126.0
2018-08-15,SDP,ANA,2.0,3.0,8.0,-126.0,116.0
2018-08-15,STL,WSN,4.0,2.0,9.0,-119.0,109.0
2018-08-15,ATL,FLA,5.0,2.0,8.5,-236.0,210.0
2018-08-15,CIN,CLE,3.0,4.0,9.0,154.0,-169.0
2018-08-15,OAK,SEA,0.0,2.0,8.5,-113.0,103.0
2018-08-16,PHI,NYM,4.0,24.0,10.0,-153.0,143.0
2018-08-16,SDP,ARI,1.0,5.0,8.0,129.0,-143.0
2018-08-16,ATL,COL,3.0,5.0,8.5,-110.0,100.0
2018-08-16,KCR,TOR,6.0,2.0,9.5,125.0,-140.0
2018-08-16,MIN,DET,15.0,8.0,9.5,-175.0,155.0
2018-08-16,NYY,TBD,1.0,3.0,8.0,-175.0,157.0
2018-08-16,STL,WSN,4.0,5.0,8.5,-118.0,108.0
2018-08-16,TEX,ANA,8.0,6.0,11.0,-113.0,103.0
2018-08-16,PIT,CHC,0.0,1.0,8.5,118.0,-131.0
2018-08-17,CHW,KCR,9.0,3.0,9.0,-140.0,125.0
2018-08-17,CLE,BAL,2.0,1.0,8.5,-378.0,328.0
2018-08-17,OAK,HOU,4.0,3.0,8.0,131.0,-146.0
2018-08-17,MIN,DET,5.0,4.0,8.5,-180.0,160.0
2018-08-17,SDP,ARI,4.0,9.0,7.5,120.0,-130.0
2018-08-17,CIN,SFG,2.0,1.0,9.5,-107.0,-103.0
2018-08-17,BOS,TBD,7.0,3.0,9.0,-180.0,170.0
2018-08-17,NYY,TOR,7.0,5.0,9.0,-190.0,170.0
2018-08-17,PHI,NYM,4.0,2.0,7.5,-170.0,150.0
2018-08-17,PIT,CHC,0.0,1.0,8.0,120.0,-130.0
2018-08-17,STL,MIL,5.0,2.0,8.0,-123.0,113.0
2018-08-17,TEX,ANA,6.0,4.0,11.0,-110.0,100.0
2018-08-17,WSN,FLA,8.0,2.0,8.0,-380.0,300.0
2018-08-17,SEA,LAD,1.0,11.0,8.0,125.0,-140.0
2018-08-17,ATL,COL,5.0,11.0,8.5,-128.0,116.0
2018-08-18,SDP,ARI,7.0,6.0,8.0,147.0,-163.0
2018-08-18,SEA,LAD,5.0,4.0,8.5,135.0,-150.0
2018-08-18,CLE,BAL,2.0,4.0,9.0,-189.0,174.0
2018-08-18,MIN,DET,5.0,7.0,10.0,-173.0,156.0
2018-08-18,NYY,TOR,11.0,6.0,9.5,-310.0,272.0
2018-08-18,OAK,HOU,7.0,1.0,8.0,-108.0,-102.0
2018-08-18,PHI,NYM,1.0,3.0,7.5,-105.0,-105.0
2018-08-18,PIT,CHC,3.0,1.0,8.5,-146.0,131.0
2018-08-18,BOS,TBD,5.0,2.0,8.5,-200.0,179.0
2018-08-18,TEX,ANA,7.0,11.0,10.5,118.0,-131.0
2018-08-18,STL,MIL,7.0,2.0,8.0,-155.0,140.0
2018-08-18,CHW,KCR,1.0,3.0,9.0,-129.0,119.0
2018-08-18,WSN,FLA,5.0,7.0,9.5,-185.0,175.0
2018-08-18,ATL,COL,3.0,5.0,8.5,-160.0,144.0
2018-08-18,CIN,SFG,7.0,1.0,8.5,142.0,-157.0
2018-08-19,CLE,BAL,8.0,0.0,8.5,-255.0,226.0
2018-08-19,MIN,DET,5.0,4.0,9.5,-190.0,180.0
2018-08-19,NYY,TOR,10.0,2.0,8.0,-260.0,230.0
2018-08-19,SDP,ARI,3.0,4.0,8.0,179.0,-200.0
2018-08-19,OAK,HOU,4.0,9.0,7.5,145.0,-155.0
2018-08-19,CIN,SFG,11.0,4.0,8.5,-116.0,106.0
2018-08-19,CHW,KCR,7.0,6.0,9.0,-151.0,136.0
2018-08-19,BOS,TBD,0.0,2.0,9.0,-205.0,185.0
2018-08-19,STL,MIL,1.0,2.0,8.5,-105.0,-105.0
2018-08-19,PHI,NYM,2.0,8.0,8.5,-199.0,179.0
2018-08-19,PIT,CHC,2.0,1.0,8.0,-118.0,108.0
2018-08-19,TEX,ANA,4.0,2.0,11.0,-106.0,-104.0
2018-08-19,WSN,FLA,1.0,12.0,9.0,-230.0,190.0
2018-08-19,SEA,LAD,1.0,12.0,8.0,172.0,-187.0
2018-08-19,ATL,COL,2.0,4.0,8.0,-127.0,117.0
2018-08-20,TOR,BAL,5.0,3.0,9.0,-175.0,157.0
2018-08-20,NYM,SFG,1.0,2.0,7.5,105.0,-115.0
2018-08-20,OAK,TEX,9.0,0.0,9.0,-193.0,173.0
2018-08-20,PIT,ATL,0.0,1.0,8.0,-126.0,114.0
2018-08-20,SEA,HOU,7.0,4.0,8.0,153.0,-170.0
2018-08-20,TBD,KCR,1.0,0.0,8.0,-211.0,191.0
2018-08-20,BOS,CLE,4.0,5.0,8.5,-107.0,-103.0
2018-08-20,MIL,CIN,5.0,2.0,9.0,-230.0,190.0
2018-08-20,LAD,STL,3.0,5.0,8.5,-178.0,163.0
2018-08-20,MIN,CHW,5.0,8.0,9.5,-163.0,147.0
2018-08-21,PIT,ATL,1.0,6.0,7.5,112.0,-124.0
2018-08-21,FLA,NYY,1.0,2.0,7.0,190.0,-210.0
2018-08-21,ARI,ANA,5.0,4.0,7.5,-240.0,200.0
2018-08-21,BOS,CLE,3.0,6.0,9.0,-149.0,134.0
2018-08-21,COL,SDP,3.0,4.0,10.0,-175.0,155.0
2018-08-21,DET,CHC,2.0,1.0,8.5,181.0,-202.0
2018-08-21,LAD,STL,2.0,5.0,8.5,-214.0,191.0
2018-08-21,CHW,MIN,2.0,5.0,8.5,-106.0,-104.0
2018-08-21,OAK,TEX,6.0,0.0,8.5,-230.0,210.0
2018-08-21,NYM,SFG,6.0,3.0,8.0,-118.0,108.0
2018-08-21,SEA,HOU,2.0,3.0,8.5,125.0,-140.0
2018-08-21,TOR,BAL,8.0,2.0,8.5,-133.0,123.0
2018-08-21,MIL,CIN,7.0,9.0,9.0,-195.0,175.0
2018-08-21,WSN,PHI,10.0,4.0,9.5,-145.0,130.0
2018-08-21,TBD,KCR,4.0,1.0,7.0,-285.0,235.0
2018-08-22,BOS,CLE,10.0,4.0,9.0,113.0,-124.0
2018-08-22,CHW,MIN,7.0,3.0,8.5,-108.0,-102.0
2018-08-22,COL,SDP,6.0,2.0,10.0,-260.0,210.0
2018-08-22,FLA,NYY,9.0,3.0,7.5,153.0,-170.0
2018-08-22,OAK,TEX,2.0,4.0,8.5,-154.0,139.0
2018-08-22,LAD,STL,1.0,3.0,7.5,-173.0,163.0
2018-08-22,ARI,ANA,5.0,1.0,8.5,-210.0,180.0
2018-08-22,DET,CHC,2.0,8.0,9.5,162.0,-180.0
2018-08-22,NYM,SFG,5.0,3.0,7.0,-153.0,138.0
2018-08-22,TOR,BAL,6.0,0.0,9.5,-165.0,149.0
2018-08-22,PIT,ATL,1.0,2.0,8.0,-101.0,-109.0
2018-08-22,TBD,KCR,6.0,3.0,7.0,-180.0,165.0
2018-08-22,WSN,PHI,8.0,7.0,8.5,-153.0,138.0
2018-08-22,SEA,HOU,7.0,10.0,8.0,137.0,-152.0
2018-08-22,MIL,CIN,4.0,0.0,9.0,-270.0,220.0
2018-08-23,BOS,CLE,7.0,0.0,9.5,-215.0,193.0
2018-08-23,CHC,CIN,7.0,1.0,9.0,-205.0,183.0
2018-08-23,COL,SDP,4.0,3.0,10.5,-198.0,177.0
2018-08-23,DET,CHW,7.0,2.0,8.5,-131.0,121.0
2018-08-23,FLA,ATL,0.0,5.0,8.5,161.0,-180.0
2018-08-23,MIN,OAK,6.0,4.0,9.5,153.0,-168.0
2018-08-23,TBD,KCR,4.0,3.0,7.0,-175.0,155.0
2018-08-23,WSN,PHI,0.0,2.0,7.0,-165.0,149.0
2018-08-23,NYM,SFG,1.0,3.0,6.5,-158.0,143.0
2018-08-24,ANA,HOU,3.0,9.0,8.0,120.0,-130.0
2018-08-24,FLA,ATL,1.0,0.0,7.5,176.0,-196.0
2018-08-24,ARI,SEA,3.0,6.0,8.5,-163.0,147.0
2018-08-24,BAL,NYY,5.0,7.0,8.5,163.0,-181.0
2018-08-24,MIN,OAK,1.0,7.0,9.0,118.0,-131.0
2018-08-24,CHC,CIN,3.0,2.0,11.5,-188.0,169.0
2018-08-24,COL,STL,5.0,7.0,10.5,117.0,-129.0
2018-08-24,KCR,CLE,5.0,4.0,9.0,185.0,-205.0
2018-08-24,SFG,TEX,6.0,7.0,8.5,-171.0,154.0
2018-08-24,MIL,PIT,7.0,6.0,8.5,-127.0,115.0
2018-08-24,DET,CHW,3.0,6.0,8.5,-140.0,126.0
2018-08-24,NYM,WSN,3.0,0.0,9.0,137.0,-152.0
2018-08-24,TBD,BOS,10.0,3.0,8.5,117.0,-127.0
2018-08-24,TOR,PHI,4.0,2.0,9.0,120.0,-130.0
2018-08-24,LAD,SDP,11.0,1.0,8.5,-245.0,218.0
2018-08-25,DET,CHW,1.0,6.0,9.0,-112.0,102.0
2018-08-25,FLA,ATL,3.0,1.0,7.5,154.0,-171.0
2018-08-25,KCR,CLE,7.0,1.0,9.5,271.0,-301.0
2018-08-25,ANA,HOU,3.0,8.0,7.5,185.0,-215.0
2018-08-25,MIL,PIT,1.0,9.0,8.5,-140.0,125.0
2018-08-25,ARI,SEA,3.0,4.0,8.5,-155.0,140.0
2018-08-25,BAL,NYY,3.0,10.0,9.0,229.0,-254.0
2018-08-25,CHC,CIN,10.0,6.0,10.0,-175.0,155.0
2018-08-25,LAD,SDP,5.0,4.0,7.5,-360.0,313.0
2018-08-25,NYM,WSN,3.0,0.0,8.0,-105.0,-105.0
2018-08-25,MIN,OAK,2.0,6.0,9.5,142.0,-158.0
2018-08-25,TBD,BOS,5.0,1.0,8.0,138.0,-153.0
2018-08-25,TOR,PHI,8.0,6.0,9.0,120.0,-130.0
2018-08-25,SFG,TEX,5.0,3.0,8.5,-143.0,128.0
2018-08-25,COL,STL,9.0,1.0,11.0,-155.0,140.0
2018-08-26,NYM,WSN,0.0,15.0,8.5,-112.0,102.0
2018-08-26,MIL,PIT,7.0,4.0,8.5,-130.0,120.0
2018-08-26,KCR,CLE,5.0,12.0,9.5,205.0,-256.0
2018-08-26,FLA,ATL,0.0,4.0,7.5,166.0,-185.0
2018-08-26,DET,CHW,2.0,7.0,8.5,109.0,-119.0
2018-08-26,LAD,SDP,7.0,3.0,8.0,-225.0,201.0
2018-08-26,COL,STL,3.0,12.0,11.5,-146.0,132.0
2018-08-26,CHC,CIN,9.0,0.0,10.5,-266.0,235.0
2018-08-26,BAL,NYY,3.0,5.0,8.5,239.0,-270.0
2018-08-26,TBD,BOS,9.0,1.0,7.0,-122.0,112.0
2018-08-26,SFG,TEX,3.0,1.0,8.5,-152.0,142.0
2018-08-26,TOR,PHI,3.0,8.0,9.0,102.0,-112.0
2018-08-26,ARI,SEA,5.0,2.0,8.0,-173.0,156.0
2018-08-26,ANA,HOU,1.0,3.0,8.5,114.0,-126.0
2018-08-26,MIN,OAK,2.0,6.0,9.0,-119.0,109.0
2018-08-27,BAL,TOR,7.0,0.0,9.5,121.0,-131.0
2018-08-27,PHI,WSN,3.0,5.0,9.0,102.0,-112.0
2018-08-27,ANA,COL,10.0,7.0,8.0,130.0,-140.0
2018-08-27,CHC,NYM,7.0,4.0,10.5,-132.0,122.0
2018-08-27,HOU,OAK,11.0,4.0,8.0,-200.0,179.0
2018-08-27,NYY,CHW,2.0,6.0,9.0,-230.0,210.0
2018-08-27,SFG,ARI,2.0,0.0,7.5,155.0,-170.0
2018-08-28,NYY,CHW,5.0,4.0,10.0,-239.0,219.0
2018-08-28,ANA,COL,2.0,3.0,8.5,110.0,-120.0
2018-08-28,ATL,TBD,9.0,5.0,8.5,-126.0,116.0
2018-08-28,BAL,TOR,12.0,5.0,9.5,115.0,-125.0
2018-08-28,BOS,FLA,8.0,7.0,10.5,-260.0,230.0
2018-08-28,CIN,MIL,9.0,7.0,9.5,117.0,-127.0
2018-08-28,CLE,MIN,8.0,1.0,9.0,-230.0,190.0
2018-08-28,CHC,NYM,2.0,1.0,,,
2018-08-28,KCR,DET,6.0,2.0,8.0,-115.0,105.0
2018-08-28,PHI,WSN,4.0,5.0,7.0,104.0,-114.0
2018-08-28,SFG,ARI,1.0,0.0,7.0,-108.0,-102.0
2018-08-28,STL,PIT,5.0,2.0,8.0,-167.0,152.0
2018-08-28,TEX,LAD,4.0,8.0,11.5,200.0,-224.0
2018-08-28,SDP,SEA,2.0,1.0,8.5,102.0,-112.0
2018-08-28,HOU,OAK,3.0,4.0,8.5,-226.0,201.0
2018-08-29,PHI,WSN,8.0,6.0,9.5,-144.0,129.0
2018-08-29,ATL,TBD,5.0,8.0,8.5,-131.0,118.0
2018-08-29,BAL,TOR,10.0,5.0,9.0,100.0,-110.0
2018-08-29,BOS,FLA,14.0,6.0,9.5,-355.0,309.0
2018-08-29,CHC,NYM,3.0,10.0,,,
2018-08-29,CIN,MIL,12.0,13.0,9.0,132.0,-146.0
2018-08-29,CLE,MIN,3.0,4.0,10.0,-180.0,170.0
2018-08-29,NYY,CHW,1.0,4.0,9.5,-275.0,225.0
2018-08-29,KCR,DET,9.0,2.0,7.5,-108.0,-102.0
2018-08-29,SDP,SEA,8.0,3.0,8.0,-102.0,-108.0
2018-08-29,SFG,ARI,1.0,3.0,7.5,115.0,-125.0
2018-08-29,STL,PIT,0.0,2.0,8.0,-149.0,139.0
2018-08-29,TEX,LAD,1.0,3.0,9.5,148.0,-158.0
2018-08-29,HOU,OAK,5.0,4.0,8.5,-152.0,137.0
2018-08-30,CHW,BOS,4.0,9.0,8.5,191.0,-211.0
2018-08-30,HOU,ANA,2.0,5.0,8.0,-260.0,210.0
2018-08-30,CIN,MIL,1.0,2.0,9.0,129.0,-144.0
2018-08-30,CLE,MIN,5.0,3.0,8.5,-210.0,180.0
2018-08-30,LAD,ARI,1.0,3.0,8.0,-156.0,141.0
2018-08-30,OAK,SEA,1.0,7.0,8.5,-135.0,122.0
2018-08-30,ATL,CHC,4.0,5.0,8.5,-132.0,119.0
2018-08-30,SDP,COL,3.0,2.0,7.5,142.0,-158.0
2018-08-30,STL,PIT,5.0,0.0,8.0,-112.0,102.0
2018-08-30,NYY,DET,7.0,8.0,9.0,-330.0,270.0
2018-08-31,CHW,BOS,6.0,1.0,9.0,145.0,-165.0
2018-08-31,CLE,TBD,3.0,0.0,8.0,-210.0,188.0
2018-08-31,FLA,TOR,5.0,6.0,8.0,104.0,-114.0
2018-08-31,SDP,COL,7.0,0.0,8.5,106.0,-116.0
2018-08-31,HOU,ANA,0.0,3.0,9.0,-182.0,163.0
2018-08-31,KCR,BAL,9.0,2.0,9.0,-125.0,115.0
2018-08-31,LAD,ARI,3.0,2.0,7.5,-132.0,122.0
2018-08-31,NYY,DET,7.0,5.0,8.0,-350.0,304.0
2018-08-31,PHI,CHC,2.0,1.0,8.5,-119.0,109.0
2018-08-31,OAK,SEA,7.0,5.0,8.0,-135.0,125.0
2018-08-31,SFG,NYM,7.0,0.0,7.0,-108.0,-102.0
2018-08-31,TEX,MIN,7.0,10.0,11.5,-119.0,109.0
2018-08-31,WSN,MIL,1.0,4.0,9.0,-119.0,109.0
2018-08-31,STL,CIN,12.0,5.0,9.0,-185.0,166.0
2018-08-31,ATL,PIT,2.0,3.0,8.0,-128.0,118.0
2018-09-01,CHW,BOS,1.0,6.0,9.0,172.0,-192.0
2018-09-01,ATL,PIT,5.0,3.0,8.5,-138.0,125.0
2018-09-01,CLE,TBD,3.0,5.0,8.0,-116.0,106.0
2018-09-01,FLA,TOR,6.0,3.0,7.5,-102.0,-108.0
2018-09-01,HOU,ANA,7.0,3.0,9.0,-185.0,166.0
2018-09-01,KCR,BAL,5.0,4.0,9.5,103.0,-113.0
2018-09-01,NYY,DET,2.0,1.0,8.5,-365.0,317.0
2018-09-01,LAD,ARI,3.0,2.0,6.5,-165.0,145.0
2018-09-01,PHI,CHC,1.0,7.0,9.0,123.0,-133.0
2018-09-01,SDP,COL,2.0,4.0,7.0,135.0,-150.0
2018-09-01,SFG,NYM,1.0,2.0,7.5,-128.0,118.0
2018-09-01,STL,CIN,0.0,4.0,8.5,-122.0,112.0
2018-09-01,TEX,MIN,7.0,4.0,10.0,100.0,-110.0
2018-09-01,WSN,MIL,5.0,4.0,8.5,-129.0,117.0
2018-09-01,OAK,SEA,7.0,8.0,8.0,111.0,-122.0
2018-09-02,SDP,COL,3.0,7.0,8.5,130.0,-145.0
2018-09-02,ATL,PIT,5.0,1.0,9.0,-165.0,145.0
2018-09-02,CHW,BOS,8.0,0.0,9.5,162.0,-180.0
2018-09-02,FLA,TOR,1.0,6.0,8.0,-105.0,-115.0
2018-09-02,HOU,ANA,4.0,2.0,7.5,-200.0,170.0
2018-09-02,KCR,BAL,9.0,1.0,9.0,-105.0,-105.0
2018-09-02,LAD,ARI,3.0,2.0,7.5,-176.0,161.0
2018-09-02,NYY,DET,7.0,11.0,8.5,-251.0,223.0
2018-09-02,OAK,SEA,8.0,2.0,9.0,-112.0,102.0
2018-09-02,CLE,TBD,4.0,6.0,8.5,-215.0,195.0
2018-09-02,SFG,NYM,1.0,4.0,7.5,135.0,-149.0
2018-09-02,STL,CIN,4.0,6.0,8.5,-155.0,140.0
2018-09-02,TEX,MIN,18.0,4.0,11.5,105.0,-115.0
2018-09-02,WSN,MIL,4.0,9.0,9.5,100.0,-110.0
2018-09-02,PHI,CHC,1.0,8.0,8.0,-145.0,135.0
2018-09-03,HOU,MIN,4.0,1.0,7.5,-241.0,214.0
2018-09-03,PIT,CIN,5.0,1.0,8.5,-134.0,121.0
2018-09-03,FLA,PHI,3.0,1.0,7.5,131.0,-145.0
2018-09-03,COL,SFG,9.0,8.0,10.0,-150.0,135.0
2018-09-03,CLE,KCR,1.0,5.0,9.0,-195.0,183.0
2018-09-03,ATL,BOS,2.0,8.0,9.0,113.0,-124.0
2018-09-03,ARI,SDP,2.0,6.0,8.5,-220.0,196.0
2018-09-03,LAD,NYM,2.0,4.0,7.0,-145.0,131.0
2018-09-03,MIL,CHC,4.0,3.0,8.5,112.0,-123.0
2018-09-03,OAK,NYY,6.0,3.0,8.5,-118.0,108.0
2018-09-03,CHW,DET,4.0,2.0,8.0,-117.0,107.0
2018-09-03,SEA,BAL,2.0,1.0,8.5,-230.0,190.0
2018-09-03,TOR,TBD,1.0,7.0,8.5,-113.0,103.0
2018-09-03,WSN,STL,4.0,3.0,7.5,-186.0,167.0
2018-09-03,TEX,ANA,1.0,3.0,10.5,-121.0,111.0
2018-09-04,OAK,NYY,1.0,5.0,8.0,111.0,-121.0
2018-09-04,ARI,SDP,6.0,0.0,7.5,-182.0,163.0
2018-09-04,ATL,BOS,1.0,5.0,8.5,110.0,-120.0
2018-09-04,CHW,DET,3.0,8.0,8.5,-161.0,151.0
2018-09-04,CLE,KCR,9.0,3.0,8.5,-240.0,200.0
2018-09-04,COL,SFG,6.0,2.0,10.0,-193.0,182.0
2018-09-04,FLA,PHI,4.0,9.0,7.0,120.0,-141.0
2018-09-04,HOU,MIN,5.0,2.0,7.5,-300.0,270.0
2018-09-04,LAD,NYM,11.0,4.0,8.0,-240.0,213.0
2018-09-04,MIL,CHC,11.0,1.0,9.0,-102.0,-108.0
2018-09-04,PIT,CIN,7.0,3.0,8.5,-155.0,140.0
2018-09-04,SEA,BAL,3.0,5.0,7.5,-205.0,188.0
2018-09-04,TEX,ANA,4.0,2.0,9.0,101.0,-111.0
2018-09-04,TOR,TBD,0.0,4.0,8.5,110.0,-120.0
2018-09-04,WSN,STL,8.0,11.0,10.0,-117.0,107.0
2018-09-05,LAD,NYM,3.0,7.0,7.5,-185.0,175.0
2018-09-05,HOU,MIN,9.0,1.0,8.5,-220.0,196.0
2018-09-05,FLA,PHI,2.0,1.0,8.0,163.0,-181.0
2018-09-05,PIT,CIN,3.0,2.0,9.0,-184.0,165.0
2018-09-05,COL,SFG,5.0,3.0,10.5,-156.0,141.0
2018-09-05,CHW,DET,2.0,10.0,8.0,-154.0,139.0
2018-09-05,ATL,BOS,8.0,9.0,7.5,-157.0,142.0
2018-09-05,CLE,KCR,3.0,1.0,8.5,-322.0,281.0
2018-09-05,OAK,NYY,8.0,2.0,7.5,140.0,-150.0
2018-09-05,SEA,BAL,5.0,2.0,8.0,-225.0,201.0
2018-09-05,TEX,ANA,3.0,9.0,10.5,-122.0,112.0
2018-09-05,TOR,TBD,10.0,3.0,8.5,118.0,-131.0
2018-09-05,WSN,STL,6.0,7.0,9.0,-106.0,-104.0
2018-09-05,MIL,CHC,4.0,6.0,8.5,-107.0,-103.0
2018-09-06,WSN,CHC,4.0,6.0,8.5,-105.0,-105.0
2018-09-06,ARI,ATL,6.0,7.0,8.0,-166.0,149.0
2018-09-06,CIN,SDP,2.0,6.0,8.5,-165.0,145.0
2018-09-06,TOR,CLE,4.0,9.0,9.0,145.0,-161.0
2018-09-07,ARI,ATL,5.0,3.0,7.5,-180.0,160.0
2018-09-07,OAK,TEX,8.0,4.0,9.0,-181.0,166.0
2018-09-07,BOS,HOU,3.0,6.0,8.5,103.0,-113.0
2018-09-07,CHW,ANA,2.0,5.0,8.5,100.0,-110.0
2018-09-07,CIN,SDP,12.0,6.0,9.0,-154.0,139.0
2018-09-07,COL,LAD,2.0,4.0,9.5,135.0,-150.0
2018-09-07,DET,STL,5.0,3.0,9.0,135.0,-154.0
2018-09-07,NYM,PHI,3.0,4.0,7.0,144.0,-160.0
2018-09-07,MIN,KCR,10.0,6.0,9.5,-165.0,145.0
2018-09-07,PIT,FLA,5.0,3.0,8.0,-210.0,190.0
2018-09-07,TBD,BAL,14.0,2.0,7.0,-270.0,220.0
2018-09-07,TOR,CLE,3.0,2.0,8.5,205.0,-256.0
2018-09-07,SEA,NYY,0.0,4.0,7.5,-114.0,104.0
2018-09-07,MIL,SFG,4.0,2.0,8.5,-193.0,173.0
2018-09-08,PIT,FLA,5.0,1.0,7.0,-158.0,148.0
2018-09-08,DET,STL,4.0,3.0,8.0,155.0,-173.0
2018-09-08,ARI,ATL,4.0,5.0,8.5,-134.0,121.0
2018-09-08,BOS,HOU,3.0,5.0,8.5,-124.0,114.0
2018-09-08,CHW,ANA,3.0,12.0,9.0,128.0,-138.0
2018-09-08,CIN,SDP,7.0,2.0,8.5,-119.0,109.0
2018-09-08,COL,LAD,4.0,2.0,10.0,121.0,-131.0
2018-09-08,MIL,SFG,4.0,3.0,8.5,-194.0,174.0
2018-09-08,SEA,NYY,2.0,4.0,8.5,104.0,-114.0
2018-09-08,NYM,PHI,10.0,5.0,7.0,-147.0,132.0
2018-09-08,OAK,TEX,8.0,6.0,9.5,-175.0,160.0
2018-09-08,TOR,CLE,8.0,9.0,9.5,125.0,-140.0
2018-09-08,WSN,CHC,10.0,3.0,8.0,-190.0,170.0
2018-09-08,TBD,BAL,10.0,5.0,8.0,-240.0,200.0
2018-09-08,MIN,KCR,1.0,4.0,8.5,-205.0,188.0
2018-09-09,OAK,TEX,7.0,3.0,9.0,-224.0,200.0
2018-09-09,ARI,ATL,5.0,9.0,8.5,-143.0,133.0
2018-09-09,BOS,HOU,6.0,5.0,9.0,-121.0,110.0
2018-09-09,CHW,ANA,0.0,1.0,8.5,140.0,-155.0
2018-09-09,CIN,SDP,6.0,7.0,9.0,-136.0,126.0
2018-09-09,COL,LAD,6.0,9.0,10.5,103.0,-113.0
2018-09-09,DET,STL,2.0,5.0,8.5,118.0,-130.0
2018-09-09,NYM,PHI,6.0,4.0,6.5,-164.0,140.0
2018-09-09,MIN,KCR,3.0,1.0,9.5,-133.0,123.0
2018-09-09,SEA,NYY,3.0,2.0,8.0,111.0,-121.0
2018-09-09,TBD,BAL,8.0,3.0,8.0,-260.0,240.0
2018-09-09,TOR,CLE,6.0,2.0,9.0,166.0,-185.0
2018-09-09,MIL,SFG,6.0,3.0,8.0,-147.0,132.0
2018-09-10,CHC,MIL,2.0,3.0,8.5,-134.0,124.0
2018-09-10,SFG,ATL,1.0,4.0,7.5,109.0,-119.0
2018-09-10,CIN,LAD,10.0,6.0,9.0,192.0,-212.0
2018-09-10,COL,ARI,13.0,2.0,10.0,-146.0,131.0
2018-09-10,KCR,CHW,4.0,3.0,8.5,-131.0,118.0
2018-09-10,DET,HOU,2.0,3.0,8.5,300.0,-345.0
2018-09-10,ANA,TEX,2.0,5.0,8.5,-130.0,110.0
2018-09-10,STL,PIT,8.0,7.0,8.5,-127.0,115.0
2018-09-10,TBD,CLE,6.0,5.0,7.0,140.0,-155.0
2018-09-10,MIN,NYY,2.0,7.0,8.5,155.0,-172.0
2018-09-11,KCR,CHW,6.0,3.0,9.0,-130.0,120.0
2018-09-11,DET,HOU,4.0,5.0,9.0,170.0,-200.0
2018-09-11,COL,ARI,3.0,6.0,10.5,109.0,-119.0
2018-09-11,CIN,LAD,3.0,1.0,8.5,160.0,-175.0
2018-09-11,SEA,SDP,1.0,2.0,8.5,-215.0,185.0
2018-09-11,NYM,FLA,3.0,5.0,6.5,-265.0,234.0
2018-09-11,BOS,TOR,7.0,2.0,9.0,-330.0,288.0
2018-09-11,CHC,MIL,3.0,0.0,9.0,-122.0,111.0
2018-09-11,ANA,TEX,1.0,0.0,9.0,-165.0,150.0
2018-09-11,MIN,NYY,10.0,5.0,9.5,168.0,-187.0
2018-09-11,TBD,CLE,0.0,2.0,8.5,112.0,-122.0
2018-09-11,PHI,WSN,1.0,3.0,9.0,-144.0,129.0
2018-09-11,SFG,ATL,1.0,4.0,7.0,132.0,-147.0
2018-09-11,STL,PIT,11.0,5.0,7.5,-140.0,125.0
2018-09-11,BAL,OAK,2.0,3.0,9.0,157.0,-175.0
2018-09-12,ANA,TEX,8.0,1.0,9.0,-180.0,160.0
2018-09-12,MIN,NYY,3.0,1.0,9.0,192.0,-215.0
2018-09-12,CHC,MIL,1.0,5.0,8.5,-154.0,139.0
2018-09-12,CIN,LAD,1.0,8.0,8.5,176.0,-196.0
2018-09-12,COL,ARI,5.0,4.0,9.5,-102.0,-108.0
2018-09-12,DET,HOU,4.0,5.0,8.0,245.0,-270.0
2018-09-12,KCR,CHW,2.0,4.0,9.0,114.0,-124.0
2018-09-12,NYM,FLA,13.0,0.0,8.0,-157.0,142.0
2018-09-12,BOS,TOR,1.0,0.0,9.0,-280.0,255.0
2018-09-12,SEA,SDP,4.0,5.0,7.5,-142.0,127.0
2018-09-12,SFG,ATL,1.0,2.0,7.5,130.0,-144.0
2018-09-12,STL,PIT,3.0,4.0,8.0,-115.0,105.0
2018-09-12,TBD,CLE,3.0,1.0,6.5,-105.0,-105.0
2018-09-12,BAL,OAK,0.0,10.0,9.5,188.0,-210.0
2018-09-12,PHI,WSN,1.0,5.0,7.5,-123.0,112.0
2018-09-13,STL,LAD,7.0,9.0,7.5,170.0,-200.0
2018-09-13,ANA,SEA,2.0,8.0,9.0,-112.0,102.0
2018-09-13,BAL,OAK,5.0,3.0,9.0,165.0,-196.0
2018-09-13,COL,ARI,10.0,3.0,10.0,-122.0,112.0
2018-09-13,KCR,MIN,6.0,4.0,9.5,101.0,-111.0
2018-09-13,NYM,FLA,4.0,3.0,8.0,-165.0,145.0
2018-09-13,BOS,TOR,4.0,3.0,9.0,-220.0,200.0
2018-09-13,WSN,CHC,3.0,4.0,9.5,102.0,-112.0
2018-09-14,PHI,FLA,14.0,2.0,8.5,-185.0,165.0
2018-09-14,ANA,SEA,0.0,5.0,9.0,-140.0,125.0
2018-09-14,BAL,CHW,6.0,8.0,9.5,104.0,-114.0
2018-09-14,BOS,NYM,0.0,8.0,9.0,-114.0,104.0
2018-09-14,CLE,DET,4.0,5.0,9.0,-200.0,185.0
2018-09-14,HOU,ARI,2.0,4.0,8.0,-180.0,162.0
2018-09-14,KCR,MIN,8.0,4.0,8.5,124.0,-134.0
2018-09-14,CHC,CIN,3.0,2.0,8.5,-206.0,184.0
2018-09-14,NYY,TOR,11.0,0.0,9.0,-300.0,240.0
2018-09-14,ATL,WSN,10.0,5.0,8.0,140.0,-155.0
2018-09-14,SDP,TEX,0.0,4.0,8.5,-141.0,127.0
2018-09-14,STL,LAD,0.0,3.0,7.5,115.0,-125.0
2018-09-14,TBD,OAK,1.0,2.0,8.5,-125.0,115.0
2018-09-14,SFG,COL,2.0,0.0,7.5,109.0,-119.0
2018-09-14,MIL,PIT,7.0,4.0,8.5,-147.0,137.0
2018-09-15,PHI,FLA,5.0,4.0,8.5,-215.0,185.0
2018-09-15,CLE,DET,15.0,0.0,8.0,-275.0,225.0
2018-09-15,CHC,CIN,1.0,0.0,8.5,-215.0,195.0
2018-09-15,BOS,NYM,5.0,3.0,9.5,-260.0,230.0
2018-09-15,BAL,CHW,0.0,2.0,9.0,105.0,-115.0
2018-09-15,ATL,WSN,1.0,7.0,9.5,-145.0,130.0
2018-09-15,HOU,ARI,10.0,4.0,8.0,-180.0,162.0
2018-09-15,KCR,MIN,10.0,3.0,9.0,-123.0,113.0
2018-09-15,MIL,PIT,1.0,3.0,8.5,-170.0,150.0
2018-09-15,ANA,SEA,5.0,6.0,8.0,-145.0,130.0
2018-09-15,SDP,TEX,3.0,6.0,8.5,-130.0,120.0
2018-09-15,STL,LAD,4.0,17.0,8.5,122.0,-132.0
2018-09-15,TBD,OAK,7.0,5.0,8.5,-104.0,-106.0
2018-09-15,SFG,COL,3.0,0.0,7.0,138.0,-153.0
2018-09-15,NYY,TOR,7.0,8.0,9.5,-223.0,203.0
2018-09-16,PHI,FLA,4.0,6.0,8.5,-215.0,185.0
2018-09-16,CLE,DET,4.0,6.0,8.5,-190.0,170.0
2018-09-16,ANA,SEA,4.0,3.0,8.5,108.0,-118.0
2018-09-16,BAL,CHW,8.0,4.0,9.0,109.0,-119.0
2018-09-16,BOS,NYM,4.0,3.0,7.0,-177.0,162.0
2018-09-16,CHC,CIN,1.0,2.0,8.0,-153.0,138.0
2018-09-16,HOU,ARI,5.0,4.0,7.0,-195.0,183.0
2018-09-16,ATL,WSN,4.0,6.0,9.0,-128.0,118.0
2018-09-16,MIL,PIT,2.0,3.0,8.0,-168.0,151.0
2018-09-16,NYY,TOR,2.0,3.0,10.0,-220.0,200.0
2018-09-16,SDP,TEX,7.0,3.0,8.5,111.0,-121.0
2018-09-16,SFG,COL,2.0,3.0,7.5,112.0,-122.0
2018-09-16,STL,LAD,5.0,0.0,8.5,134.0,-148.0
2018-09-16,KCR,MIN,6.0,9.0,8.5,-105.0,-105.0
2018-09-16,TBD,OAK,5.0,4.0,8.0,100.0,-110.0
2018-09-17,FLA,WSN,8.0,5.0,8.5,138.0,-153.0
2018-09-17,HOU,SEA,1.0,4.0,9.0,-160.0,150.0
2018-09-17,BAL,TOR,0.0,5.0,9.5,125.0,-145.0
2018-09-17,ATL,STL,6.0,11.0,8.5,-140.0,125.0
2018-09-17,ARI,CHC,1.0,5.0,7.5,-142.0,127.0
2018-09-17,PHI,NYM,4.0,9.0,7.5,-142.0,128.0
2018-09-17,MIL,CIN,8.0,0.0,9.0,-175.0,155.0
2018-09-17,DET,MIN,1.0,6.0,9.0,-101.0,-109.0
2018-09-17,PIT,KCR,7.0,6.0,7.5,-175.0,155.0
2018-09-17,TEX,TBD,0.0,3.0,10.5,127.0,-141.0
2018-09-17,SDP,SFG,2.0,4.0,7.5,-114.0,104.0
2018-09-17,LAD,COL,8.0,2.0,7.0,-158.0,142.0
2018-09-18,FLA,WSN,2.0,4.0,7.5,205.0,-230.0
2018-09-18,ARI,CHC,1.0,9.0,8.5,-107.0,-103.0
2018-09-18,ATL,STL,1.0,8.0,9.0,-126.0,114.0
2018-09-18,NYY,BOS,3.0,2.0,9.0,-165.0,145.0
2018-09-18,CLE,CHW,5.0,3.0,8.0,-285.0,251.0
2018-09-18,DET,MIN,3.0,5.0,8.5,-102.0,-108.0
2018-09-18,HOU,SEA,7.0,0.0,8.5,-167.0,150.0
2018-09-18,BAL,TOR,4.0,6.0,8.5,109.0,-119.0
2018-09-18,MIL,CIN,1.0,3.0,9.0,-188.0,169.0
2018-09-18,PHI,NYM,5.0,2.0,7.5,-190.0,170.0
2018-09-18,OAK,ANA,7.0,9.0,8.0,-140.0,125.0
2018-09-18,PIT,KCR,2.0,1.0,7.5,-215.0,195.0
2018-09-18,SDP,SFG,4.0,5.0,7.0,-162.0,147.0
2018-09-18,TEX,TBD,0.0,4.0,9.0,188.0,-210.0
2018-09-18,LAD,COL,3.0,2.0,7.0,-230.0,190.0
2018-09-19,OAK,ANA,10.0,0.0,8.5,-137.0,124.0
2018-09-19,ARI,CHC,9.0,0.0,8.0,145.0,-165.0
2018-09-19,BAL,TOR,2.0,1.0,9.5,115.0,-125.0
2018-09-19,DET,MIN,2.0,8.0,9.0,113.0,-124.0
2018-09-19,HOU,SEA,0.0,9.0,8.5,-200.0,179.0
2018-09-19,LAD,COL,5.0,2.0,7.0,-230.0,210.0
2018-09-19,MIL,CIN,7.0,0.0,8.5,-178.0,160.0
2018-09-19,CLE,CHW,4.0,1.0,8.5,-368.0,319.0
2018-09-19,ATL,STL,7.0,3.0,8.5,106.0,-116.0
2018-09-19,PHI,NYM,4.0,0.0,7.5,110.0,-121.0
2018-09-19,SDP,SFG,8.0,4.0,7.0,-164.0,148.0
2018-09-19,TEX,TBD,3.0,9.0,10.0,135.0,-150.0
2018-09-19,PIT,KCR,2.0,1.0,8.0,-223.0,199.0
2018-09-19,NYY,BOS,10.0,1.0,8.5,-154.0,130.0
2018-09-20,TOR,TBD,9.0,8.0,8.5,139.0,-149.0
2018-09-20,OAK,ANA,21.0,3.0,8.5,-129.0,117.0
2018-09-20,NYY,BOS,6.0,11.0,8.5,-153.0,138.0
2018-09-20,FLA,CIN,2.0,4.0,8.0,121.0,-131.0
2018-09-20,DET,KCR,11.0,8.0,8.0,-140.0,126.0
2018-09-20,ATL,PHI,8.0,3.0,9.0,-145.0,130.0
2018-09-20,WSN,NYM,4.0,5.0,8.0,-280.0,230.0
2018-09-20,CLE,CHW,4.0,5.0,10.0,-220.0,200.0
2018-09-21,ATL,PHI,6.0,5.0,8.5,-124.0,114.0
2018-09-21,HOU,ANA,11.0,3.0,8.0,-201.0,181.0
2018-09-21,CHW,CHC,10.0,4.0,9.0,180.0,-190.0
2018-09-21,CLE,BOS,5.0,7.0,7.0,-145.0,131.0
2018-09-21,PIT,MIL,3.0,8.0,8.0,124.0,-134.0
2018-09-21,DET,KCR,3.0,4.0,9.0,-105.0,-105.0
2018-09-21,FLA,CIN,1.0,0.0,7.5,125.0,-140.0
2018-09-21,LAD,SDP,3.0,5.0,8.0,-265.0,245.0
2018-09-21,TOR,TBD,3.0,11.0,8.5,130.0,-145.0
2018-09-21,OAK,MIN,7.0,6.0,8.0,-176.0,161.0
2018-09-21,TEX,SEA,8.0,3.0,10.5,112.0,-122.0
2018-09-21,STL,SFG,5.0,3.0,7.5,-168.0,153.0
2018-09-21,WSN,NYM,2.0,4.0,8.0,150.0,-167.0
2018-09-21,ARI,COL,2.0,6.0,7.0,-119.0,109.0
2018-09-21,NYY,BAL,10.0,8.0,9.0,-309.0,279.0
2018-09-22,OAK,MIN,3.0,2.0,8.5,-245.0,218.0
2018-09-22,CLE,BOS,5.0,4.0,8.5,-146.0,131.0
2018-09-22,CHW,CHC,3.0,8.0,9.0,183.0,-205.0
2018-09-22,DET,KCR,5.0,4.0,8.0,-107.0,-103.0
2018-09-22,ATL,PHI,5.0,3.0,8.5,-151.0,136.0
2018-09-22,ARI,COL,1.0,5.0,7.5,-175.0,155.0
2018-09-22,FLA,CIN,5.0,1.0,7.5,103.0,-113.0
2018-09-22,HOU,ANA,10.0,5.0,7.5,-270.0,220.0
2018-09-22,NYY,BAL,3.0,2.0,9.5,-327.0,286.0
2018-09-22,WSN,NYM,6.0,0.0,9.5,-148.0,128.0
2018-09-22,PIT,MIL,3.0,0.0,7.5,109.0,-119.0
2018-09-22,TEX,SEA,0.0,13.0,9.5,-107.0,-103.0
2018-09-22,TOR,TBD,5.0,2.0,9.0,136.0,-151.0
2018-09-22,STL,SFG,5.0,4.0,7.5,-178.0,160.0
2018-09-22,LAD,SDP,7.0,2.0,8.0,-303.0,245.0
2018-09-23,HOU,ANA,6.0,2.0,8.0,-210.0,180.0
2018-09-23,ARI,COL,0.0,2.0,8.0,-110.0,100.0
2018-09-23,ATL,PHI,2.0,1.0,7.5,144.0,-160.0
2018-09-23,CLE,BOS,4.0,3.0,9.5,103.0,-113.0
2018-09-23,DET,KCR,2.0,3.0,8.0,-113.0,103.0
2018-09-23,FLA,CIN,6.0,0.0,7.5,111.0,-121.0
2018-09-23,PIT,MIL,6.0,13.0,8.5,135.0,-150.0
2018-09-23,LAD,SDP,14.0,0.0,7.5,-230.0,205.0
2018-09-23,OAK,MIN,1.0,5.0,8.5,-181.0,166.0
2018-09-23,CHW,CHC,1.0,6.0,8.5,170.0,-200.0
2018-09-23,STL,SFG,9.0,2.0,7.5,-200.0,170.0
2018-09-23,TEX,SEA,6.0,1.0,10.0,117.0,-129.0
2018-09-23,TOR,TBD,2.0,5.0,8.0,164.0,-179.0
2018-09-23,WSN,NYM,6.0,8.0,8.5,-126.0,116.0
2018-09-23,NYY,BAL,3.0,6.0,8.5,-305.0,268.0
2018-09-24,SEA,OAK,3.0,7.0,7.5,-155.0,145.0
2018-09-24,ARI,LAD,4.0,7.0,7.5,170.0,-180.0
2018-09-24,BOS,BAL,6.0,2.0,8.0,-250.0,222.0
2018-09-24,CHC,PIT,1.0,5.0,8.0,-156.0,141.0
2018-09-24,CHW,CLE,0.0,4.0,8.0,195.0,-233.0
2018-09-24,COL,PHI,10.0,1.0,10.5,-185.0,165.0
2018-09-24,TBD,NYY,1.0,4.0,8.5,106.0,-116.0
2018-09-24,STL,MIL,4.0,6.0,8.0,-142.0,128.0
2018-09-24,ANA,TEX,5.0,4.0,8.5,-146.0,131.0
2018-09-24,TOR,HOU,3.0,5.0,9.0,167.0,-182.0
2018-09-24,WSN,FLA,7.0,3.0,7.5,-266.0,235.0
2018-09-24,SFG,SDP,0.0,5.0,7.5,-140.0,125.0
2018-09-25,SFG,SDP,5.0,4.0,7.0,-105.0,-105.0
2018-09-25,CHW,CLE,5.0,4.0,9.0,190.0,-210.0
2018-09-25,COL,PHI,10.0,3.0,10.5,-146.0,131.0
2018-09-25,ARI,LAD,4.0,3.0,9.0,200.0,-240.0
2018-09-25,ANA,TEX,4.0,1.0,9.0,-159.0,135.0
2018-09-25,CHC,PIT,0.0,6.0,9.0,-176.0,161.0
2018-09-25,MIN,DET,2.0,4.0,8.5,-143.0,129.0
2018-09-25,STL,MIL,4.0,12.0,8.5,-109.0,-101.0
2018-09-25,SEA,OAK,10.0,8.0,8.0,-111.0,101.0
2018-09-25,WSN,FLA,9.0,4.0,7.5,-385.0,335.0
2018-09-25,TOR,HOU,1.0,4.0,9.0,168.0,-178.0
2018-09-25,NYM,ATL,3.0,7.0,7.5,-147.0,133.0
2018-09-25,CIN,KCR,3.0,4.0,9.0,-155.0,140.0
2018-09-25,TBD,NYY,2.0,9.0,7.5,179.0,-200.0
2018-09-26,SEA,OAK,3.0,9.0,8.5,-105.0,-105.0
2018-09-26,CHW,CLE,2.0,10.0,9.0,166.0,-185.0
2018-09-26,CHC,PIT,7.0,6.0,8.5,-185.0,165.0
2018-09-26,BOS,BAL,3.0,10.0,8.0,-334.0,304.0
2018-09-26,ANA,TEX,3.0,2.0,8.5,-173.0,158.0
2018-09-26,CIN,KCR,1.0,6.0,9.0,-160.0,145.0
2018-09-26,COL,PHI,14.0,0.0,9.5,-200.0,180.0
2018-09-26,MIN,DET,11.0,4.0,8.0,-135.0,122.0
2018-09-26,SFG,SDP,2.0,3.0,7.5,-109.0,-101.0
2018-09-26,TBD,NYY,8.0,7.0,7.0,155.0,-170.0
2018-09-26,TOR,HOU,3.0,1.0,8.0,101.0,-111.0
2018-09-26,WSN,FLA,9.0,3.0,9.0,-181.0,162.0
2018-09-26,STL,MIL,1.0,2.0,8.5,-102.0,-108.0
2018-09-26,NYM,ATL,3.0,0.0,7.0,-165.0,150.0
2018-09-26,ARI,LAD,7.0,2.0,8.0,109.0,-119.0
2018-09-27,KCR,CLE,2.0,1.0,9.5,126.0,-140.0
2018-09-27,CHC,PIT,3.0,0.0,9.0,-158.0,143.0
2018-09-27,SEA,TEX,0.0,2.0,8.5,-185.0,165.0
2018-09-27,COL,PHI,5.0,3.0,11.0,-175.0,160.0
2018-09-27,MIN,DET,9.0,3.0,8.5,-122.0,111.0
2018-09-27,TBD,NYY,1.0,12.0,8.5,140.0,-150.0
2018-09-27,NYM,ATL,4.0,1.0,8.0,114.0,-124.0
2018-09-28,NYM,FLA,1.0,8.0,7.5,-133.0,123.0
2018-09-28,CHC,STL,8.0,4.0,8.0,-152.0,137.0
2018-09-28,BOS,NYY,6.0,11.0,9.5,130.0,-140.0
2018-09-28,BAL,HOU,1.0,2.0,8.5,219.0,-239.0
2018-09-28,CIN,PIT,4.0,8.0,8.5,-127.0,117.0
2018-09-28,ANA,OAK,8.0,5.0,9.0,123.0,-136.0
2018-09-28,KCR,CLE,6.0,14.0,8.0,165.0,-175.0
2018-09-28,COL,WSN,5.0,2.0,10.5,-200.0,179.0
2018-09-28,MIN,CHW,2.0,1.0,8.5,-168.0,151.0
2018-09-28,PHI,ATL,2.0,10.0,8.5,131.0,-146.0
2018-09-28,SDP,ARI,3.0,2.0,7.0,140.0,-150.0
2018-09-28,SEA,TEX,12.0,6.0,8.5,-167.0,152.0
2018-09-28,SFG,LAD,1.0,3.0,7.0,170.0,-190.0
2018-09-28,TBD,TOR,6.0,7.0,7.5,-172.0,157.0
2018-09-28,MIL,DET,6.0,5.0,8.0,-257.0,232.0
2018-09-29,COL,WSN,2.0,12.0,9.5,-124.0,114.0
2018-09-29,ANA,OAK,2.0,5.0,9.0,-118.0,108.0
2018-09-29,KCR,CLE,9.0,4.0,8.0,205.0,-230.0
2018-09-29,MIL,DET,6.0,5.0,8.5,-255.0,230.0
2018-09-29,CHC,STL,1.0,2.0,8.0,-150.0,135.0
2018-09-29,CIN,PIT,3.0,0.0,8.5,120.0,-130.0
2018-09-29,BAL,HOU,2.0,5.0,8.5,209.0,-236.0
2018-09-29,NYM,FLA,1.0,0.0,7.5,-175.0,155.0
2018-09-29,MIN,CHW,8.0,3.0,8.0,-130.0,120.0
2018-09-29,PHI,ATL,3.0,0.0,7.5,-150.0,135.0
2018-09-29,SDP,ARI,4.0,5.0,8.0,116.0,-126.0
2018-09-29,SEA,TEX,4.0,1.0,8.0,-215.0,192.0
2018-09-29,BOS,NYY,5.0,8.0,9.5,-185.0,166.0
2018-09-29,SFG,LAD,6.0,10.0,7.0,246.0,-279.0
2018-09-29,TBD,TOR,4.0,3.0,7.0,-265.0,234.0
2018-09-30,CIN,PIT,5.0,6.0,9.5,-122.0,111.0
2018-09-30,COL,WSN,12.0,0.0,11.0,-190.0,170.0
2018-09-30,KCR,CLE,1.0,2.0,8.5,187.0,-209.0
2018-09-30,MIL,DET,11.0,0.0,9.0,-285.0,251.0
2018-09-30,MIN,CHW,5.0,4.0,9.0,-132.0,122.0
2018-09-30,BAL,HOU,4.0,0.0,9.0,202.0,-226.0
2018-09-30,PHI,ATL,3.0,1.0,8.5,136.0,-151.0
2018-09-30,SFG,LAD,0.0,15.0,7.5,226.0,-255.0
2018-09-30,BOS,NYY,10.0,2.0,9.0,-145.0,130.0
2018-09-30,SDP,ARI,4.0,3.0,7.5,110.0,-121.0
2018-09-30,TBD,TOR,9.0,4.0,8.0,-163.0,147.0
2018-09-30,ANA,OAK,5.0,4.0,9.0,-108.0,-102.0
2018-09-30,CHC,STL,10.0,5.0,8.5,-157.0,142.0
2018-09-30,SEA,TEX,3.0,1.0,9.0,-165.0,145.0
2018-09-30,NYM,FLA,1.0,0.0,7.0,-240.0,200.0
2018-10-01,CHC,MIL,1.0,3.0,8.0,-128.0,118.0
2018-10-01,LAD,COL,5.0,2.0,7.0,-175.0,155.0
2018-10-02,CHC,COL,1.0,2.0,7.5,-140.0,125.0
2018-10-03,NYY,OAK,7.0,2.0,8.5,-208.0,170.0
2018-10-04,LAD,ATL,6.0,0.0,7.0,-181.0,166.0
2018-10-04,MIL,COL,3.0,2.0,8.5,-165.0,145.0
2018-10-05,MIL,COL,4.0,0.0,8.0,-158.0,142.0
2018-10-05,HOU,CLE,7.0,2.0,6.5,-155.0,140.0
2018-10-05,BOS,NYY,5.0,4.0,8.0,-164.0,140.0
2018-10-05,LAD,ATL,3.0,0.0,7.0,-258.0,229.0
2018-10-06,BOS,NYY,2.0,6.0,9.0,109.0,-119.0
2018-10-06,HOU,CLE,3.0,1.0,7.5,-136.0,123.0
2018-10-07,COL,MIL,0.0,6.0,9.5,-162.0,147.0
2018-10-07,ATL,LAD,6.0,5.0,8.0,154.0,-171.0
2018-10-08,CLE,HOU,3.0,11.0,8.5,-127.0,117.0
2018-10-08,ATL,LAD,2.0,6.0,8.0,135.0,-150.0
2018-10-08,NYY,BOS,1.0,16.0,8.5,-165.0,145.0
2018-10-09,NYY,BOS,3.0,4.0,9.0,-145.0,130.0
2018-10-12,MIL,LAD,6.0,5.0,7.5,127.0,-137.0
2018-10-13,BOS,HOU,2.0,7.0,7.0,-122.0,112.0
2018-10-13,MIL,LAD,3.0,4.0,8.0,115.0,-125.0
2018-10-14,BOS,HOU,7.0,5.0,8.0,120.0,-130.0
2018-10-15,LAD,MIL,0.0,4.0,7.5,-175.0,160.0
2018-10-16,HOU,BOS,2.0,8.0,8.5,-125.0,115.0
2018-10-16,LAD,MIL,2.0,1.0,7.5,-147.0,133.0
2018-10-17,LAD,MIL,5.0,2.0,7.0,-180.0,160.0
2018-10-17,HOU,BOS,6.0,8.0,8.5,-150.0,136.0
2018-10-18,HOU,BOS,1.0,4.0,8.0,-185.0,165.0
2018-10-19,MIL,LAD,7.0,2.0,7.5,104.0,-114.0
2018-10-20,MIL,LAD,1.0,5.0,7.0,-115.0,105.0
2018-10-23,BOS,LAD,8.0,4.0,7.5,-167.0,152.0
2018-10-24,BOS,LAD,4.0,2.0,8.5,-138.0,125.0
2018-10-26,LAD,BOS,3.0,2.0,7.5,-176.0,161.0
2018-10-27,LAD,BOS,6.0,9.0,8.5,-136.0,123.0
2018-10-28,LAD,BOS,1.0,5.0,7.5,-153.0,138.0
2019-03-20,OAK,SEA,7.0,9.0,9.0,-145.0,135.0
2019-03-21,OAK,SEA,4.0,5.0,9.5,116.0,-126.0
2019-03-28,MIL,STL,5.0,4.0,8.5,-108.0,-102.0
2019-03-28,NYY,BAL,7.0,2.0,8.5,-363.0,316.0
2019-03-28,MIN,CLE,2.0,0.0,7.5,-117.0,107.0
2019-03-28,PHI,ATL,10.0,4.0,8.0,-179.0,150.0
2019-03-28,LAD,ARI,12.0,5.0,7.5,-165.0,149.0
2019-03-28,KCR,CHW,5.0,3.0,8.5,-119.0,109.0
2019-03-28,OAK,ANA,4.0,0.0,8.5,-105.0,-115.0
2019-03-28,FLA,COL,3.0,6.0,7.5,121.0,-131.0
2019-03-28,TBD,HOU,1.0,5.0,6.5,117.0,-129.0
2019-03-28,SEA,BOS,12.0,4.0,7.0,192.0,-215.0
2019-03-28,TEX,CHC,4.0,12.0,9.5,101.0,-111.0
2019-03-28,TOR,DET,0.0,2.0,9.0,-145.0,130.0
2019-03-28,WSN,NYM,0.0,2.0,6.5,-122.0,113.0
2019-03-28,CIN,PIT,5.0,3.0,8.5,-109.0,101.0
2019-03-28,SDP,SFG,2.0,0.0,7.5,-130.0,120.0
2019-03-29,FLA,COL,1.0,6.0,7.0,146.0,-156.0
2019-03-29,SDP,SFG,4.0,1.0,7.0,-158.0,143.0
2019-03-29,OAK,ANA,2.0,6.0,8.5,-105.0,-105.0
2019-03-29,LAD,ARI,4.0,5.0,7.0,-169.0,154.0
2019-03-29,SEA,BOS,6.0,7.0,8.0,123.0,-133.0
2019-03-29,TBD,HOU,4.0,2.0,7.0,129.0,-140.0
2019-03-29,TOR,DET,6.0,0.0,9.0,-121.0,111.0
2019-03-29,MIL,STL,5.0,9.0,8.5,103.0,-113.0
2019-03-30,MIL,STL,4.0,2.0,9.0,-130.0,120.0
2019-03-30,LAD,ARI,18.0,5.0,7.5,-200.0,165.0
2019-03-30,KCR,CHW,8.0,6.0,7.5,-127.0,117.0
2019-03-30,FLA,COL,7.0,3.0,7.5,115.0,-124.0
2019-03-30,OAK,ANA,4.0,2.0,8.5,-121.0,111.0
2019-03-30,NYY,BAL,3.0,5.0,8.5,-346.0,311.0
2019-03-30,PHI,ATL,8.0,6.0,9.5,-144.0,129.0
2019-03-30,SEA,BOS,6.0,5.0,8.5,149.0,-165.0
2019-03-30,TEX,CHC,8.0,6.0,9.5,144.0,-159.0
2019-03-30,TOR,DET,3.0,0.0,8.5,-125.0,115.0
2019-03-30,WSN,NYM,8.0,11.0,7.5,-116.0,106.0
2019-03-30,SDP,SFG,2.0,3.0,7.5,-131.0,121.0
2019-03-30,MIN,CLE,1.0,2.0,7.0,110.0,-121.0
2019-03-30,TBD,HOU,3.0,1.0,8.0,108.0,-118.0
2019-03-31,TBD,HOU,3.0,1.0,8.5,103.0,-113.0
2019-03-31,TEX,CHC,11.0,10.0,8.5,119.0,-129.0
2019-03-31,SEA,BOS,10.0,8.0,8.0,131.0,-142.0
2019-03-31,WSN,NYM,6.0,5.0,7.0,-169.0,140.0
2019-03-31,MIL,STL,5.0,4.0,9.0,-108.0,-100.0
2019-03-31,PHI,ATL,5.0,1.0,8.0,-145.0,131.0
2019-03-31,SDP,SFG,3.0,1.0,7.5,-177.0,163.0
2019-03-31,TOR,DET,3.0,4.0,9.0,-152.0,140.0
2019-03-31,NYY,BAL,5.0,7.0,8.5,-306.0,276.0
2019-03-31,MIN,CLE,9.0,3.0,7.0,104.0,-114.0
2019-03-31,LAD,ARI,8.0,7.0,7.5,-198.0,178.0
2019-03-31,KCR,CHW,3.0,6.0,8.5,-128.0,118.0
2019-03-31,FLA,COL,3.0,0.0,7.5,140.0,-155.0
2019-03-31,CIN,PIT,0.0,5.0,8.0,-127.0,118.0
2019-03-31,OAK,ANA,2.0,1.0,8.5,-130.0,120.0
2019-04-01,TOR,BAL,5.0,6.0,9.0,-169.0,145.0
2019-04-01,TEX,HOU,1.0,2.0,9.5,155.0,-169.0
2019-04-01,TBD,COL,7.0,1.0,8.5,-150.0,135.0
2019-04-01,SEA,ANA,6.0,3.0,9.0,-112.0,102.0
2019-04-01,PIT,STL,5.0,6.0,7.0,-122.0,112.0
2019-04-01,OAK,BOS,7.0,0.0,9.0,127.0,-138.0
2019-04-01,NYY,DET,3.0,1.0,8.5,-211.0,191.0
2019-04-01,FLA,NYM,3.0,7.0,7.5,119.0,-129.0
2019-04-01,CLE,CHW,5.0,3.0,7.5,-159.0,144.0
2019-04-01,CIN,MIL,3.0,4.0,8.5,102.0,-112.0
2019-04-01,ATL,CHC,8.0,0.0,8.5,-105.0,-105.0
2019-04-01,SDP,ARI,3.0,10.0,7.5,-171.0,156.0
2019-04-01,LAD,SFG,2.0,4.0,7.5,-199.0,179.0
2019-04-02,FLA,NYM,5.0,6.0,8.0,129.0,-143.0
2019-04-02,OAK,BOS,1.0,0.0,8.0,156.0,-171.0
2019-04-02,CIN,MIL,3.0,4.0,9.0,106.0,-116.0
2019-04-02,KCR,MIN,4.0,5.0,7.0,135.0,-159.0
2019-04-02,NYY,DET,1.0,3.0,7.5,-222.0,180.0
2019-04-02,SDP,ARI,5.0,8.0,7.5,-117.0,108.0
2019-04-02,LAD,SFG,6.0,5.0,7.0,-152.0,142.0
2019-04-02,TBD,COL,4.0,0.0,7.0,-170.0,155.0
2019-04-02,SEA,ANA,2.0,1.0,8.5,-121.0,110.0
2019-04-02,TOR,BAL,1.0,2.0,8.5,-180.0,165.0
2019-04-02,TEX,HOU,6.0,4.0,9.0,201.0,-221.0
2019-04-02,WSN,PHI,2.0,8.0,7.0,-180.0,166.0
2019-04-03,LAD,SFG,5.0,3.0,7.0,-189.0,174.0
2019-04-03,ATL,CHC,6.0,4.0,9.0,-132.0,122.0
2019-04-03,CIN,MIL,0.0,1.0,8.5,-116.0,106.0
2019-04-03,FLA,NYM,4.0,6.0,6.5,187.0,-207.0
2019-04-03,KCR,MIN,6.0,7.0,8.5,125.0,-135.0
2019-04-03,TOR,BAL,5.0,3.0,8.5,-147.0,136.0
2019-04-03,NYY,DET,1.0,2.0,9.5,-174.0,159.0
2019-04-03,CLE,CHW,3.0,8.0,6.5,-184.0,169.0
2019-04-03,SDP,ARI,4.0,1.0,7.0,-142.0,128.0
2019-04-03,TBD,COL,0.0,1.0,6.5,-127.0,117.0
2019-04-03,TEX,HOU,4.0,0.0,9.0,193.0,-213.0
2019-04-03,OAK,BOS,3.0,6.0,8.5,127.0,-137.0
2019-04-03,WSN,PHI,9.0,8.0,8.0,127.0,-141.0
2019-04-03,PIT,STL,4.0,5.0,7.5,-105.0,-110.0
2019-04-04,CLE,TOR,4.0,1.0,6.5,-187.0,172.0
2019-04-04,ATL,CHC,9.0,4.0,9.0,-123.0,113.0
2019-04-04,BAL,NYY,4.0,8.0,8.0,194.0,-212.0
2019-04-04,ANA,TEX,4.0,11.0,9.0,-154.0,139.0
2019-04-04,OAK,BOS,7.0,3.0,8.5,-101.0,-109.0
2019-04-04,NYM,WSN,0.0,4.0,6.5,-128.0,118.0
2019-04-04,PIT,CIN,2.0,0.0,7.5,-104.0,-106.0
2019-04-04,DET,KCR,5.0,4.0,7.5,100.0,-110.0
2019-04-05,CHW,SEA,10.0,8.0,8.5,115.0,-125.0
2019-04-05,ANA,TEX,3.0,1.0,8.5,-113.0,103.0
2019-04-05,ARI,BOS,15.0,8.0,8.5,117.0,-129.0
2019-04-05,CLE,TOR,3.0,2.0,7.5,-138.0,128.0
2019-04-05,ATL,FLA,4.0,0.0,8.0,-165.0,152.0
2019-04-05,MIL,CHC,13.0,10.0,8.5,-129.0,119.0
2019-04-05,SFG,TBD,2.0,5.0,7.0,106.0,-116.0
2019-04-05,HOU,OAK,3.0,2.0,8.5,-163.0,150.0
2019-04-05,PHI,MIN,10.0,4.0,8.0,-158.0,142.0
2019-04-05,PIT,CIN,2.0,0.0,8.0,-137.0,127.0
2019-04-05,STL,SDP,3.0,5.0,7.5,-178.0,163.0
2019-04-05,COL,LAD,6.0,10.0,10.5,118.0,-131.0
2019-04-06,COL,LAD,2.0,7.0,10.5,109.0,-118.0
2019-04-06,ARI,BOS,5.0,4.0,9.0,121.0,-134.0
2019-04-06,ATL,FLA,2.0,4.0,8.5,-173.0,158.0
2019-04-06,BAL,NYY,4.0,6.0,8.5,163.0,-181.0
2019-04-06,CHW,SEA,2.0,9.0,9.0,-101.0,-108.0
2019-04-06,CLE,TOR,7.0,2.0,8.0,-201.0,181.0
2019-04-06,ANA,TEX,5.0,1.0,8.5,-155.0,140.0
2019-04-06,DET,KCR,7.0,4.0,9.0,-129.0,119.0
2019-04-06,NYM,WSN,6.0,5.0,7.0,114.0,-126.0
2019-04-06,PHI,MIN,2.0,6.0,8.5,-150.0,135.0
2019-04-06,PIT,CIN,6.0,5.0,8.0,-114.0,105.0
2019-04-06,STL,SDP,4.0,6.0,7.5,-119.0,110.0
2019-04-06,SFG,TBD,6.0,4.0,7.5,117.0,-129.0
2019-04-06,HOU,OAK,6.0,0.0,9.5,-135.0,125.0
2019-04-06,MIL,CHC,8.0,14.0,8.5,-128.0,116.0
2019-04-07,ATL,FLA,4.0,3.0,8.5,-171.0,154.0
2019-04-07,CHW,SEA,5.0,12.0,9.0,-113.0,103.0
2019-04-07,COL,LAD,6.0,12.0,11.5,155.0,-170.0
2019-04-07,ARI,BOS,0.0,1.0,9.5,-103.0,-107.0
2019-04-07,ANA,TEX,7.0,2.0,9.5,-120.0,110.0
2019-04-07,CLE,TOR,3.0,1.0,8.0,-163.0,150.0
2019-04-07,BAL,NYY,3.0,15.0,9.0,163.0,-177.0
2019-04-07,DET,KCR,3.0,1.0,9.0,-101.0,-109.0
2019-04-07,STL,SDP,4.0,1.0,9.0,-120.0,105.0
2019-04-07,HOU,OAK,9.0,8.0,8.5,-183.0,168.0
2019-04-07,MIL,CHC,4.0,2.0,9.0,-105.0,-105.0
2019-04-07,PIT,CIN,7.0,5.0,7.5,-156.0,144.0
2019-04-07,NYM,WSN,9.0,12.0,6.5,118.0,-131.0
2019-04-07,PHI,MIN,2.0,1.0,8.5,-132.0,122.0
2019-04-07,SFG,TBD,0.0,3.0,7.0,101.0,-109.0
2019-04-08,STL,LAD,4.0,3.0,8.0,-109.0,100.0
2019-04-08,SFG,SDP,5.0,6.0,7.0,-130.0,120.0
2019-04-08,PHI,WSN,4.0,3.0,9.5,-135.0,125.0
2019-04-08,HOU,NYY,4.0,3.0,7.5,-147.0,137.0
2019-04-08,COL,ATL,6.0,8.0,10.5,-111.0,102.0
2019-04-08,CHW,TBD,1.0,5.0,7.5,160.0,-170.0
2019-04-08,BAL,OAK,12.0,4.0,10.0,140.0,-155.0
2019-04-08,ANA,MIL,5.0,2.0,9.0,-104.0,-106.0
2019-04-08,KCR,SEA,5.0,13.0,10.0,100.0,-110.0
2019-04-08,CHC,PIT,10.0,0.0,8.5,-139.0,129.0
2019-04-09,COL,ATL,1.0,7.0,10.5,-108.0,-102.0
2019-04-09,ARI,TEX,5.0,4.0,8.5,-145.0,135.0
2019-04-09,ANA,MIL,11.0,8.0,8.5,128.0,-138.0
2019-04-09,BAL,OAK,2.0,13.0,9.5,160.0,-175.0
2019-04-09,CHW,TBD,5.0,10.0,8.5,155.0,-170.0
2019-04-09,CIN,FLA,14.0,0.0,8.5,-187.0,171.0
2019-04-09,DET,CLE,2.0,8.0,8.0,128.0,-138.0
2019-04-09,PHI,WSN,6.0,10.0,8.0,-144.0,133.0
2019-04-09,STL,LAD,4.0,0.0,8.5,110.0,-120.0
2019-04-09,HOU,NYY,6.0,3.0,8.0,-193.0,177.0
2019-04-09,SFG,SDP,7.0,2.0,7.5,120.0,-130.0
2019-04-09,BOS,TOR,5.0,7.0,8.0,-255.0,225.0
2019-04-09,NYM,MIN,8.0,14.0,6.5,-260.0,220.0
2019-04-09,KCR,SEA,3.0,6.0,9.0,-111.0,101.0
2019-04-10,CHW,TBD,1.0,9.0,8.5,151.0,-164.0
2019-04-10,ANA,MIL,4.0,2.0,8.0,145.0,-155.0
2019-04-10,ARI,TEX,2.0,5.0,8.0,-138.0,125.0
2019-04-10,BAL,OAK,3.0,10.0,9.5,165.0,-180.0
2019-04-10,CHC,PIT,2.0,5.0,7.5,-170.0,160.0
2019-04-10,CIN,FLA,2.0,1.0,9.0,-151.0,141.0
2019-04-10,SFG,SDP,1.0,3.0,8.0,-104.0,-106.0
2019-04-10,KCR,SEA,5.0,6.0,9.5,145.0,-155.0
2019-04-10,NYM,MIN,9.0,6.0,7.5,-190.0,175.0
2019-04-10,PHI,WSN,1.0,15.0,9.0,-155.0,145.0
2019-04-10,STL,LAD,7.0,2.0,8.0,100.0,-110.0
2019-04-10,DET,CLE,4.0,1.0,7.0,135.0,-145.0
2019-04-10,HOU,NYY,8.0,6.0,8.0,-117.0,107.0
2019-04-11,BOS,TOR,7.0,6.0,9.0,-185.0,166.0
2019-04-11,ARI,SDP,6.0,7.0,9.0,-117.0,107.0
2019-04-11,ATL,NYM,3.0,6.0,9.0,-129.0,117.0
2019-04-11,BAL,OAK,5.0,8.0,8.5,140.0,-150.0
2019-04-11,CHC,PIT,2.0,0.0,9.0,-124.0,114.0
2019-04-11,CIN,FLA,5.0,0.0,8.5,-170.0,160.0
2019-04-11,DET,CLE,0.0,4.0,7.5,124.0,-134.0
2019-04-11,KCR,SEA,6.0,7.0,10.0,133.0,-143.0
2019-04-11,SFG,COL,1.0,0.0,7.5,102.0,-111.0
2019-04-11,STL,LAD,11.0,7.0,8.5,124.0,-134.0
2019-04-12,KCR,CLE,8.0,1.0,7.5,147.0,-163.0
2019-04-12,ARI,SDP,1.0,2.0,8.0,111.0,-121.0
2019-04-12,BOS,BAL,6.0,4.0,10.0,-250.0,222.0
2019-04-12,CHC,ANA,5.0,1.0,10.5,-172.0,157.0
2019-04-12,FLA,PHI,1.0,9.0,8.5,151.0,-161.0
2019-04-12,ATL,NYM,2.0,6.0,9.5,-110.0,101.0
2019-04-12,LAD,MIL,5.0,8.0,8.5,-155.0,145.0
2019-04-12,SEA,HOU,6.0,10.0,9.0,130.0,-140.0
2019-04-12,SFG,COL,3.0,2.0,7.5,-140.0,130.0
2019-04-12,WSN,PIT,3.0,6.0,8.0,-190.0,170.0
2019-04-12,TEX,OAK,6.0,8.0,10.5,108.0,-118.0
2019-04-12,TOR,TBD,7.0,11.0,8.5,133.0,-143.0
2019-04-12,NYY,CHW,6.0,9.0,9.5,-200.0,179.0
2019-04-13,ARI,SDP,4.0,5.0,9.0,-108.0,-102.0
2019-04-13,ATL,NYM,11.0,7.0,10.0,-150.0,135.0
2019-04-13,BOS,BAL,5.0,9.0,11.0,-250.0,215.0
2019-04-13,CHC,ANA,5.0,6.0,9.0,-195.0,179.0
2019-04-13,CIN,STL,5.0,2.0,10.5,102.0,-112.0
2019-04-13,FLA,PHI,10.0,3.0,7.5,155.0,-165.0
2019-04-13,LAD,MIL,1.0,4.0,9.0,-147.0,137.0
2019-04-13,KCR,CLE,3.0,0.0,9.0,-102.0,-108.0
2019-04-13,SEA,HOU,1.0,3.0,8.5,173.0,-188.0
2019-04-13,SFG,COL,5.0,2.0,7.0,-119.0,109.0
2019-04-13,TOR,TBD,3.0,1.0,8.0,182.0,-199.0
2019-04-13,MIN,DET,4.0,3.0,8.0,-200.0,180.0
2019-04-13,WSN,PIT,3.0,2.0,9.0,-119.0,109.0
2019-04-13,NYY,CHW,4.0,0.0,10.5,-160.0,150.0
2019-04-14,ARI,SDP,8.0,4.0,8.0,-138.0,128.0
2019-04-14,LAD,MIL,7.0,1.0,9.0,-140.0,130.0
2019-04-14,CIN,STL,5.0,9.0,10.0,110.0,-119.0
2019-04-14,FLA,PHI,1.0,3.0,8.5,143.0,-156.0
2019-04-14,KCR,CLE,9.0,8.0,7.5,128.0,-138.0
2019-04-14,ATL,NYM,7.0,3.0,8.5,142.0,-155.0
2019-04-14,MIN,DET,6.0,4.0,7.5,-230.0,200.0
2019-04-14,BOS,BAL,4.0,0.0,9.5,-252.0,224.0
2019-04-14,SFG,COL,0.0,4.0,7.0,-102.0,-108.0
2019-04-14,TEX,OAK,8.0,7.0,10.0,133.0,-143.0
2019-04-14,TOR,TBD,4.0,8.0,8.0,122.0,-135.0
2019-04-14,NYY,CHW,2.0,5.0,9.0,-200.0,180.0
2019-04-14,WSN,PIT,3.0,4.0,8.0,-171.0,154.0
2019-04-14,SEA,HOU,2.0,3.0,8.0,167.0,-185.0
2019-04-15,BOS,BAL,1.0,8.0,11.0,-255.0,225.0
2019-04-15,CHW,KCR,5.0,4.0,9.5,-119.0,109.0
2019-04-15,FLA,CHC,2.0,7.0,8.0,122.0,-132.0
2019-04-15,LAD,CIN,4.0,3.0,7.5,-183.0,168.0
2019-04-15,MIL,STL,10.0,7.0,9.5,-130.0,120.0
2019-04-15,MIN,TOR,3.0,5.0,8.5,-122.0,112.0
2019-04-15,SDP,COL,2.0,5.0,7.5,-160.0,150.0
2019-04-15,SEA,CLE,4.0,6.0,7.0,102.0,-111.0
2019-04-15,TEX,ANA,12.0,7.0,10.5,112.0,-122.0
2019-04-15,PHI,NYM,6.0,7.0,7.5,-117.0,107.0
2019-04-16,ATL,ARI,6.0,9.0,8.5,-135.0,125.0
2019-04-16,MIL,STL,8.0,4.0,9.0,-120.0,111.0
2019-04-16,MIN,TOR,5.0,6.0,9.0,-150.0,140.0
2019-04-16,CHW,KCR,5.0,1.0,9.5,-117.0,107.0
2019-04-16,DET,PIT,3.0,5.0,7.5,-107.0,-103.0
2019-04-16,FLA,CHC,0.0,4.0,8.0,119.0,-129.0
2019-04-16,LAD,CIN,6.0,1.0,8.5,-168.0,158.0
2019-04-16,TEX,ANA,5.0,0.0,10.0,-114.0,104.0
2019-04-16,WSN,SFG,3.0,7.0,8.0,-186.0,171.0
2019-04-16,OAK,HOU,1.0,9.0,9.0,144.0,-160.0
2019-04-16,PHI,NYM,14.0,3.0,9.0,-113.0,103.0
2019-04-16,SDP,COL,2.0,8.0,7.5,-106.0,-104.0
2019-04-16,SEA,CLE,2.0,4.0,8.0,115.0,-125.0
2019-04-16,TBD,BAL,4.0,2.0,8.0,-240.0,210.0
2019-04-16,NYY,BOS,8.0,0.0,8.5,-106.0,-104.0
2019-04-17,MIL,STL,3.0,6.0,9.5,-135.0,125.0
2019-04-17,ATL,ARI,2.0,3.0,9.0,-162.0,152.0
2019-04-17,CHW,KCR,3.0,4.0,8.5,105.0,-115.0
2019-04-17,DET,PIT,2.0,3.0,8.5,-102.0,-108.0
2019-04-17,FLA,CHC,0.0,6.0,8.0,147.0,-160.0
2019-04-17,LAD,CIN,3.0,2.0,8.0,-170.0,155.0
2019-04-17,SEA,CLE,0.0,1.0,7.5,118.0,-128.0
2019-04-17,NYY,BOS,5.0,3.0,9.0,-118.0,108.0
2019-04-17,OAK,HOU,2.0,1.0,9.0,-112.0,102.0
2019-04-17,PHI,NYM,3.0,2.0,8.5,-115.0,105.0
2019-04-17,TBD,BAL,8.0,1.0,8.0,-250.0,230.0
2019-04-17,TEX,ANA,5.0,4.0,10.5,-130.0,120.0
2019-04-17,WSN,SFG,9.0,6.0,8.5,-144.0,134.0
2019-04-17,MIN,TOR,4.0,1.0,8.5,-160.0,150.0
2019-04-18,MIL,LAD,1.0,3.0,9.5,-103.0,-105.0
2019-04-18,COL,PHI,6.0,2.0,11.0,-117.0,107.0
2019-04-18,ANA,SEA,10.0,11.0,10.0,-119.0,110.0
2019-04-18,ATL,ARI,1.0,4.0,9.0,-165.0,152.0
2019-04-18,DET,CHW,9.0,7.0,8.5,-105.0,-105.0
2019-04-18,MIN,TOR,4.0,7.0,8.0,-175.0,160.0
2019-04-18,NYY,KCR,1.0,6.0,9.0,-200.0,180.0
2019-04-18,SDP,CIN,1.0,4.0,7.5,-170.0,156.0
2019-04-18,TBD,BAL,5.0,6.0,8.5,-250.0,230.0
2019-04-18,WSN,SFG,4.0,2.0,7.5,-195.0,175.0
2019-04-19,MIL,LAD,3.0,5.0,9.5,101.0,-111.0
2019-04-19,ANA,SEA,3.0,5.0,9.0,-116.0,106.0
2019-04-19,CHC,ARI,5.0,1.0,7.0,-169.0,159.0
2019-04-19,COL,PHI,4.0,3.0,10.5,-148.0,137.0
2019-04-19,DET,CHW,3.0,7.0,8.5,-106.0,-104.0
2019-04-19,FLA,WSN,3.0,2.0,7.5,108.0,-118.0
2019-04-19,SDP,CIN,2.0,3.0,8.0,-128.0,118.0
2019-04-19,PIT,SFG,4.0,1.0,7.0,102.0,-112.0
2019-04-19,TEX,HOU,2.0,7.0,9.5,200.0,-230.0
2019-04-19,STL,NYM,4.0,5.0,9.0,-150.0,135.0
2019-04-19,TBD,BOS,4.0,6.0,8.5,-109.0,-101.0
2019-04-19,OAK,TOR,1.0,5.0,8.0,-131.0,121.0
2019-04-19,NYY,KCR,6.0,2.0,8.5,-158.0,148.0
2019-04-20,MIL,LAD,5.0,0.0,9.0,114.0,-126.0
2019-04-20,BAL,MIN,5.0,6.0,10.0,127.0,-137.0
2019-04-20,CHC,ARI,0.0,6.0,7.0,-130.0,120.0
2019-04-20,CLE,ATL,8.0,4.0,8.5,-135.0,125.0
2019-04-20,COL,PHI,5.0,8.0,10.5,128.0,-138.0
2019-04-20,FLA,WSN,9.0,3.0,7.0,210.0,-240.0
2019-04-20,NYY,KCR,9.0,2.0,8.5,-245.0,210.0
2019-04-20,ANA,SEA,5.0,6.0,9.0,-120.0,110.0
2019-04-20,PIT,SFG,3.0,1.0,7.0,-133.0,123.0
2019-04-20,SDP,CIN,2.0,4.0,7.0,-104.0,-106.0
2019-04-20,STL,NYM,10.0,2.0,9.0,-139.0,128.0
2019-04-20,TBD,BOS,5.0,6.0,8.5,-137.0,127.0
2019-04-20,TEX,HOU,9.0,4.0,10.0,226.0,-255.0
2019-04-20,OAK,TOR,1.0,10.0,8.0,-147.0,133.0
2019-04-21,FLA,WSN,0.0,5.0,7.0,149.0,-161.0
2019-04-21,ANA,SEA,8.0,6.0,9.5,-127.0,117.0
2019-04-21,BAL,MIN,3.0,4.0,9.0,135.0,-145.0
2019-04-21,CLE,ATL,5.0,11.0,8.0,-111.0,101.0
2019-04-21,COL,PHI,4.0,1.0,11.0,-145.0,135.0
2019-04-21,DET,CHW,4.0,3.0,9.5,-113.0,104.0
2019-04-21,SDP,CIN,4.0,3.0,7.5,-162.0,152.0
2019-04-21,CHC,ARI,2.0,1.0,9.5,-104.0,-106.0
2019-04-21,NYY,KCR,7.0,6.0,8.0,-200.0,185.0
2019-04-21,OAK,TOR,4.0,5.0,8.0,-150.0,140.0
2019-04-21,PIT,SFG,2.0,3.0,7.0,-143.0,133.0
2019-04-21,TEX,HOU,11.0,10.0,10.5,170.0,-190.0
2019-04-21,STL,NYM,6.0,4.0,8.5,120.0,-130.0
2019-04-21,TBD,BOS,3.0,4.0,8.0,-110.0,100.0
2019-04-21,MIL,LAD,5.0,6.0,8.5,119.0,-129.0
2019-04-22,ANA,NYY,3.0,4.0,8.5,-108.0,-100.0
2019-04-22,BAL,CHW,2.0,12.0,9.5,112.0,-122.0
2019-04-22,COL,WSN,7.0,5.0,11.0,-123.0,112.0
2019-04-22,HOU,MIN,5.0,9.0,9.5,-170.0,153.0
2019-04-22,NYM,PHI,5.0,1.0,8.5,-106.0,-104.0
2019-04-22,OAK,TEX,6.0,1.0,8.5,-145.0,135.0
2019-04-22,STL,MIL,13.0,5.0,8.5,-144.0,133.0
2019-04-22,TBD,KCR,6.0,3.0,7.5,-170.0,160.0
2019-04-22,PIT,ARI,4.0,12.0,7.5,-133.0,123.0
2019-04-23,COL,WSN,3.0,6.0,11.0,143.0,-153.0
2019-04-23,CLE,FLA,1.0,3.0,7.5,-230.0,210.0
2019-04-23,ANA,NYY,5.0,7.0,8.5,-104.0,-106.0
2019-04-23,BAL,CHW,9.0,1.0,9.5,125.0,-135.0
2019-04-23,BOS,DET,2.0,4.0,9.0,-180.0,162.0
2019-04-23,CHC,LAD,7.0,2.0,8.0,-111.0,101.0
2019-04-23,CIN,ATL,7.0,6.0,9.5,105.0,-115.0
2019-04-23,HOU,MIN,10.0,4.0,9.5,-145.0,135.0
2019-04-23,TBD,KCR,5.0,2.0,8.0,-185.0,170.0
2019-04-23,OAK,TEX,11.0,5.0,8.0,-150.0,140.0
2019-04-23,STL,MIL,4.0,3.0,9.0,-117.0,107.0
2019-04-23,SDP,SEA,6.0,3.0,8.0,-124.0,114.0
2019-04-23,NYM,PHI,9.0,0.0,8.5,-131.0,121.0
2019-04-23,PIT,ARI,1.0,2.0,8.0,-106.0,-104.0
2019-04-23,TOR,SFG,6.0,7.0,8.5,-106.0,-104.0
2019-04-24,COL,WSN,9.0,5.0,10.5,-169.0,155.0
2019-04-24,ANA,NYY,5.0,6.0,8.5,104.0,-114.0
2019-04-24,BAL,CHW,4.0,3.0,9.5,-120.0,110.0
2019-04-24,BOS,DET,11.0,4.0,9.5,-215.0,195.0
2019-04-24,CHC,LAD,7.0,6.0,8.0,106.0,-116.0
2019-04-24,CIN,ATL,1.0,3.0,9.5,109.0,-118.0
2019-04-24,CLE,FLA,6.0,2.0,9.0,-157.0,147.0
2019-04-24,SDP,SEA,1.0,0.0,8.5,-166.0,153.0
2019-04-24,PIT,ARI,2.0,11.0,8.0,-114.0,106.0
2019-04-24,STL,MIL,5.0,2.0,8.5,-127.0,117.0
2019-04-24,TBD,KCR,2.0,10.0,7.0,-240.0,213.0
2019-04-24,TOR,SFG,0.0,4.0,8.5,110.0,-120.0
2019-04-24,NYM,PHI,0.0,6.0,9.0,120.0,-130.0
2019-04-24,HOU,MIN,7.0,1.0,9.0,-240.0,210.0
2019-04-24,OAK,TEX,6.0,5.0,9.5,-160.0,150.0
2019-04-25,CHC,LAD,1.0,2.0,8.5,105.0,-115.0
2019-04-25,ANA,NYY,11.0,5.0,8.0,102.0,-112.0
2019-04-25,CIN,ATL,4.0,2.0,9.0,-136.0,123.0
2019-04-25,BOS,DET,7.0,3.0,9.5,-215.0,197.0
2019-04-25,HOU,CLE,1.0,2.0,7.5,-150.0,140.0
2019-04-25,PHI,FLA,1.0,3.0,7.5,-200.0,180.0
2019-04-25,PIT,ARI,0.0,5.0,7.0,-108.0,-102.0
2019-04-25,SEA,TEX,14.0,2.0,8.5,-140.0,130.0
2019-04-26,WSN,SDP,3.0,4.0,7.0,-210.0,190.0
2019-04-26,LAD,PIT,6.0,2.0,7.5,-180.0,162.0
2019-04-26,TOR,OAK,4.0,2.0,9.0,-126.0,116.0
2019-04-26,ARI,CHC,8.0,3.0,9.0,-105.0,-105.0
2019-04-26,ATL,COL,4.0,8.0,8.5,-160.0,150.0
2019-04-26,CHW,DET,12.0,11.0,9.0,-133.0,123.0
2019-04-26,KCR,ANA,1.0,5.0,9.0,102.0,-112.0
2019-04-26,HOU,CLE,3.0,6.0,8.5,-123.0,113.0
2019-04-26,NYM,MIL,2.0,10.0,7.0,-172.0,158.0
2019-04-26,PHI,FLA,4.0,0.0,8.5,-180.0,165.0
2019-04-26,SEA,TEX,5.0,4.0,9.0,-140.0,130.0
2019-04-26,SFG,NYY,3.0,7.0,6.0,102.0,-112.0
2019-04-26,STL,CIN,1.0,12.0,8.0,-147.0,137.0
2019-04-26,MIN,BAL,6.0,1.0,9.5,-190.0,175.0
2019-04-27,SFG,NYY,4.0,6.0,7.5,-105.0,-105.0
2019-04-27,NYM,MIL,6.0,8.0,7.5,-131.0,121.0
2019-04-27,HOU,CLE,4.0,3.0,9.0,-141.0,130.0
2019-04-27,KCR,ANA,9.0,4.0,9.0,106.0,-116.0
2019-04-27,LAD,PIT,3.0,1.0,7.5,-217.0,192.0
2019-04-27,MIN,BAL,9.0,2.0,8.5,-251.0,223.0
2019-04-27,PHI,FLA,12.0,9.0,8.0,-191.0,176.0
2019-04-27,BOS,TBD,1.0,2.0,9.0,-125.0,115.0
2019-04-27,STL,CIN,6.0,3.0,9.0,-127.0,117.0
2019-04-27,TOR,OAK,7.0,1.0,9.0,-105.0,-105.0
2019-04-27,WSN,SDP,3.0,8.0,8.5,-170.0,155.0
2019-04-27,ATL,COL,5.0,9.0,9.0,-116.0,106.0
2019-04-27,ARI,CHC,1.0,9.0,10.5,-108.0,-102.0
2019-04-27,SEA,TEX,1.0,15.0,8.5,-104.0,-106.0
2019-04-28,LAD,PIT,7.0,6.0,8.0,-185.0,170.0
2019-04-28,ARI,CHC,5.0,6.0,8.5,-101.0,-109.0
2019-04-28,ATL,COL,8.0,7.0,9.0,-165.0,152.0
2019-04-28,BOS,TBD,2.0,5.0,8.0,-130.0,120.0
2019-04-28,CHW,DET,4.0,1.0,8.0,109.0,-119.0
2019-04-28,HOU,CLE,4.0,1.0,8.5,-106.0,-104.0
2019-04-28,KCR,ANA,3.0,7.0,9.0,100.0,-110.0
2019-04-28,NYM,MIL,5.0,2.0,8.0,-120.0,110.0
2019-04-28,SEA,TEX,1.0,14.0,9.0,-126.0,114.0
2019-04-28,SFG,NYY,5.0,11.0,7.5,115.0,-125.0
2019-04-28,STL,CIN,5.0,2.0,7.5,-137.0,127.0
2019-04-28,TOR,OAK,5.0,4.0,9.5,110.0,-120.0
2019-04-28,WSN,SDP,7.0,6.0,8.5,112.0,-122.0
2019-04-28,PHI,FLA,5.0,1.0,7.5,-165.0,152.0
2019-04-28,MIN,BAL,4.0,1.0,8.5,-210.0,185.0
2019-04-29,ATL,SDP,3.0,1.0,9.0,-160.0,145.0
2019-04-29,KCR,TBD,5.0,8.0,8.5,140.0,-150.0
2019-04-29,WSN,STL,3.0,6.0,8.5,-137.0,127.0
2019-04-29,BOS,OAK,9.0,4.0,9.0,-133.0,120.0
2019-04-29,MIL,COL,5.0,1.0,9.0,-110.0,100.0
2019-04-29,NYM,CIN,4.0,5.0,7.5,-155.0,143.0
2019-04-29,SFG,LAD,3.0,2.0,8.0,140.0,-150.0
2019-04-29,CHW,BAL,5.0,3.0,8.5,-130.0,120.0
2019-04-29,MIN,HOU,1.0,0.0,8.0,155.0,-170.0
2019-04-30,FLA,CLE,4.0,7.0,7.0,182.0,-203.0
2019-04-30,BOS,OAK,5.0,1.0,9.5,-160.0,150.0
2019-04-30,MIL,COL,4.0,3.0,8.0,101.0,-109.0
2019-04-30,ARI,NYY,3.0,1.0,8.5,-145.0,131.0
2019-04-30,ANA,TOR,4.0,3.0,9.0,-144.0,130.0
2019-04-30,SFG,LAD,3.0,10.0,7.0,135.0,-145.0
2019-04-30,TEX,PIT,4.0,6.0,11.0,-106.0,-104.0
2019-04-30,ATL,SDP,3.0,4.0,8.5,-111.0,101.0
2019-04-30,WSN,STL,2.0,3.0,9.5,108.0,-117.0
2019-04-30,NYM,CIN,4.0,3.0,8.0,-103.0,-107.0
2019-04-30,SEA,CHC,5.0,6.0,9.0,122.0,-132.0
2019-04-30,PHI,DET,1.0,3.0,8.5,-190.0,174.0
2019-04-30,MIN,HOU,0.0,11.0,7.5,152.0,-165.0
2019-05-01,CHW,BAL,4.0,5.0,9.0,-180.0,166.0
2019-05-01,BOS,OAK,7.0,3.0,9.5,-140.0,126.0
2019-05-01,FLA,CLE,4.0,2.0,6.5,111.0,-121.0
2019-05-01,ARI,NYY,3.0,2.0,8.0,100.0,-110.0
2019-05-01,KCR,TBD,3.0,2.0,8.5,126.0,-136.0
2019-05-01,ATL,SDP,5.0,1.0,9.0,-140.0,130.0
2019-05-01,MIL,COL,4.0,11.0,9.0,-145.0,135.0
2019-05-01,ANA,TOR,6.0,3.0,8.5,-109.0,-101.0
2019-05-01,NYM,CIN,0.0,1.0,7.0,-180.0,165.0
2019-05-01,PHI,DET,7.0,3.0,8.0,-240.0,220.0
2019-05-01,SEA,CHC,0.0,11.0,9.0,-107.0,-103.0
2019-05-01,SFG,LAD,2.0,1.0,7.0,117.0,-127.0
2019-05-01,TEX,PIT,5.0,7.0,10.5,123.0,-133.0
2019-05-01,WSN,STL,1.0,5.0,7.5,-140.0,130.0
2019-05-01,MIN,HOU,6.0,2.0,9.0,130.0,-140.0
2019-05-02,KCR,TBD,1.0,3.0,8.0,152.0,-162.0
2019-05-02,ANA,TOR,6.0,2.0,9.0,-161.0,148.0
2019-05-02,ATL,SDP,2.0,11.0,8.5,-147.0,137.0
2019-05-02,CHW,BOS,6.0,4.0,9.0,172.0,-187.0
2019-05-02,MIN,HOU,8.0,2.0,8.0,-112.0,104.0
2019-05-02,NYM,CIN,1.0,0.0,7.5,-180.0,165.0
2019-05-02,MIL,COL,6.0,11.0,8.5,-123.0,113.0
2019-05-02,WSN,STL,2.0,1.0,9.0,-153.0,143.0
2019-05-03,CLE,SEA,2.0,1.0,8.5,-144.0,134.0
2019-05-03,COL,ARI,9.0,10.0,11.0,-106.0,-104.0
2019-05-03,BAL,TBD,0.0,7.0,9.5,210.0,-230.0
2019-05-03,CHC,STL,4.0,0.0,7.5,-103.0,-107.0
2019-05-03,CHW,BOS,1.0,6.0,8.0,160.0,-175.0
2019-05-03,CIN,SFG,11.0,12.0,8.0,-145.0,135.0
2019-05-03,MIL,NYM,3.0,1.0,8.5,-127.0,115.0
2019-05-03,PIT,OAK,1.0,14.0,8.0,-124.0,115.0
2019-05-03,FLA,ATL,2.0,7.0,8.0,148.0,-158.0
2019-05-03,NYY,MIN,6.0,3.0,7.5,-150.0,140.0
2019-05-03,PHI,WSN,4.0,2.0,9.0,-174.0,159.0
2019-05-03,SDP,LAD,3.0,4.0,7.5,143.0,-153.0
2019-05-03,TEX,TOR,0.0,1.0,9.0,-140.0,126.0
2019-05-03,DET,KCR,4.0,3.0,8.0,-145.0,134.0
2019-05-04,CLE,SEA,5.0,4.0,8.5,-195.0,175.0
2019-05-04,BAL,TBD,3.0,0.0,9.0,160.0,-170.0
2019-05-04,CHC,STL,6.0,5.0,8.5,-115.0,105.0
2019-05-04,ANA,HOU,2.0,14.0,10.5,128.0,-139.0
2019-05-04,CHW,BOS,2.0,15.0,9.0,155.0,-170.0
2019-05-04,CIN,SFG,9.0,2.0,8.5,-127.0,117.0
2019-05-04,COL,ARI,2.0,9.0,10.5,-129.0,119.0
2019-05-04,DET,KCR,3.0,15.0,9.0,-114.0,104.0
2019-05-04,TEX,TOR,8.0,5.0,10.0,-126.0,116.0
2019-05-04,NYY,MIN,3.0,7.0,9.0,-122.0,113.0
2019-05-04,PHI,WSN,8.0,10.0,8.0,-114.0,104.0
2019-05-04,PIT,OAK,6.0,4.0,7.5,-105.0,-105.0
2019-05-04,SDP,LAD,6.0,7.0,7.5,-105.0,-105.0
2019-05-04,FLA,ATL,2.0,9.0,7.5,148.0,-158.0
2019-05-04,MIL,NYM,4.0,3.0,9.0,-116.0,106.0
2019-05-05,CIN,SFG,5.0,6.0,8.0,-178.0,168.0
2019-05-05,CHW,BOS,2.0,9.0,9.5,140.0,-150.0
2019-05-05,NYY,MIN,4.0,1.0,8.5,-136.0,126.0
2019-05-05,CHC,STL,13.0,5.0,10.0,-120.0,110.0
2019-05-05,ANA,HOU,4.0,10.0,10.0,195.0,-213.0
2019-05-05,COL,ARI,8.0,7.0,9.5,-138.0,128.0
2019-05-05,CLE,SEA,0.0,10.0,9.0,-139.0,129.0
2019-05-05,DET,KCR,5.0,2.0,8.5,-119.0,110.0
2019-05-05,FLA,ATL,1.0,3.0,7.5,111.0,-120.0
2019-05-05,MIL,NYM,3.0,2.0,9.0,-170.0,153.0
2019-05-05,PHI,WSN,7.0,1.0,8.5,-170.0,153.0
2019-05-05,PIT,OAK,5.0,3.0,8.0,104.0,-114.0
2019-05-05,TEX,TOR,10.0,2.0,10.5,-134.0,124.0
2019-05-05,SDP,LAD,8.0,5.0,8.0,115.0,-125.0
2019-05-06,NYY,SEA,7.0,3.0,9.0,-142.0,132.0
2019-05-06,CIN,SFG,12.0,4.0,8.0,-150.0,140.0
2019-05-06,TBD,ARI,12.0,1.0,7.5,-210.0,190.0
2019-05-06,STL,PHI,6.0,0.0,9.0,-130.0,120.0
2019-05-06,SDP,NYM,4.0,0.0,6.5,105.0,-115.0
2019-05-06,MIL,WSN,5.0,3.0,7.5,-105.0,-105.0
2019-05-06,TOR,MIN,0.0,8.0,8.5,-111.0,101.0
2019-05-06,HOU,KCR,6.0,4.0,8.0,-287.0,260.0
2019-05-06,CLE,CHW,1.0,9.0,9.0,-250.0,220.0
2019-05-06,CHC,FLA,5.0,6.0,7.0,-270.0,240.0
2019-05-06,BAL,BOS,4.0,1.0,9.5,152.0,-165.0
2019-05-06,LAD,ATL,5.0,3.0,8.0,-154.0,144.0
2019-05-07,LAD,ATL,9.0,0.0,7.5,-135.0,125.0
2019-05-07,BAL,BOS,5.0,8.0,10.0,181.0,-197.0
2019-05-07,CHC,FLA,5.0,2.0,6.5,-165.0,152.0
2019-05-07,CLE,CHW,0.0,2.0,8.5,-135.0,125.0
2019-05-07,COL,SFG,4.0,14.0,10.0,-122.0,113.0
2019-05-07,DET,ANA,2.0,5.0,9.0,125.0,-135.0
2019-05-07,HOU,KCR,2.0,12.0,9.0,-241.0,220.0
2019-05-07,SDP,NYM,6.0,7.0,7.5,141.0,-152.0
2019-05-07,STL,PHI,1.0,11.0,9.0,105.0,-115.0
2019-05-07,TOR,MIN,0.0,3.0,9.0,140.0,-150.0
2019-05-07,NYY,SEA,5.0,4.0,9.5,-160.0,150.0
2019-05-07,TBD,ARI,6.0,3.0,8.5,-172.0,161.0
2019-05-07,OAK,CIN,2.0,0.0,9.0,-128.0,116.0
2019-05-07,PIT,TEX,5.0,4.0,8.5,-137.0,127.0
2019-05-07,MIL,WSN,6.0,0.0,8.0,-114.0,104.0
2019-05-08,HOU,KCR,9.0,0.0,9.0,-230.0,205.0
2019-05-08,MIL,WSN,7.0,3.0,8.5,-192.0,172.0
2019-05-08,CHC,FLA,3.0,2.0,8.0,-230.0,200.0
2019-05-08,CLE,CHW,5.0,3.0,8.5,-200.0,180.0
2019-05-08,DET,ANA,10.0,3.0,8.0,-113.0,103.0
2019-05-08,LAD,ATL,9.0,4.0,8.0,-210.0,185.0
2019-05-08,NYY,SEA,1.0,10.0,9.0,-127.0,117.0
2019-05-08,BAL,BOS,1.0,2.0,8.5,245.0,-280.0
2019-05-08,PIT,TEX,6.0,9.0,9.0,-126.0,116.0
2019-05-08,SDP,NYM,3.0,2.0,8.0,-132.0,122.0
2019-05-08,STL,PHI,0.0,5.0,8.5,-151.0,136.0
2019-05-08,TBD,ARI,2.0,3.0,7.5,-154.0,142.0
2019-05-08,TOR,MIN,1.0,9.0,8.5,122.0,-132.0
2019-05-08,OAK,CIN,5.0,4.0,8.5,-124.0,114.0
2019-05-09,DET,ANA,0.0,13.0,9.5,150.0,-160.0
2019-05-09,ARI,ATL,3.0,2.0,8.5,-105.0,-105.0
2019-05-09,CHC,FLA,4.0,1.0,10.0,-201.0,186.0
2019-05-09,COL,SFG,12.0,11.0,9.5,-164.0,154.0
2019-05-09,CLE,CHW,5.0,0.0,9.0,-240.0,220.0
2019-05-09,HOU,TEX,4.0,2.0,9.0,-174.0,159.0
2019-05-09,LAD,WSN,0.0,6.0,7.0,-150.0,140.0
2019-05-09,NYY,SEA,3.0,1.0,9.0,-140.0,126.0
2019-05-09,STL,PIT,17.0,4.0,8.5,-143.0,133.0
2019-05-09,OAK,CIN,0.0,3.0,8.5,-166.0,151.0
2019-05-10,ARI,ATL,1.0,2.0,8.5,-132.0,122.0
2019-05-10,BAL,ANA,3.0,8.0,11.0,170.0,-190.0
2019-05-10,BOS,SEA,14.0,1.0,10.0,-202.0,181.0
2019-05-10,KCR,PHI,5.0,1.0,9.0,131.0,-141.0
2019-05-10,CHC,MIL,0.0,7.0,7.5,-123.0,113.0
2019-05-10,COL,SDP,12.0,2.0,10.0,-174.0,160.0
2019-05-10,HOU,TEX,3.0,0.0,8.5,-270.0,225.0
2019-05-10,LAD,WSN,5.0,0.0,8.5,-215.0,192.0
2019-05-10,STL,PIT,1.0,2.0,8.5,-160.0,150.0
2019-05-10,NYM,FLA,11.0,2.0,7.5,-176.0,163.0
2019-05-10,OAK,CLE,4.0,3.0,8.5,-148.0,138.0
2019-05-10,SFG,CIN,0.0,7.0,7.5,136.0,-147.0
2019-05-10,TBD,NYY,3.0,4.0,7.5,-166.0,153.0
2019-05-10,TOR,CHW,4.0,3.0,9.0,-125.0,115.0
2019-05-10,MIN,DET,6.0,0.0,9.0,-210.0,185.0
2019-05-11,BAL,ANA,2.0,7.0,9.5,125.0,-135.0
2019-05-11,KCR,PHI,0.0,7.0,9.0,120.0,-130.0
2019-05-11,BOS,SEA,9.0,5.0,11.0,-180.0,165.0
2019-05-11,CHC,MIL,2.0,1.0,7.5,-123.0,113.0
2019-05-11,ARI,ATL,4.0,6.0,9.0,111.0,-121.0
2019-05-11,COL,SDP,3.0,4.0,10.0,-132.0,122.0
2019-05-11,LAD,WSN,2.0,5.0,7.0,-134.0,124.0
2019-05-11,HOU,TEX,11.0,4.0,9.0,-289.0,261.0
2019-05-11,SFG,CIN,4.0,5.0,7.5,122.0,-132.0
2019-05-11,STL,PIT,1.0,2.0,7.5,-191.0,171.0
2019-05-11,TOR,CHW,2.0,7.0,8.5,-149.0,137.0
2019-05-11,TBD,NYY,7.0,2.0,8.5,-141.0,131.0
2019-05-11,NYM,FLA,4.0,1.0,7.0,-315.0,276.0
2019-05-11,OAK,CLE,3.0,2.0,8.0,113.0,-123.0
2019-05-11,MIN,DET,3.0,5.0,8.5,-159.0,149.0
2019-05-12,KCR,PHI,1.0,6.0,9.5,100.0,-110.0
2019-05-12,ARI,ATL,3.0,5.0,9.5,110.0,-119.0
2019-05-12,BAL,ANA,5.0,1.0,8.0,150.0,-160.0
2019-05-12,BOS,SEA,11.0,2.0,10.0,-134.0,121.0
2019-05-12,HOU,TEX,15.0,5.0,10.0,-205.0,185.0
2019-05-12,CHC,MIL,4.0,1.0,7.5,-118.0,108.0
2019-05-12,LAD,WSN,6.0,0.0,7.5,-139.0,129.0
2019-05-12,COL,SDP,10.0,7.0,12.0,-108.0,-100.0
2019-05-12,OAK,CLE,3.0,5.0,9.0,-117.0,107.0
2019-05-12,SFG,CIN,6.0,5.0,7.0,-111.0,101.0
2019-05-12,STL,PIT,6.0,10.0,8.5,-170.0,155.0
2019-05-12,TBD,NYY,1.0,7.0,7.0,-185.0,166.0
2019-05-12,TOR,CHW,1.0,5.0,8.5,-113.0,103.0
2019-05-12,MIN,DET,3.0,5.0,8.5,-181.0,163.0
2019-05-13,DET,HOU,1.0,8.0,9.0,147.0,-159.0
2019-05-13,ARI,PIT,9.0,3.0,9.0,-180.0,165.0
2019-05-13,CHW,CLE,5.0,2.0,8.5,142.0,-152.0
2019-05-13,MIN,ANA,4.0,5.0,9.0,-130.0,120.0
2019-05-13,PHI,MIL,7.0,4.0,8.0,-150.0,140.0
2019-05-13,SEA,OAK,6.0,5.0,9.0,-115.0,106.0
2019-05-14,ARI,PIT,2.0,6.0,9.0,-154.0,142.0
2019-05-14,CIN,CHC,1.0,3.0,9.5,-105.0,-105.0
2019-05-14,ATL,STL,3.0,14.0,9.0,112.0,-121.0
2019-05-14,WSN,NYM,2.0,6.0,8.0,130.0,-140.0
2019-05-14,BOS,COL,4.0,5.0,8.5,-250.0,227.0
2019-05-14,CHW,CLE,0.0,9.0,8.0,176.0,-192.0
2019-05-14,DET,HOU,4.0,11.0,10.5,195.0,-215.0
2019-05-14,SFG,TOR,3.0,7.0,7.5,-125.0,115.0
2019-05-14,KCR,TEX,11.0,5.0,10.0,-136.0,126.0
2019-05-14,MIN,ANA,4.0,3.0,9.0,-131.0,121.0
2019-05-14,PHI,MIL,1.0,6.0,8.0,107.0,-117.0
2019-05-14,SEA,OAK,4.0,3.0,9.0,105.0,-115.0
2019-05-14,LAD,SDP,6.0,3.0,7.0,-153.0,143.0
2019-05-14,FLA,TBD,0.0,4.0,6.5,134.0,-145.0
2019-05-15,ARI,PIT,11.0,1.0,7.5,-160.0,150.0
2019-05-15,KCR,TEX,1.0,6.0,9.5,108.0,-118.0
2019-05-15,BOS,COL,6.0,5.0,9.0,-142.0,128.0
2019-05-15,CIN,CHC,6.0,5.0,9.0,-134.0,124.0
2019-05-15,DET,HOU,1.0,5.0,9.5,324.0,-362.0
2019-05-15,FLA,TBD,0.0,1.0,7.5,163.0,-176.0
2019-05-15,ATL,STL,4.0,0.0,9.5,-134.0,124.0
2019-05-15,PHI,MIL,2.0,5.0,9.0,-120.0,111.0
2019-05-15,WSN,NYM,5.0,1.0,8.5,-154.0,142.0
2019-05-15,SFG,TOR,4.0,3.0,7.5,-144.0,134.0
2019-05-15,MIN,ANA,8.0,7.0,9.5,-141.0,130.0
2019-05-15,NYY,BAL,3.0,1.0,9.0,-240.0,210.0
2019-05-15,LAD,SDP,2.0,0.0,7.5,-157.0,144.0
2019-05-16,ATL,STL,10.0,2.0,10.0,-112.0,102.0
2019-05-16,CLE,BAL,14.0,7.0,9.0,-342.0,307.0
2019-05-16,CHW,TOR,4.0,2.0,9.5,114.0,-124.0
2019-05-16,CIN,CHC,4.0,2.0,8.0,-138.0,128.0
2019-05-16,DET,OAK,3.0,17.0,8.0,140.0,-152.0
2019-05-16,PHI,MIL,3.0,11.0,9.0,-118.0,108.0
2019-05-16,SDP,PIT,4.0,3.0,7.5,-135.0,125.0
2019-05-16,SEA,MIN,6.0,11.0,9.5,-103.0,-107.0
2019-05-16,WSN,NYM,7.0,6.0,9.0,117.0,-127.0
2019-05-16,KCR,TEX,1.0,16.0,10.5,-106.0,-104.0
2019-05-17,ARI,SFG,7.0,0.0,9.0,-140.0,130.0
2019-05-17,CLE,BAL,1.0,5.0,9.0,-171.0,154.0
2019-05-17,ANA,KCR,5.0,2.0,10.0,-161.0,148.0
2019-05-17,ATL,MIL,12.0,8.0,9.0,-126.0,116.0
2019-05-17,BOS,HOU,1.0,3.0,9.5,133.0,-143.0
2019-05-17,CHW,TOR,2.0,10.0,9.0,-116.0,106.0
2019-05-17,CIN,LAD,0.0,6.0,10.0,127.0,-138.0
2019-05-17,DET,OAK,2.0,7.0,9.0,180.0,-190.0
2019-05-17,NYY,TBD,4.0,3.0,9.5,-106.0,-102.0
2019-05-17,PHI,COL,5.0,4.0,9.5,-117.0,107.0
2019-05-17,SDP,PIT,3.0,5.0,7.0,-160.0,145.0
2019-05-17,WSN,CHC,6.0,14.0,8.0,-159.0,147.0
2019-05-17,SEA,MIN,1.0,7.0,8.5,-110.0,100.0
2019-05-17,TEX,STL,7.0,3.0,11.5,147.0,-157.0
2019-05-17,FLA,NYM,8.0,6.0,6.5,209.0,-235.0
2019-05-18,BOS,HOU,3.0,7.0,10.5,101.0,-111.0
2019-05-18,ATL,MIL,4.0,3.0,9.5,-116.0,106.0
2019-05-18,ARI,SFG,5.0,8.0,8.5,103.0,-113.0
2019-05-18,DET,OAK,1.0,4.0,9.0,103.0,-113.0
2019-05-18,CLE,BAL,4.0,1.0,9.0,-152.0,140.0
2019-05-18,CHW,TOR,4.0,1.0,9.5,-155.0,145.0
2019-05-18,ANA,KCR,6.0,3.0,9.0,-182.0,167.0
2019-05-18,CIN,LAD,4.0,0.0,10.0,147.0,-162.0
2019-05-18,TEX,STL,2.0,8.0,12.5,111.0,-121.0
2019-05-18,NYY,TBD,1.0,2.0,8.5,100.0,-108.0
2019-05-18,PHI,COL,2.0,1.0,9.5,-176.0,163.0
2019-05-18,SDP,PIT,2.0,7.0,8.0,-158.0,148.0
2019-05-18,WSN,CHC,5.0,2.0,8.5,-135.0,122.0
2019-05-18,FLA,NYM,2.0,0.0,7.5,118.0,-128.0
2019-05-18,SEA,MIN,4.0,18.0,9.0,123.0,-133.0
2019-05-19,ANA,KCR,1.0,5.0,8.5,-160.0,150.0
2019-05-19,CIN,LAD,3.0,8.0,9.5,155.0,-170.0
2019-05-19,ARI,SFG,2.0,3.0,8.0,-190.0,175.0
2019-05-19,ATL,MIL,2.0,3.0,9.5,128.0,-139.0
2019-05-19,BOS,HOU,4.0,3.0,9.5,-180.0,162.0
2019-05-19,CHW,TOR,2.0,5.0,9.5,-113.0,103.0
2019-05-19,DET,OAK,3.0,7.0,,,
2019-05-19,CLE,BAL,10.0,0.0,10.0,-240.0,213.0
2019-05-19,NYY,TBD,13.0,5.0,9.0,107.0,-117.0
2019-05-19,PHI,COL,7.0,5.0,10.0,-122.0,112.0
2019-05-19,SDP,PIT,4.0,6.0,8.0,-113.0,103.0
2019-05-19,SEA,MIN,7.0,4.0,8.5,-110.0,100.0
2019-05-19,TEX,STL,5.0,4.0,11.0,150.0,-160.0
2019-05-19,WSN,CHC,5.0,6.0,10.0,137.0,-147.0
2019-05-19,FLA,NYM,3.0,0.0,7.0,180.0,-200.0
2019-05-20,CLE,OAK,4.0,6.0,8.0,-180.0,170.0
2019-05-20,HOU,CHW,3.0,0.0,9.0,-235.0,205.0
2019-05-20,ANA,MIN,1.0,3.0,8.5,-133.0,123.0
2019-05-20,BAL,NYY,7.0,10.0,9.0,168.0,-178.0
2019-05-20,CHC,PHI,4.0,5.0,8.5,-118.0,109.0
2019-05-20,TOR,BOS,2.0,12.0,9.0,199.0,-223.0
2019-05-20,SFG,ATL,1.0,4.0,7.5,138.0,-153.0
2019-05-20,TEX,SEA,10.0,9.0,11.0,-141.0,130.0
2019-05-20,NYM,WSN,5.0,3.0,8.5,144.0,-154.0
2019-05-20,SDP,ARI,2.0,1.0,6.5,-143.0,133.0
2019-05-21,HOU,CHW,5.0,1.0,8.5,-350.0,300.0
2019-05-21,ANA,MIN,3.0,8.0,9.0,-112.0,104.0
2019-05-21,BAL,NYY,4.0,11.0,9.5,230.0,-280.0
2019-05-21,CHC,PHI,3.0,2.0,7.0,-132.0,122.0
2019-05-21,CLE,OAK,3.0,5.0,8.5,-127.0,117.0
2019-05-21,DET,FLA,4.0,5.0,7.0,-108.0,-102.0
2019-05-21,NYM,WSN,6.0,5.0,7.5,-138.0,127.0
2019-05-21,MIL,CIN,0.0,3.0,8.5,-132.0,122.0
2019-05-21,SDP,ARI,3.0,2.0,7.0,-103.0,-107.0
2019-05-21,SFG,ATL,4.0,3.0,8.0,105.0,-115.0
2019-05-21,TBD,LAD,3.0,7.0,8.0,125.0,-135.0
2019-05-21,TEX,SEA,5.0,3.0,11.5,-121.0,110.0
2019-05-21,TOR,BOS,10.0,3.0,8.5,130.0,-141.0
2019-05-21,PIT,COL,0.0,5.0,7.5,109.0,-119.0
2019-05-22,DET,FLA,3.0,6.0,9.0,-112.0,102.0
2019-05-22,BAL,NYY,5.0,7.0,10.5,218.0,-245.0
2019-05-22,CHC,PHI,8.0,4.0,10.5,-168.0,153.0
2019-05-22,CLE,OAK,2.0,7.0,9.5,111.0,-121.0
2019-05-22,NYM,WSN,6.0,1.0,6.5,105.0,-115.0
2019-05-22,HOU,CHW,4.0,9.0,8.5,-360.0,290.0
2019-05-22,SDP,ARI,5.0,2.0,7.5,-131.0,121.0
2019-05-22,STL,KCR,10.0,3.0,9.5,-195.0,183.0
2019-05-22,MIL,CIN,11.0,9.0,7.5,-105.0,-105.0
2019-05-22,SFG,ATL,2.0,9.0,7.5,145.0,-160.0
2019-05-22,TOR,BOS,5.0,6.0,9.0,135.0,-145.0
2019-05-22,TBD,LAD,8.0,1.0,8.0,110.0,-120.0
2019-05-22,TEX,SEA,2.0,1.0,11.5,122.0,-132.0
2019-05-22,PIT,COL,3.0,9.0,8.5,102.0,-112.0
2019-05-23,BAL,NYY,5.0,6.0,8.5,185.0,-210.0
2019-05-23,ANA,MIN,7.0,16.0,9.0,125.0,-135.0
2019-05-23,TOR,BOS,2.0,8.0,10.0,118.0,-128.0
2019-05-23,SFG,ATL,4.0,5.0,7.5,104.0,-114.0
2019-05-23,NYM,WSN,6.0,4.0,7.5,153.0,-167.0
2019-05-23,CLE,TBD,2.0,7.0,9.5,115.0,-125.0
2019-05-23,DET,FLA,2.0,5.0,9.0,-147.0,136.0
2019-05-23,CHC,PHI,7.0,9.0,9.5,115.0,-127.0
2019-05-23,PIT,COL,14.0,6.0,9.0,-130.0,120.0
2019-05-23,HOU,CHW,0.0,4.0,9.0,-186.0,167.0
2019-05-24,NYM,DET,8.0,9.0,7.5,-280.0,230.0
2019-05-24,COL,BAL,8.0,6.0,12.0,-150.0,140.0
2019-05-24,CHC,CIN,5.0,6.0,8.0,-177.0,162.0
2019-05-24,CLE,TBD,3.0,1.0,7.5,119.0,-129.0
2019-05-24,ANA,TEX,3.0,4.0,9.5,-162.0,146.0
2019-05-24,HOU,BOS,4.0,3.0,8.5,134.0,-144.0
2019-05-24,MIN,CHW,11.0,4.0,9.0,-200.0,185.0
2019-05-24,MIL,PHI,4.0,6.0,9.5,-142.0,132.0
2019-05-24,PIT,LAD,2.0,10.0,8.5,180.0,-205.0
2019-05-24,SFG,ARI,2.0,18.0,7.0,126.0,-136.0
2019-05-24,STL,ATL,2.0,5.0,10.0,-150.0,140.0
2019-05-24,TOR,SDP,3.0,6.0,8.5,109.0,-119.0
2019-05-24,WSN,FLA,12.0,10.0,9.0,-146.0,135.0
2019-05-24,OAK,SEA,6.0,2.0,9.5,-158.0,148.0
2019-05-25,HOU,BOS,4.0,3.0,8.5,-130.0,120.0
2019-05-25,KCR,NYY,5.0,6.0,9.5,148.0,-158.0
2019-05-25,NYM,DET,5.0,4.0,9.0,-180.0,165.0
2019-05-25,ANA,TEX,3.0,2.0,8.5,-106.0,-104.0
2019-05-25,CHC,CIN,8.0,6.0,11.0,-146.0,136.0
2019-05-25,CLE,TBD,2.0,6.0,8.5,-125.0,115.0
2019-05-25,COL,BAL,6.0,9.0,12.0,-174.0,159.0
2019-05-25,MIL,PHI,2.0,7.0,10.0,-129.0,119.0
2019-05-25,OAK,SEA,6.0,5.0,9.0,-119.0,109.0
2019-05-25,PIT,LAD,2.0,7.0,8.0,169.0,-188.0
2019-05-25,SFG,ARI,4.0,10.0,8.0,-115.0,106.0
2019-05-25,STL,ATL,6.0,3.0,9.5,102.0,-112.0
2019-05-25,TOR,SDP,4.0,19.0,10.0,-101.0,-109.0
2019-05-25,WSN,FLA,5.0,0.0,9.0,-235.0,215.0
2019-05-25,MIN,CHW,8.0,1.0,10.5,-230.0,205.0
2019-05-26,KCR,NYY,8.0,7.0,9.5,150.0,-160.0
2019-05-26,MIL,PHI,9.0,1.0,9.0,-154.0,139.0
2019-05-26,ANA,TEX,7.0,6.0,9.0,-165.0,155.0
2019-05-26,CHC,CIN,2.0,10.0,7.5,-160.0,150.0
2019-05-26,CLE,TBD,3.0,6.0,8.0,-108.0,-102.0
2019-05-26,COL,BAL,8.0,7.0,12.0,-334.0,300.0
2019-05-26,HOU,BOS,1.0,4.0,8.5,-165.0,152.0
2019-05-26,OAK,SEA,7.0,1.0,9.5,-140.0,130.0
2019-05-26,MIN,CHW,7.0,0.0,10.0,-260.0,220.0
2019-05-26,NYM,DET,4.0,3.0,7.5,-173.0,158.0
2019-05-26,PIT,LAD,7.0,11.0,9.0,150.0,-165.0
2019-05-26,SFG,ARI,2.0,6.0,7.0,100.0,-110.0
2019-05-26,STL,ATL,3.0,4.0,9.0,-136.0,126.0
2019-05-26,TOR,SDP,10.0,1.0,8.5,-114.0,104.0
2019-05-26,WSN,FLA,9.0,6.0,9.0,-136.0,126.0
2019-05-27,COL,ARI,4.0,3.0,10.0,-106.0,-107.0
2019-05-27,WSN,FLA,2.0,3.0,8.0,-310.0,255.0
2019-05-27,BAL,DET,5.0,3.0,9.5,-104.0,-106.0
2019-05-27,CHW,KCR,2.0,1.0,,,
2019-05-27,CIN,PIT,5.0,8.0,9.0,-205.0,185.0
2019-05-27,BOS,CLE,12.0,5.0,10.5,-185.0,167.0
2019-05-27,HOU,CHC,6.0,5.0,8.0,-175.0,157.0
2019-05-27,NYY,SDP,5.0,2.0,10.0,-133.0,123.0
2019-05-27,OAK,ANA,8.0,5.0,9.0,-155.0,145.0
2019-05-27,SEA,TEX,6.0,2.0,9.5,-124.0,115.0
2019-05-27,TBD,TOR,8.0,3.0,8.5,-180.0,165.0
2019-05-27,LAD,NYM,9.0,5.0,6.5,-180.0,162.0
2019-05-27,MIN,MIL,4.0,5.0,9.5,100.0,-110.0
2019-05-28,COL,ARI,6.0,2.0,12.0,-133.0,120.0
2019-05-28,FLA,SFG,11.0,3.0,7.5,-107.0,-101.0
2019-05-28,ATL,WSN,4.0,5.0,9.0,-118.0,108.0
2019-05-28,BAL,DET,0.0,3.0,9.0,100.0,-110.0
2019-05-28,BOS,CLE,5.0,7.0,9.0,-200.0,180.0
2019-05-28,CHW,KCR,4.0,3.0,9.5,-115.0,105.0
2019-05-28,CIN,PIT,11.0,6.0,10.0,-107.0,-101.0
2019-05-28,HOU,CHC,9.0,6.0,9.0,-122.0,112.0
2019-05-28,OAK,ANA,4.0,6.0,9.0,-174.0,159.0
2019-05-28,PHI,STL,4.0,3.0,10.5,-118.0,108.0
2019-05-28,MIN,MIL,5.0,3.0,10.0,105.0,-115.0
2019-05-28,SEA,TEX,4.0,11.0,9.5,-149.0,138.0
2019-05-28,TBD,TOR,3.0,1.0,8.5,-200.0,180.0
2019-05-28,LAD,NYM,3.0,7.0,8.0,-200.0,180.0
2019-05-28,NYY,SDP,4.0,5.0,9.5,-193.0,173.0
2019-05-29,COL,ARI,5.0,4.0,11.0,105.0,-115.0
2019-05-29,ATL,WSN,4.0,14.0,10.5,-170.0,156.0
2019-05-29,BAL,DET,2.0,4.0,10.0,-128.0,118.0
2019-05-29,BOS,CLE,9.0,14.0,9.0,-105.0,-105.0
2019-05-29,CHW,KCR,8.0,7.0,9.0,-110.0,100.0
2019-05-29,CIN,PIT,2.0,7.0,10.5,-149.0,139.0
2019-05-29,LAD,NYM,9.0,8.0,7.5,-185.0,166.0
2019-05-29,HOU,CHC,1.0,2.0,9.0,-101.0,-109.0
2019-05-29,NYY,SDP,7.0,0.0,7.5,-135.0,125.0
2019-05-29,PHI,STL,11.0,4.0,10.0,-180.0,166.0
2019-05-29,SEA,TEX,7.0,8.0,9.5,-133.0,123.0
2019-05-29,TBD,TOR,4.0,3.0,7.0,-260.0,230.0
2019-05-29,OAK,ANA,7.0,12.0,9.0,-133.0,123.0
2019-05-29,FLA,SFG,4.0,2.0,7.0,110.0,-120.0
2019-05-30,COL,ARI,11.0,10.0,12.0,-121.0,111.0
2019-05-30,CHW,CLE,10.0,4.0,8.5,176.0,-191.0
2019-05-30,FLA,SFG,1.0,3.0,7.5,-102.0,-106.0
2019-05-30,LAD,NYM,2.0,0.0,8.5,-250.0,215.0
2019-05-30,PHI,STL,3.0,5.0,10.5,-105.0,-105.0
2019-05-30,TBD,MIN,14.0,3.0,8.0,-154.0,144.0
2019-05-30,SEA,ANA,3.0,9.0,9.0,-130.0,120.0
2019-05-30,TEX,KCR,2.0,4.0,10.0,-168.0,155.0
2019-05-30,PIT,MIL,5.0,11.0,9.0,111.0,-122.0
2019-05-31,ATL,DET,2.0,8.0,9.0,-194.0,177.0
2019-05-31,BAL,SFG,9.0,6.0,9.0,103.0,-113.0
2019-05-31,CHW,CLE,6.0,1.0,10.0,155.0,-170.0
2019-05-31,CIN,WSN,9.0,3.0,9.0,111.0,-121.0
2019-05-31,COL,TOR,13.0,6.0,12.0,-280.0,245.0
2019-05-31,ARI,NYM,4.0,5.0,9.0,104.0,-114.0
2019-05-31,NYY,BOS,4.0,1.0,9.0,130.0,-140.0
2019-05-31,TEX,KCR,6.0,2.0,10.5,-109.0,-101.0
2019-05-31,TBD,MIN,3.0,5.0,8.0,-129.0,119.0
2019-05-31,OAK,HOU,2.0,3.0,8.5,117.0,-127.0
2019-05-31,SEA,ANA,4.0,3.0,9.5,115.0,-125.0
2019-05-31,SDP,FLA,5.0,2.0,7.0,-170.0,160.0
2019-05-31,PIT,MIL,9.0,4.0,9.5,119.0,-129.0
2019-05-31,LAD,PHI,6.0,3.0,9.0,-154.0,142.0
2019-05-31,STL,CHC,2.0,1.0,9.0,-127.0,117.0
2019-06-01,CIN,WSN,2.0,5.0,10.0,-129.0,119.0
2019-06-01,CHW,CLE,2.0,5.0,10.5,-105.0,-105.0
2019-06-01,SEA,ANA,3.0,6.0,9.0,113.0,-123.0
2019-06-01,ATL,DET,10.0,5.0,9.0,-265.0,234.0
2019-06-01,COL,TOR,4.0,2.0,11.0,-150.0,140.0
2019-06-01,ARI,NYM,6.0,5.0,7.5,-108.0,-102.0
2019-06-01,BAL,SFG,2.0,8.0,10.5,123.0,-133.0
2019-06-01,LAD,PHI,4.0,3.0,8.5,-196.0,178.0
2019-06-01,TBD,MIN,2.0,6.0,8.0,-117.0,107.0
2019-06-01,OAK,HOU,1.0,5.0,7.5,144.0,-158.0
2019-06-01,SDP,FLA,3.0,9.0,8.0,-155.0,145.0
2019-06-01,STL,CHC,7.0,4.0,9.0,-145.0,135.0
2019-06-01,NYY,BOS,5.0,3.0,9.5,-129.0,119.0
2019-06-01,PIT,MIL,10.0,12.0,9.5,175.0,-195.0
2019-06-01,TEX,KCR,6.0,2.0,10.5,-174.0,164.0
2019-06-02,COL,TOR,5.0,1.0,12.5,-130.0,120.0
2019-06-02,ARI,NYM,7.0,1.0,9.0,-108.0,-102.0
2019-06-02,ATL,DET,7.0,4.0,9.0,-173.0,159.0
2019-06-02,BAL,SFG,1.0,8.0,10.0,-102.0,-108.0
2019-06-02,TEX,KCR,5.0,1.0,11.0,-120.0,111.0
2019-06-02,CIN,WSN,1.0,4.0,8.5,120.0,-130.0
2019-06-02,TBD,MIN,7.0,9.0,8.5,-119.0,109.0
2019-06-02,OAK,HOU,4.0,6.0,7.5,122.0,-133.0
2019-06-02,NYY,BOS,5.0,8.0,10.0,110.0,-119.0
2019-06-02,CHW,CLE,2.0,0.0,8.0,-112.0,102.0
2019-06-02,PIT,MIL,2.0,4.0,9.0,102.0,-112.0
2019-06-02,SDP,FLA,3.0,9.0,8.0,-181.0,167.0
2019-06-02,SEA,ANA,3.0,13.0,10.0,-120.0,110.0
2019-06-02,STL,CHC,2.0,1.0,9.0,-102.0,-108.0
2019-06-02,LAD,PHI,8.0,0.0,9.0,-175.0,160.0
2019-06-03,CHC,ANA,8.0,1.0,9.0,-170.0,155.0
2019-06-03,ARI,LAD,1.0,3.0,8.5,120.0,-133.0
2019-06-03,SDP,PHI,8.0,2.0,7.5,127.0,-137.0
2019-06-03,SEA,HOU,2.0,4.0,9.5,116.0,-126.0
2019-06-04,KCR,BOS,3.0,8.0,10.0,180.0,-200.0
2019-06-04,ANA,OAK,2.0,4.0,8.5,-106.0,-102.0
2019-06-04,ARI,LAD,0.0,9.0,10.0,190.0,-220.0
2019-06-04,CHC,COL,6.0,3.0,10.5,-210.0,185.0
2019-06-04,CLE,MIN,5.0,2.0,9.0,-128.0,118.0
2019-06-04,MIL,FLA,0.0,16.0,9.0,-210.0,188.0
2019-06-04,NYM,SFG,3.0,9.0,7.0,-145.0,135.0
2019-06-04,DET,TBD,9.0,6.0,8.5,240.0,-271.0
2019-06-04,SDP,PHI,6.0,9.0,7.5,-150.0,140.0
2019-06-04,SEA,HOU,5.0,11.0,9.5,150.0,-160.0
2019-06-04,STL,CIN,1.0,4.0,8.5,-108.0,-102.0
2019-06-04,TEX,BAL,11.0,12.0,10.5,-133.0,123.0
2019-06-04,TOR,NYY,4.0,3.0,9.0,180.0,-200.0
2019-06-04,WSN,CHW,9.0,5.0,8.5,-255.0,235.0
2019-06-04,PIT,ATL,5.0,12.0,9.0,180.0,-200.0
2019-06-05,ARI,LAD,3.0,2.0,9.5,152.0,-162.0
2019-06-05,ANA,OAK,10.0,9.0,9.0,-125.0,115.0
2019-06-05,MIL,FLA,3.0,8.0,9.0,-250.0,215.0
2019-06-05,CLE,MIN,9.0,7.0,9.5,114.0,-124.0
2019-06-05,DET,TBD,0.0,4.0,9.0,183.0,-195.0
2019-06-05,KCR,BOS,0.0,8.0,8.5,225.0,-245.0
2019-06-05,NYM,SFG,7.0,0.0,8.5,-145.0,135.0
2019-06-05,CHC,COL,9.0,8.0,7.0,-120.0,110.0
2019-06-05,PIT,ATL,7.0,4.0,9.5,120.0,-130.0
2019-06-05,TOR,NYY,11.0,7.0,8.5,175.0,-190.0
2019-06-05,WSN,CHW,6.0,4.0,10.5,-185.0,167.0
2019-06-05,SEA,HOU,14.0,1.0,9.0,147.0,-157.0
2019-06-05,SDP,PHI,5.0,7.0,9.0,102.0,-112.0
2019-06-05,TEX,BAL,2.0,1.0,9.0,-171.0,157.0
2019-06-06,MIL,FLA,5.0,1.0,8.5,-178.0,163.0
2019-06-06,ANA,OAK,4.0,7.0,9.5,-122.0,112.0
2019-06-06,CHC,COL,1.0,3.0,8.5,-190.0,175.0
2019-06-06,CLE,MIN,4.0,5.0,8.5,-115.0,105.0
2019-06-06,DET,TBD,1.0,6.0,9.0,165.0,-180.0
2019-06-06,KCR,BOS,5.0,7.0,10.0,122.0,-132.0
2019-06-06,NYM,SFG,7.0,3.0,7.5,-167.0,153.0
2019-06-06,PIT,ATL,6.0,1.0,9.5,101.0,-111.0
2019-06-06,SEA,HOU,7.0,8.0,7.5,170.0,-190.0
2019-06-06,STL,CIN,3.0,1.0,9.5,-144.0,132.0
2019-06-06,TEX,BAL,4.0,3.0,11.0,-186.0,168.0
2019-06-06,TOR,NYY,2.0,6.0,10.5,185.0,-210.0
2019-06-06,SDP,WSN,5.0,4.0,7.5,-112.0,102.0
2019-06-07,BOS,TBD,1.0,5.0,10.0,-109.0,-101.0
2019-06-07,HOU,BAL,4.0,3.0,8.0,-360.0,280.0
2019-06-07,CHC,STL,3.0,1.0,7.5,-123.0,113.0
2019-06-07,CLE,NYY,5.0,2.0,9.0,108.0,-118.0
2019-06-07,DET,MIN,3.0,6.0,9.0,117.0,-127.0
2019-06-07,FLA,ATL,1.0,7.0,7.5,168.0,-185.0
2019-06-07,KCR,CHW,6.0,4.0,10.0,-118.0,109.0
2019-06-07,ANA,SEA,2.0,6.0,9.0,-178.0,160.0
2019-06-07,PHI,CIN,4.0,2.0,9.0,-116.0,106.0
2019-06-07,SDP,WSN,5.0,4.0,9.0,103.0,-113.0
2019-06-07,SFG,LAD,2.0,1.0,7.5,220.0,-250.0
2019-06-07,TOR,ARI,2.0,8.0,9.0,-126.0,114.0
2019-06-07,TEX,OAK,3.0,5.0,10.0,-110.0,100.0
2019-06-07,MIL,PIT,10.0,4.0,9.5,-272.0,240.0
2019-06-07,NYM,COL,1.0,5.0,7.5,-200.0,179.0
2019-06-08,ANA,SEA,12.0,3.0,9.5,-130.0,120.0
2019-06-08,FLA,ATL,0.0,1.0,7.5,137.0,-148.0
2019-06-08,TOR,ARI,0.0,6.0,8.5,123.0,-133.0
2019-06-08,BOS,TBD,2.0,9.0,10.5,106.0,-115.0
2019-06-08,CHC,STL,9.0,4.0,8.0,100.0,-109.0
2019-06-08,CLE,NYY,8.0,4.0,10.0,118.0,-131.0
2019-06-08,DET,MIN,9.0,3.0,10.0,205.0,-235.0
2019-06-08,TEX,OAK,3.0,1.0,10.5,131.0,-145.0
2019-06-08,HOU,BAL,1.0,4.0,9.0,-240.0,210.0
2019-06-08,NYM,COL,5.0,3.0,8.0,-111.0,101.0
2019-06-08,PHI,CIN,4.0,1.0,9.5,-132.0,122.0
2019-06-08,SDP,WSN,1.0,4.0,7.5,168.0,-187.0
2019-06-08,SFG,LAD,2.0,7.0,8.5,195.0,-225.0
2019-06-08,KCR,CHW,0.0,2.0,8.5,132.0,-142.0
2019-06-08,MIL,PIT,5.0,3.0,9.5,-170.0,160.0
2019-06-09,FLA,ATL,6.0,7.0,7.5,126.0,-136.0
2019-06-09,ANA,SEA,3.0,9.0,10.5,-153.0,141.0
2019-06-09,BOS,TBD,1.0,6.0,8.5,118.0,-128.0
2019-06-09,CHC,STL,5.0,1.0,8.5,-185.0,168.0
2019-06-09,CLE,NYY,6.0,7.0,9.5,-129.0,119.0
2019-06-09,DET,MIN,2.0,12.0,9.5,195.0,-215.0
2019-06-09,MIL,PIT,5.0,2.0,9.5,-195.0,175.0
2019-06-09,HOU,BAL,4.0,0.0,8.5,-194.0,177.0
2019-06-09,PHI,CIN,3.0,4.0,8.5,-141.0,131.0
2019-06-09,NYM,COL,6.0,1.0,8.0,-160.0,144.0
2019-06-09,SDP,WSN,2.0,5.0,8.0,141.0,-151.0
2019-06-09,SFG,LAD,0.0,1.0,7.5,146.0,-156.0
2019-06-09,TEX,OAK,8.0,9.0,11.0,175.0,-194.0
2019-06-09,TOR,ARI,2.0,8.0,9.0,132.0,-143.0
2019-06-09,KCR,CHW,2.0,5.0,9.5,-124.0,114.0
2019-06-10,FLA,STL,1.0,4.0,8.5,120.0,-130.0
2019-06-10,BOS,TEX,3.0,4.0,7.5,-250.0,230.0
2019-06-10,ANA,LAD,5.0,3.0,9.0,170.0,-190.0
2019-06-10,CHW,WSN,1.0,12.0,10.5,136.0,-146.0
2019-06-10,COL,CHC,6.0,5.0,11.5,-133.0,123.0
2019-06-10,ATL,PIT,13.0,7.0,9.5,-140.0,130.0
2019-06-10,PHI,ARI,8.0,13.0,10.0,-132.0,122.0
2019-06-10,TBD,OAK,6.0,2.0,9.0,-240.0,210.0
2019-06-11,SFG,SDP,6.0,5.0,8.0,144.0,-156.0
2019-06-11,TBD,OAK,3.0,4.0,9.0,-151.0,141.0
2019-06-11,NYY,NYM,4.0,10.0,9.0,-200.0,179.0
2019-06-11,PHI,ARI,7.0,4.0,9.0,-140.0,130.0
2019-06-11,FLA,STL,1.0,7.0,8.0,136.0,-146.0
2019-06-11,ANA,LAD,5.0,3.0,9.5,145.0,-155.0
2019-06-11,ATL,PIT,7.0,5.0,10.0,-148.0,138.0
2019-06-11,BAL,TOR,4.0,2.0,9.0,108.0,-117.0
2019-06-11,CHW,WSN,7.0,5.0,9.5,167.0,-182.0
2019-06-11,CLE,CIN,2.0,1.0,8.5,-123.0,113.0
2019-06-11,COL,CHC,10.0,3.0,12.0,122.0,-135.0
2019-06-11,HOU,MIL,10.0,8.0,8.5,-115.0,107.0
2019-06-11,KCR,DET,3.0,2.0,8.5,-135.0,125.0
2019-06-11,MIN,SEA,6.0,5.0,9.5,-204.0,187.0
2019-06-11,BOS,TEX,5.0,9.0,10.5,-180.0,165.0
2019-06-12,MIN,SEA,6.0,9.0,9.5,-232.0,212.0
2019-06-12,BOS,TEX,4.0,3.0,9.5,-155.0,145.0
2019-06-12,CLE,CIN,2.0,7.0,9.5,-150.0,140.0
2019-06-12,COL,CHC,1.0,10.0,12.0,116.0,-126.0
2019-06-12,FLA,STL,9.0,0.0,8.0,165.0,-180.0
2019-06-12,ATL,PIT,8.0,7.0,9.0,-210.0,185.0
2019-06-12,SFG,SDP,4.0,2.0,7.0,123.0,-133.0
2019-06-12,PHI,ARI,0.0,2.0,9.0,-128.0,118.0
2019-06-12,HOU,MIL,3.0,6.0,7.5,-140.0,130.0
2019-06-12,TBD,OAK,2.0,6.0,9.0,-152.0,137.0
2019-06-12,KCR,DET,2.0,3.0,8.5,-122.0,113.0
2019-06-12,BAL,TOR,6.0,8.0,10.5,101.0,-111.0
2019-06-13,KCR,DET,7.0,3.0,8.5,123.0,-136.0
2019-06-13,CHW,NYY,5.0,4.0,9.5,159.0,-169.0
2019-06-13,ATL,PIT,6.0,5.0,9.5,-149.0,139.0
2019-06-13,BAL,TOR,3.0,12.0,9.0,126.0,-140.0
2019-06-13,COL,SDP,9.0,6.0,11.5,-150.0,140.0
2019-06-13,BOS,TEX,7.0,6.0,9.0,-237.0,216.0
2019-06-13,LAD,CHC,7.0,3.0,8.0,-175.0,160.0
2019-06-13,NYM,STL,4.0,5.0,,,
2019-06-13,TBD,ANA,3.0,5.0,9.0,-144.0,134.0
2019-06-13,WSN,ARI,0.0,5.0,8.5,108.0,-118.0
2019-06-13,MIN,SEA,10.0,5.0,10.0,-166.0,153.0
2019-06-14,ATL,PHI,9.0,8.0,9.5,-129.0,119.0
2019-06-14,LAD,CHC,5.0,3.0,7.5,-147.0,136.0
2019-06-14,BAL,BOS,2.0,13.0,10.0,215.0,-235.0
2019-06-14,CHW,NYY,10.0,2.0,8.5,-105.0,-105.0
2019-06-14,CIN,TEX,1.0,7.0,9.5,-162.0,149.0
2019-06-14,COL,SDP,12.0,16.0,12.5,-109.0,100.0
2019-06-14,DET,CLE,4.0,13.0,9.5,152.0,-165.0
2019-06-14,HOU,TOR,15.0,2.0,8.0,-310.0,270.0
2019-06-14,MIN,KCR,2.0,0.0,9.5,-230.0,205.0
2019-06-14,NYM,STL,5.0,9.0,7.0,-148.0,138.0
2019-06-14,OAK,SEA,2.0,9.0,9.5,-181.0,166.0
2019-06-14,SFG,MIL,5.0,3.0,8.0,133.0,-143.0
2019-06-14,TBD,ANA,9.0,4.0,7.5,-175.0,160.0
2019-06-14,WSN,ARI,7.0,3.0,7.5,-192.0,176.0
2019-06-14,FLA,PIT,0.0,11.0,8.5,-119.0,109.0
2019-06-15,CIN,TEX,3.0,4.0,8.5,-113.0,103.0
2019-06-15,ATL,PHI,5.0,6.0,9.5,-105.0,-105.0
2019-06-15,BAL,BOS,2.0,7.0,9.0,270.0,-330.0
2019-06-15,CHW,NYY,4.0,8.0,9.5,160.0,-175.0
2019-06-15,NYM,STL,8.0,7.0,9.0,-145.0,135.0
2019-06-15,OAK,SEA,11.0,2.0,9.0,-215.0,195.0
2019-06-15,SFG,MIL,8.0,7.0,7.5,-111.0,101.0
2019-06-15,TBD,ANA,3.0,5.0,8.0,-210.0,190.0
2019-06-15,HOU,TOR,7.0,2.0,9.0,-225.0,205.0
2019-06-15,COL,SDP,14.0,8.0,11.5,-170.0,156.0
2019-06-15,DET,CLE,2.0,4.0,9.0,215.0,-250.0
2019-06-15,FLA,PIT,4.0,3.0,7.5,-119.0,109.0
2019-06-15,MIN,KCR,5.0,4.0,9.0,-250.0,215.0
2019-06-15,LAD,CHC,1.0,2.0,8.0,-185.0,167.0
2019-06-15,WSN,ARI,3.0,10.0,9.5,-230.0,205.0
2019-06-16,ATL,PHI,15.0,1.0,10.5,-165.0,150.0
2019-06-16,BAL,BOS,6.0,8.0,10.5,140.0,-150.0
2019-06-16,CHW,NYY,3.0,10.0,9.0,180.0,-205.0
2019-06-16,CIN,TEX,11.0,3.0,9.0,-173.0,163.0
2019-06-16,COL,SDP,13.0,14.0,13.0,-148.0,138.0
2019-06-16,DET,CLE,0.0,8.0,8.5,150.0,-167.0
2019-06-16,HOU,TOR,0.0,12.0,9.0,-230.0,200.0
2019-06-16,NYM,STL,3.0,4.0,9.0,114.0,-126.0
2019-06-16,FLA,PIT,4.0,5.0,8.0,120.0,-130.0
2019-06-16,SFG,MIL,3.0,5.0,8.0,145.0,-161.0
2019-06-16,TBD,ANA,6.0,5.0,8.5,-135.0,125.0
2019-06-16,WSN,ARI,15.0,5.0,9.5,-141.0,128.0
2019-06-16,OAK,SEA,3.0,6.0,9.5,-155.0,145.0
2019-06-16,MIN,KCR,6.0,8.0,9.5,-190.0,170.0
2019-06-16,LAD,CHC,3.0,2.0,8.0,-172.0,161.0
2019-06-17,LAD,SFG,2.0,3.0,8.5,-250.0,215.0
2019-06-17,MIN,BOS,0.0,2.0,10.5,-139.0,129.0
2019-06-17,SEA,KCR,4.0,6.0,8.5,-109.0,-101.0
2019-06-17,CIN,HOU,3.0,2.0,8.5,-117.0,107.0
2019-06-17,NYY,TBD,3.0,0.0,9.0,-135.0,125.0
2019-06-17,ATL,NYM,12.0,3.0,9.0,-134.0,124.0
2019-06-17,OAK,BAL,3.0,2.0,9.0,-240.0,210.0
2019-06-17,SDP,MIL,2.0,0.0,8.0,-117.0,107.0
2019-06-17,STL,FLA,5.0,0.0,8.0,-235.0,205.0
2019-06-17,TOR,ANA,5.0,10.0,11.0,142.0,-152.0
2019-06-17,TEX,CLE,7.0,2.0,9.5,110.0,-120.0
2019-06-18,PIT,DET,4.0,5.0,9.0,-161.0,145.0
2019-06-18,ARI,COL,1.0,8.0,10.0,-155.0,145.0
2019-06-18,ATL,NYM,2.0,10.0,8.5,112.0,-122.0
2019-06-18,CHC,CHW,1.0,3.0,8.5,-215.0,195.0
2019-06-18,CIN,HOU,4.0,3.0,8.5,162.0,-172.0
2019-06-18,LAD,SFG,9.0,0.0,7.5,-260.0,220.0
2019-06-18,NYY,TBD,6.0,3.0,9.5,-174.0,160.0
2019-06-18,MIN,BOS,4.0,3.0,9.5,113.0,-123.0
2019-06-18,SEA,KCR,0.0,9.0,9.0,-138.0,125.0
2019-06-18,SDP,MIL,4.0,1.0,7.5,155.0,-170.0
2019-06-18,STL,FLA,0.0,6.0,8.0,-265.0,245.0
2019-06-18,TEX,CLE,3.0,10.0,10.0,106.0,-116.0
2019-06-18,TOR,ANA,1.0,3.0,9.5,119.0,-129.0
2019-06-18,OAK,BAL,16.0,2.0,9.0,-220.0,200.0
2019-06-19,NYY,TBD,12.0,1.0,9.0,108.0,-118.0
2019-06-19,ARI,COL,4.0,6.0,8.5,-150.0,138.0
2019-06-19,CHC,CHW,7.0,3.0,7.0,-136.0,125.0
2019-06-19,CIN,HOU,3.0,2.0,8.0,180.0,-190.0
2019-06-19,SEA,KCR,8.0,2.0,8.5,-129.0,119.0
2019-06-19,LAD,SFG,9.0,2.0,7.5,-240.0,220.0
2019-06-19,MIN,BOS,4.0,9.0,9.5,-113.0,103.0
2019-06-19,OAK,BAL,8.0,3.0,9.5,-298.0,269.0
2019-06-19,PIT,DET,8.0,7.0,9.0,-200.0,180.0
2019-06-19,SDP,MIL,8.0,7.0,8.5,107.0,-115.0
2019-06-19,ATL,NYM,7.0,2.0,10.0,-148.0,138.0
2019-06-19,STL,FLA,2.0,1.0,8.5,-172.0,161.0
2019-06-19,TOR,ANA,6.0,11.0,10.0,175.0,-195.0
2019-06-19,WSN,PHI,6.0,2.0,9.5,-150.0,138.0
2019-06-19,TEX,CLE,4.0,10.0,11.0,113.0,-124.0
2019-06-20,ARI,COL,4.0,6.0,9.0,-172.0,155.0
2019-06-20,CHC,NYM,7.0,4.0,9.5,-150.0,139.0
2019-06-20,KCR,MIN,4.0,1.0,9.5,173.0,-188.0
2019-06-20,LAD,SFG,9.0,8.0,7.5,-168.0,153.0
2019-06-20,MIL,CIN,1.0,7.0,9.5,-148.0,138.0
2019-06-20,NYY,HOU,10.0,6.0,10.0,-131.0,121.0
2019-06-20,OAK,TBD,5.0,4.0,7.5,-110.0,100.0
2019-06-20,SEA,BAL,5.0,2.0,9.0,-142.0,132.0
2019-06-20,STL,FLA,6.0,7.0,8.0,-185.0,167.0
2019-06-20,TEX,CLE,4.0,2.0,9.0,109.0,-117.0
2019-06-20,TOR,ANA,7.0,5.0,10.5,131.0,-145.0
2019-06-20,WSN,PHI,7.0,4.0,10.5,-101.0,-108.0
2019-06-21,PHI,FLA,1.0,2.0,8.0,-250.0,215.0
2019-06-21,BOS,TOR,7.0,5.0,8.5,-315.0,276.0
2019-06-21,CHC,NYM,4.0,5.0,9.0,-170.0,156.0
2019-06-21,KCR,MIN,7.0,8.0,10.5,144.0,-160.0
2019-06-21,LAD,COL,4.0,2.0,7.5,-185.0,168.0
2019-06-21,MIL,CIN,7.0,11.0,8.5,-123.0,113.0
2019-06-21,NYY,HOU,4.0,1.0,9.5,-156.0,141.0
2019-06-21,ARI,SFG,5.0,11.0,10.0,-143.0,133.0
2019-06-21,CLE,DET,7.0,6.0,7.5,-196.0,178.0
2019-06-21,PIT,SDP,2.0,1.0,9.5,-111.0,101.0
2019-06-21,SEA,BAL,10.0,9.0,9.0,-186.0,170.0
2019-06-21,STL,ANA,5.0,1.0,9.5,106.0,-116.0
2019-06-21,TEX,CHW,4.0,5.0,11.5,-134.0,124.0
2019-06-21,WSN,ATL,4.0,3.0,9.5,-144.0,134.0
2019-06-21,OAK,TBD,3.0,5.0,9.0,-105.0,-105.0
2019-06-22,LAD,COL,5.0,4.0,8.5,-260.0,220.0
2019-06-22,MIL,CIN,6.0,5.0,9.0,-120.0,110.0
2019-06-22,NYY,HOU,7.0,5.0,10.5,-165.0,152.0
2019-06-22,ARI,SFG,4.0,7.0,10.0,-127.0,117.0
2019-06-22,PHI,FLA,3.0,5.0,9.0,-200.0,180.0
2019-06-22,KCR,MIN,3.0,5.0,10.0,156.0,-166.0
2019-06-22,CLE,DET,2.0,0.0,9.0,-186.0,176.0
2019-06-22,BOS,TOR,7.0,8.0,11.5,-172.0,158.0
2019-06-22,OAK,TBD,4.0,2.0,9.0,-107.0,-103.0
2019-06-22,CHC,NYM,2.0,10.0,8.5,-130.0,120.0
2019-06-22,PIT,SDP,6.0,3.0,9.0,104.0,-114.0
2019-06-22,STL,ANA,4.0,2.0,9.5,-130.0,120.0
2019-06-22,TEX,CHW,6.0,5.0,10.5,-185.0,170.0
2019-06-22,WSN,ATL,9.0,13.0,10.5,-105.0,-105.0
2019-06-22,SEA,BAL,4.0,8.0,9.0,-175.0,160.0
2019-06-23,BOS,TOR,1.0,6.0,10.0,-163.0,148.0
2019-06-23,CLE,DET,8.0,3.0,9.0,-180.0,162.0
2019-06-23,KCR,MIN,6.0,1.0,10.5,128.0,-138.0
2019-06-23,NYY,HOU,4.0,9.0,10.0,118.0,-128.0
2019-06-23,MIL,CIN,7.0,5.0,9.0,-192.0,176.0
2019-06-23,ARI,SFG,3.0,2.0,9.0,-141.0,131.0
2019-06-23,OAK,TBD,2.0,8.0,9.0,-125.0,115.0
2019-06-23,LAD,COL,6.0,3.0,9.0,-240.0,213.0
2019-06-23,PIT,SDP,11.0,10.0,9.5,128.0,-138.0
2019-06-23,SEA,BAL,13.0,3.0,9.5,-175.0,160.0
2019-06-23,STL,ANA,4.0,6.0,9.0,-136.0,126.0
2019-06-23,TEX,CHW,7.0,4.0,11.5,-126.0,116.0
2019-06-23,WSN,ATL,3.0,4.0,10.5,140.0,-150.0
2019-06-23,CHC,NYM,5.0,3.0,8.5,-105.0,-105.0
2019-06-23,PHI,FLA,4.0,6.0,9.0,-158.0,148.0
2019-06-24,ARI,LAD,8.0,5.0,8.5,112.0,-122.0
2019-06-24,PHI,NYM,13.0,7.0,10.0,-130.0,120.0
2019-06-24,NYY,TOR,10.0,8.0,11.0,-252.0,229.0
2019-06-24,CLE,KCR,3.0,2.0,10.0,-185.0,170.0
2019-06-24,CHC,ATL,8.0,3.0,12.0,-135.0,125.0
2019-06-24,BOS,CHW,6.0,5.0,9.0,-170.0,160.0
2019-06-24,SFG,COL,0.0,2.0,7.5,109.0,-118.0
2019-06-25,ANA,CIN,5.0,1.0,9.0,-136.0,126.0
2019-06-25,ARI,LAD,2.0,3.0,9.5,-117.0,107.0
2019-06-25,BAL,SDP,3.0,8.0,10.5,175.0,-185.0
2019-06-25,BOS,CHW,6.0,3.0,10.5,-280.0,247.0
2019-06-25,HOU,PIT,5.0,1.0,8.5,-290.0,235.0
2019-06-25,CHC,ATL,2.0,3.0,12.0,-105.0,-105.0
2019-06-25,CLE,KCR,6.0,8.0,9.5,-254.0,231.0
2019-06-25,DET,TEX,3.0,5.0,10.0,138.0,-148.0
2019-06-25,PHI,NYM,7.0,5.0,11.0,-156.0,146.0
2019-06-25,MIL,SEA,3.0,8.0,10.5,-176.0,166.0
2019-06-25,MIN,TBD,9.0,4.0,9.5,-104.0,-106.0
2019-06-25,SFG,COL,4.0,2.0,7.5,-155.0,145.0
2019-06-25,STL,OAK,3.0,7.0,9.0,-160.0,147.0
2019-06-25,NYY,TOR,4.0,3.0,12.5,-290.0,245.0
2019-06-25,FLA,WSN,1.0,6.0,7.0,210.0,-240.0
2019-06-26,DET,TEX,1.0,4.0,8.5,-105.0,-105.0
2019-06-26,ANA,CIN,5.0,1.0,9.5,-118.0,108.0
2019-06-26,BAL,SDP,5.0,10.0,10.0,113.0,-123.0
2019-06-26,MIL,SEA,2.0,4.0,10.5,-204.0,182.0
2019-06-26,BOS,CHW,7.0,8.0,9.0,-360.0,270.0
2019-06-26,CHC,ATL,3.0,5.0,9.5,-126.0,116.0
2019-06-26,CLE,KCR,5.0,3.0,8.5,-220.0,190.0
2019-06-26,FLA,WSN,5.0,7.0,7.5,131.0,-141.0
2019-06-26,SFG,COL,3.0,6.0,7.5,137.0,-147.0
2019-06-26,ARI,LAD,8.0,2.0,9.5,140.0,-150.0
2019-06-26,MIN,TBD,6.0,4.0,9.0,103.0,-113.0
2019-06-26,HOU,PIT,2.0,14.0,9.5,-240.0,210.0
2019-06-26,STL,OAK,0.0,2.0,9.5,-140.0,130.0
2019-06-26,NYY,TOR,8.0,7.0,10.0,-255.0,225.0
2019-06-26,PHI,NYM,5.0,4.0,10.5,-150.0,138.0
2019-06-27,ANA,OAK,8.0,3.0,9.5,-157.0,147.0
2019-06-27,CHC,ATL,9.0,7.0,10.5,-107.0,-103.0
2019-06-27,COL,LAD,8.0,12.0,12.0,192.0,-210.0
2019-06-27,DET,TEX,1.0,3.0,9.5,105.0,-115.0
2019-06-27,FLA,WSN,5.0,8.0,7.5,175.0,-190.0
2019-06-27,HOU,PIT,0.0,10.0,9.5,-205.0,185.0
2019-06-27,MIL,SEA,4.0,2.0,10.5,-195.0,175.0
2019-06-27,MIN,TBD,2.0,5.0,10.0,-112.0,102.0
2019-06-27,PHI,NYM,6.0,3.0,9.0,-137.0,127.0
2019-06-27,SFG,ARI,1.0,5.0,8.5,-102.0,-106.0
2019-06-28,NYM,ATL,2.0,6.0,8.0,-138.0,128.0
2019-06-28,ANA,OAK,2.0,7.0,10.0,-135.0,125.0
2019-06-28,BAL,CLE,13.0,0.0,9.0,180.0,-200.0
2019-06-28,CIN,CHC,6.0,3.0,9.0,116.0,-126.0
2019-06-28,COL,LAD,13.0,9.0,13.0,180.0,-200.0
2019-06-28,FLA,PHI,6.0,2.0,8.5,133.0,-143.0
2019-06-28,HOU,SEA,2.0,1.0,9.5,-226.0,206.0
2019-06-28,DET,WSN,1.0,3.0,10.5,157.0,-172.0
2019-06-28,CHW,MIN,6.0,4.0,10.0,165.0,-180.0
2019-06-28,SDP,STL,3.0,1.0,9.0,-129.0,119.0
2019-06-28,SFG,ARI,6.0,3.0,7.5,113.0,-122.0
2019-06-28,TBD,TEX,0.0,5.0,8.0,-126.0,116.0
2019-06-28,TOR,KCR,6.0,2.0,9.5,-125.0,115.0
2019-06-28,MIL,PIT,2.0,3.0,10.5,-150.0,140.0
2019-06-29,HOU,SEA,6.0,5.0,9.5,-325.0,284.0
2019-06-29,BOS,NYY,13.0,17.0,11.5,132.0,-142.0
2019-06-29,BAL,CLE,13.0,0.0,10.5,147.0,-162.0
2019-06-29,ANA,OAK,0.0,4.0,9.5,-143.0,133.0
2019-06-29,DET,WSN,7.0,5.0,11.0,180.0,-197.0
2019-06-29,FLA,PHI,9.0,6.0,8.0,130.0,-140.0
2019-06-29,SDP,STL,12.0,2.0,8.0,-125.0,115.0
2019-06-29,MIL,PIT,3.0,1.0,9.0,-212.0,192.0
2019-06-29,NYM,ATL,4.0,5.0,10.0,-102.0,-108.0
2019-06-29,TBD,TEX,5.0,2.0,8.0,-185.0,167.0
2019-06-29,TOR,KCR,7.0,5.0,9.0,-183.0,164.0
2019-06-29,CHW,MIN,3.0,10.0,10.5,134.0,-144.0
2019-06-29,CIN,CHC,0.0,6.0,9.5,-121.0,110.0
2019-06-29,COL,LAD,5.0,3.0,12.0,145.0,-155.0
2019-06-29,SFG,ARI,3.0,4.0,7.5,142.0,-152.0
2019-06-30,ANA,OAK,3.0,12.0,10.5,-138.0,128.0
2019-06-30,DET,WSN,1.0,2.0,9.0,280.0,-380.0
2019-06-30,BOS,NYY,8.0,12.0,15.0,-103.0,-105.0
2019-06-30,CHW,MIN,4.0,3.0,9.0,-112.0,104.0
2019-06-30,FLA,PHI,6.0,13.0,8.0,128.0,-138.0
2019-06-30,COL,LAD,5.0,10.0,13.5,142.0,-155.0
2019-06-30,BAL,CLE,0.0,2.0,10.5,225.0,-245.0
2019-06-30,CIN,CHC,8.0,6.0,10.5,105.0,-115.0
2019-06-30,NYM,ATL,8.0,5.0,8.5,-105.0,-105.0
2019-06-30,SDP,STL,3.0,5.0,8.0,-123.0,113.0
2019-06-30,SFG,ARI,10.0,4.0,7.0,101.0,-109.0
2019-06-30,TBD,TEX,6.0,2.0,8.0,-195.0,183.0
2019-06-30,TOR,KCR,6.0,7.0,9.5,-121.0,111.0
2019-06-30,MIL,PIT,2.0,1.0,10.5,-158.0,148.0
2019-06-30,HOU,SEA,6.0,1.0,8.5,-275.0,235.0
2019-07-01,PIT,CHC,18.0,5.0,9.5,114.0,-124.0
2019-07-01,CIN,MIL,6.0,8.0,10.0,-101.0,-107.0
2019-07-01,TOR,KCR,11.0,4.0,10.5,-145.0,135.0
2019-07-01,SDP,SFG,2.0,13.0,8.0,-165.0,152.0
2019-07-01,TBD,BAL,6.0,3.0,9.0,-265.0,234.0
2019-07-02,OAK,MIN,8.0,6.0,9.5,101.0,-111.0
2019-07-02,ATL,PHI,0.0,2.0,10.0,-105.0,-105.0
2019-07-02,CIN,MIL,5.0,4.0,10.5,-105.0,-105.0
2019-07-02,COL,HOU,8.0,9.0,13.0,-130.0,120.0
2019-07-02,KCR,CLE,5.0,9.0,9.0,160.0,-170.0
2019-07-02,LAD,ARI,5.0,4.0,9.0,-230.0,205.0
2019-07-02,NYM,NYY,4.0,2.0,9.0,125.0,-135.0
2019-07-02,TBD,BAL,6.0,3.0,8.5,-317.0,277.0
2019-07-02,PIT,CHC,5.0,1.0,9.5,116.0,-126.0
2019-07-02,SDP,SFG,4.0,10.0,8.5,-154.0,142.0
2019-07-02,TEX,ANA,4.0,9.0,10.5,-136.0,126.0
2019-07-02,TOR,BOS,6.0,10.0,10.0,145.0,-155.0
2019-07-02,WSN,FLA,3.0,2.0,9.0,-205.0,183.0
2019-07-02,SEA,STL,5.0,4.0,9.0,130.0,-140.0
2019-07-03,LAD,ARI,5.0,4.0,8.0,-222.0,202.0
2019-07-03,ATL,PHI,9.0,2.0,11.5,-131.0,121.0
2019-07-03,CHW,DET,9.0,6.0,10.5,-131.0,121.0
2019-07-03,CIN,MIL,3.0,0.0,9.5,-146.0,132.0
2019-07-03,NYM,NYY,1.0,5.0,10.0,130.0,-140.0
2019-07-03,COL,HOU,2.0,4.0,14.5,128.0,-138.0
2019-07-03,KCR,CLE,0.0,4.0,9.0,143.0,-153.0
2019-07-03,OAK,MIN,3.0,4.0,9.0,-110.0,100.0
2019-07-03,WSN,FLA,3.0,1.0,9.5,-270.0,230.0
2019-07-03,SEA,STL,2.0,5.0,9.0,105.0,-115.0
2019-07-03,TBD,BAL,6.0,9.0,8.5,-205.0,185.0
2019-07-03,TEX,ANA,2.0,6.0,11.5,100.0,-110.0
2019-07-03,TOR,BOS,6.0,3.0,9.5,244.0,-269.0
2019-07-03,PIT,CHC,6.0,5.0,9.5,104.0,-114.0
2019-07-03,SDP,SFG,5.0,7.0,8.5,-135.0,125.0
2019-07-04,KCR,CLE,4.0,8.0,10.0,117.0,-127.0
2019-07-04,WSN,FLA,5.0,2.0,10.0,-190.0,170.0
2019-07-04,TOR,BOS,7.0,8.0,11.0,116.0,-126.0
2019-07-04,TEX,ANA,9.0,3.0,11.0,-114.0,105.0
2019-07-04,TBD,NYY,4.0,8.0,9.0,-109.0,-101.0
2019-07-04,SEA,STL,4.0,5.0,9.5,-101.0,-107.0
2019-07-04,PIT,CHC,3.0,11.0,9.5,111.0,-121.0
2019-07-04,CIN,MIL,1.0,0.0,9.0,-101.0,-109.0
2019-07-04,LAD,SDP,5.0,1.0,8.5,-220.0,200.0
2019-07-04,ATL,PHI,12.0,6.0,10.5,-161.0,146.0
2019-07-04,CHW,DET,5.0,11.0,9.5,-110.0,100.0
2019-07-04,OAK,MIN,7.0,2.0,9.5,121.0,-134.0
2019-07-05,NYM,PHI,2.0,7.0,8.5,-197.0,177.0
2019-07-05,HOU,ANA,4.0,5.0,9.0,-230.0,200.0
2019-07-05,ARI,COL,8.0,0.0,8.5,-163.0,147.0
2019-07-05,ATL,FLA,1.0,0.0,10.0,-188.0,169.0
2019-07-05,DET,BOS,6.0,9.0,11.0,210.0,-240.0
2019-07-05,LAD,SDP,2.0,3.0,8.5,-200.0,180.0
2019-07-05,PIT,MIL,6.0,7.0,10.5,-103.0,-107.0
2019-07-05,TBD,NYY,4.0,8.0,8.5,100.0,-110.0
2019-07-05,SFG,STL,4.0,9.0,8.5,-117.0,107.0
2019-07-05,SEA,OAK,2.0,5.0,10.0,135.0,-145.0
2019-07-05,TOR,BAL,1.0,4.0,11.0,-139.0,129.0
2019-07-05,WSN,KCR,4.0,7.0,10.5,-195.0,175.0
2019-07-05,MIN,TEX,15.0,6.0,10.0,-180.0,165.0
2019-07-06,ARI,COL,4.0,2.0,8.0,-109.0,-101.0
2019-07-06,ATL,FLA,4.0,5.0,9.0,-206.0,189.0
2019-07-06,CHW,CHC,3.0,6.0,9.5,110.0,-120.0
2019-07-06,CIN,CLE,2.0,7.0,9.0,118.0,-128.0
2019-07-06,DET,BOS,6.0,10.0,10.5,168.0,-178.0
2019-07-06,HOU,ANA,4.0,0.0,8.5,-237.0,211.0
2019-07-06,LAD,SDP,1.0,3.0,8.5,-170.0,153.0
2019-07-06,MIN,TEX,7.0,4.0,10.0,-152.0,141.0
2019-07-06,TOR,BAL,1.0,8.0,11.0,-145.0,135.0
2019-07-06,PIT,MIL,12.0,2.0,10.5,120.0,-130.0
2019-07-06,WSN,KCR,6.0,0.0,9.0,-400.0,320.0
2019-07-06,SFG,STL,8.0,4.0,7.5,-125.0,115.0
2019-07-06,TBD,NYY,4.0,3.0,8.5,-137.0,127.0
2019-07-06,SEA,OAK,6.0,3.0,9.5,131.0,-145.0
2019-07-06,NYM,PHI,6.0,5.0,9.0,-138.0,128.0
2019-07-07,HOU,ANA,11.0,10.0,10.0,-165.0,152.0
2019-07-07,ARI,COL,5.0,3.0,8.5,130.0,-140.0
2019-07-07,ATL,FLA,4.0,3.0,9.5,-220.0,190.0
2019-07-07,CHW,CHC,3.0,1.0,10.5,167.0,-181.0
2019-07-07,CIN,CLE,1.0,11.0,9.0,113.0,-123.0
2019-07-07,DET,BOS,3.0,6.0,10.5,250.0,-275.0
2019-07-07,MIN,TEX,1.0,4.0,10.5,-182.0,172.0
2019-07-07,LAD,SDP,3.0,5.0,8.5,-160.0,144.0
2019-07-07,PIT,MIL,6.0,5.0,9.0,-120.0,111.0
2019-07-07,SEA,OAK,4.0,7.0,10.0,120.0,-130.0
2019-07-07,SFG,STL,1.0,0.0,8.0,108.0,-118.0
2019-07-07,TBD,NYY,2.0,1.0,7.5,-122.0,112.0
2019-07-07,TOR,BAL,6.0,1.0,11.0,-183.0,168.0
2019-07-07,WSN,KCR,5.0,2.0,9.0,-250.0,215.0
2019-07-07,NYM,PHI,3.0,8.0,8.0,106.0,-116.0
2019-07-11,TEX,HOU,5.0,0.0,10.5,116.0,-126.0
2019-07-12,STL,ARI,2.0,4.0,8.5,-122.0,112.0
2019-07-12,SDP,ATL,3.0,5.0,9.0,-106.0,-102.0
2019-07-12,COL,CIN,3.0,2.0,12.0,-135.0,125.0
2019-07-12,ANA,SEA,13.0,0.0,10.0,-160.0,150.0
2019-07-12,BAL,TBD,4.0,16.0,9.5,152.0,-162.0
2019-07-12,BOS,LAD,8.0,1.0,10.5,-111.0,101.0
2019-07-12,CHC,PIT,4.0,3.0,9.5,-170.0,155.0
2019-07-12,CLE,MIN,3.0,5.0,9.0,-140.0,130.0
2019-07-12,TEX,HOU,9.0,8.0,10.0,190.0,-220.0
2019-07-12,KCR,DET,8.0,5.0,9.0,-138.0,128.0
2019-07-12,MIL,SFG,7.0,10.0,9.5,-185.0,167.0
2019-07-12,NYY,TOR,4.0,0.0,11.0,-290.0,255.0
2019-07-12,OAK,CHW,5.0,1.0,9.0,-200.0,180.0
2019-07-12,PHI,WSN,0.0,4.0,9.5,137.0,-147.0
2019-07-12,FLA,NYM,8.0,4.0,8.0,103.0,-113.0
2019-07-13,CLE,MIN,2.0,6.0,9.0,-140.0,130.0
2019-07-13,CHC,PIT,10.0,4.0,10.5,-185.0,168.0
2019-07-13,NYY,TOR,1.0,2.0,11.5,-271.0,246.0
2019-07-13,BOS,LAD,2.0,11.0,9.5,-170.0,155.0
2019-07-13,BAL,TBD,4.0,12.0,9.0,205.0,-235.0
2019-07-13,MIL,SFG,5.0,4.0,9.0,-121.0,111.0
2019-07-13,KCR,DET,4.0,1.0,8.5,-102.0,-108.0
2019-07-13,OAK,CHW,13.0,2.0,10.0,-210.0,185.0
2019-07-13,STL,ARI,4.0,2.0,9.0,-137.0,124.0
2019-07-13,SDP,ATL,5.0,7.0,8.5,-117.0,107.0
2019-07-13,COL,CIN,9.0,17.0,14.0,-111.0,102.0
2019-07-13,FLA,NYM,2.0,4.0,8.0,127.0,-137.0
2019-07-13,PHI,WSN,3.0,4.0,8.5,-116.0,106.0
2019-07-13,TEX,HOU,6.0,7.0,10.0,122.0,-132.0
2019-07-13,ANA,SEA,9.0,2.0,10.5,-156.0,143.0
2019-07-14,KCR,DET,8.0,12.0,,,
2019-07-14,BAL,TBD,1.0,4.0,10.5,195.0,-225.0
2019-07-14,ANA,SEA,6.0,3.0,10.5,-175.0,160.0
2019-07-14,BOS,LAD,4.0,7.0,9.5,-106.0,-102.0
2019-07-14,CHC,PIT,8.0,3.0,9.0,-174.0,160.0
2019-07-14,CLE,MIN,4.0,3.0,8.5,-142.0,128.0
2019-07-14,COL,CIN,10.0,9.0,13.5,-110.0,100.0
2019-07-14,FLA,NYM,2.0,6.0,7.0,200.0,-220.0
2019-07-14,NYY,TOR,4.0,2.0,10.0,-210.0,190.0
2019-07-14,OAK,CHW,3.0,2.0,10.0,-190.0,170.0
2019-07-14,PHI,WSN,4.0,3.0,10.5,-118.0,108.0
2019-07-14,SDP,ATL,1.0,4.0,9.0,136.0,-146.0
2019-07-14,STL,ARI,5.0,2.0,7.5,105.0,-115.0
2019-07-14,TEX,HOU,4.0,12.0,10.5,195.0,-220.0
2019-07-14,MIL,SFG,3.0,8.0,10.0,-180.0,165.0
2019-07-15,CLE,DET,8.0,6.0,10.5,-205.0,185.0
2019-07-15,ANA,HOU,9.0,6.0,9.5,121.0,-130.0
2019-07-15,COL,SFG,1.0,2.0,14.0,-135.0,125.0
2019-07-15,BOS,TOR,10.0,8.0,11.0,-180.0,165.0
2019-07-15,CHC,CIN,3.0,6.0,10.5,-144.0,134.0
2019-07-15,KCR,CHW,5.0,2.0,9.0,113.0,-123.0
2019-07-15,NYY,TBD,4.0,5.0,9.0,-150.0,140.0
2019-07-15,PHI,LAD,2.0,16.0,9.5,159.0,-169.0
2019-07-15,STL,PIT,7.0,0.0,8.0,-135.0,125.0
2019-07-15,MIL,ATL,2.0,4.0,10.0,-108.0,-100.0
2019-07-16,MIL,ATL,13.0,1.0,9.5,-178.0,163.0
2019-07-16,ANA,HOU,7.0,2.0,9.5,114.0,-124.0
2019-07-16,BAL,WSN,1.0,8.0,11.5,166.0,-185.0
2019-07-16,CHC,CIN,4.0,3.0,10.5,-128.0,118.0
2019-07-16,CLE,DET,8.0,0.0,10.5,-240.0,213.0
2019-07-16,COL,SFG,4.0,8.0,14.0,-131.0,121.0
2019-07-16,FLA,SDP,12.0,7.0,8.0,-104.0,-106.0
2019-07-16,KCR,CHW,11.0,0.0,10.5,108.0,-118.0
2019-07-16,MIN,NYM,2.0,3.0,10.5,-166.0,156.0
2019-07-16,OAK,SEA,9.0,2.0,9.5,-170.0,160.0
2019-07-16,PHI,LAD,9.0,8.0,9.5,178.0,-198.0
2019-07-16,STL,PIT,1.0,3.0,9.0,-180.0,165.0
2019-07-16,NYY,TBD,8.0,3.0,10.5,-145.0,135.0
2019-07-16,TEX,ARI,2.0,9.0,10.0,-160.0,150.0
2019-07-16,BOS,TOR,4.0,10.0,11.5,-185.0,166.0
2019-07-17,ANA,HOU,2.0,11.0,8.5,180.0,-200.0
2019-07-17,FLA,SDP,2.0,3.0,7.5,156.0,-169.0
2019-07-17,BAL,WSN,9.0,2.0,11.5,162.0,-177.0
2019-07-17,BOS,TOR,5.0,4.0,11.0,-252.0,224.0
2019-07-17,CHC,CIN,5.0,2.0,8.5,-124.0,115.0
2019-07-17,CLE,DET,7.0,2.0,9.0,-320.0,260.0
2019-07-17,KCR,CHW,7.0,5.0,10.5,-132.0,119.0
2019-07-17,COL,SFG,8.0,11.0,13.5,-205.0,185.0
2019-07-17,MIN,NYM,4.0,14.0,11.0,-177.0,162.0
2019-07-17,OAK,SEA,10.0,2.0,10.0,-195.0,183.0
2019-07-17,PHI,LAD,2.0,7.0,11.0,152.0,-162.0
2019-07-17,STL,PIT,6.0,5.0,8.5,-139.0,129.0
2019-07-17,TEX,ARI,4.0,19.0,10.5,117.0,-127.0
2019-07-17,MIL,ATL,5.0,4.0,10.0,-104.0,-104.0
2019-07-18,ATL,WSN,4.0,13.0,10.0,137.0,-147.0
2019-07-18,CIN,STL,4.0,7.0,10.0,-116.0,106.0
2019-07-18,BOS,TOR,5.0,0.0,10.0,-300.0,270.0
2019-07-18,ANA,HOU,2.0,6.0,10.5,140.0,-150.0
2019-07-18,ARI,MIL,1.0,5.0,9.5,100.0,-110.0
2019-07-18,KCR,CHW,6.0,5.0,11.0,-157.0,147.0
2019-07-18,FLA,SDP,4.0,3.0,7.5,110.0,-119.0
2019-07-18,MIN,OAK,6.0,3.0,10.5,-128.0,118.0
2019-07-18,NYY,TBD,6.0,2.0,,,
2019-07-18,PHI,LAD,7.0,6.0,9.0,-105.0,-105.0
2019-07-18,SFG,NYM,3.0,2.0,7.0,-126.0,116.0
2019-07-18,CLE,DET,6.0,3.0,8.5,-215.0,195.0
2019-07-19,ARI,MIL,10.0,7.0,10.5,117.0,-126.0
2019-07-19,HOU,TEX,4.0,3.0,8.0,-220.0,200.0
2019-07-19,ATL,WSN,4.0,3.0,10.0,107.0,-116.0
2019-07-19,BAL,BOS,11.0,2.0,10.0,190.0,-210.0
2019-07-19,CHC,SDP,6.0,5.0,12.5,-172.0,161.0
2019-07-19,CIN,STL,11.0,12.0,10.0,-101.0,-109.0
2019-07-19,DET,TOR,1.0,12.0,10.0,150.0,-160.0
2019-07-19,CLE,KCR,10.0,5.0,10.0,-300.0,260.0
2019-07-19,LAD,FLA,2.0,1.0,7.5,-335.0,292.0
2019-07-19,MIN,OAK,3.0,5.0,11.0,-128.0,118.0
2019-07-19,PIT,PHI,1.0,6.0,11.0,-108.0,-102.0
2019-07-19,SEA,ANA,10.0,0.0,10.0,112.0,-122.0
2019-07-19,SFG,NYM,1.0,0.0,7.5,155.0,-170.0
2019-07-19,TBD,CHW,2.0,9.0,8.5,-230.0,200.0
2019-07-19,NYY,COL,8.0,2.0,11.5,-233.0,207.0
2019-07-20,CLE,KCR,0.0,1.0,11.0,-170.0,155.0
2019-07-20,CHC,SDP,6.0,5.0,12.5,-135.0,125.0
2019-07-20,CIN,STL,3.0,2.0,9.5,-140.0,130.0
2019-07-20,NYY,COL,11.0,5.0,11.5,-250.0,220.0
2019-07-20,BAL,BOS,6.0,17.0,12.5,198.0,-222.0
2019-07-20,ATL,WSN,3.0,5.0,10.0,-167.0,157.0
2019-07-20,ARI,MIL,3.0,8.0,9.0,-151.0,139.0
2019-07-20,HOU,TEX,6.0,1.0,10.0,-190.0,174.0
2019-07-20,DET,TOR,5.0,7.0,10.5,114.0,-123.0
2019-07-20,LAD,FLA,10.0,6.0,8.5,-320.0,280.0
2019-07-20,PIT,PHI,5.0,1.0,10.0,-130.0,120.0
2019-07-20,SFG,NYM,4.0,11.0,9.0,-152.0,141.0
2019-07-20,TBD,CHW,1.0,2.0,8.0,-155.0,140.0
2019-07-20,MIN,OAK,4.0,5.0,10.5,-143.0,129.0
2019-07-20,SEA,ANA,2.0,6.0,10.0,130.0,-140.0
2019-07-21,BAL,BOS,5.0,0.0,12.5,193.0,-211.0
2019-07-21,CIN,STL,1.0,3.0,9.5,-110.0,100.0
2019-07-21,CHC,SDP,1.0,5.0,8.0,-181.0,171.0
2019-07-21,MIN,OAK,7.0,6.0,10.5,-130.0,120.0
2019-07-21,ATL,WSN,7.0,1.0,11.0,-160.0,145.0
2019-07-21,ARI,MIL,4.0,7.0,8.5,115.0,-125.0
2019-07-21,CLE,KCR,5.0,4.0,10.5,-210.0,190.0
2019-07-21,DET,TOR,4.0,3.0,10.5,108.0,-118.0
2019-07-21,HOU,TEX,5.0,3.0,9.0,-135.0,125.0
2019-07-21,LAD,FLA,9.0,0.0,8.5,-310.0,272.0
2019-07-21,NYY,COL,4.0,8.0,10.5,-200.0,180.0
2019-07-21,PIT,PHI,1.0,2.0,11.0,-127.0,117.0
2019-07-21,SFG,NYM,3.0,2.0,8.5,-109.0,-101.0
2019-07-21,TBD,CHW,4.0,2.0,8.0,-260.0,220.0
2019-07-21,SEA,ANA,3.0,9.0,10.5,125.0,-135.0
2019-07-22,HOU,OAK,11.0,1.0,9.0,-260.0,220.0
2019-07-22,TOR,CLE,3.0,7.0,9.0,163.0,-176.0
2019-07-22,TBD,BOS,4.0,9.0,8.5,116.0,-128.0
2019-07-22,SFG,CHC,5.0,4.0,8.5,100.0,-110.0
2019-07-22,SEA,TEX,7.0,3.0,9.5,-127.0,117.0
2019-07-22,MIN,NYY,8.0,6.0,11.0,103.0,-112.0
2019-07-22,MIL,CIN,5.0,6.0,8.5,-113.0,103.0
2019-07-22,CHW,FLA,9.0,1.0,9.5,-114.0,104.0
2019-07-22,ARI,BAL,6.0,3.0,9.0,-255.0,220.0
2019-07-22,PIT,STL,5.0,6.0,9.0,100.0,-109.0
2019-07-23,SEA,TEX,2.0,7.0,10.0,-125.0,115.0
2019-07-23,ARI,BAL,2.0,7.0,9.0,-185.0,167.0
2019-07-23,WSN,COL,11.0,1.0,9.0,-232.0,212.0
2019-07-23,ATL,KCR,4.0,5.0,9.5,-226.0,206.0
2019-07-23,TBD,BOS,4.0,5.0,7.5,147.0,-157.0
2019-07-23,SFG,CHC,5.0,4.0,7.0,-105.0,-105.0
2019-07-23,PIT,STL,3.0,4.0,9.0,-130.0,120.0
2019-07-23,TOR,CLE,2.0,1.0,9.5,160.0,-170.0
2019-07-23,MIN,NYY,12.0,14.0,10.0,108.0,-118.0
2019-07-23,MIL,CIN,6.0,14.0,9.5,-149.0,134.0
2019-07-23,LAD,ANA,4.0,5.0,10.0,-200.0,183.0
2019-07-23,CHW,FLA,1.0,5.0,9.0,111.0,-121.0
2019-07-23,HOU,OAK,3.0,4.0,9.5,-156.0,144.0
2019-07-23,DET,PHI,2.0,3.0,8.0,132.0,-142.0
2019-07-23,NYM,SDP,5.0,2.0,8.5,128.0,-138.0
2019-07-24,MIL,CIN,5.0,4.0,10.0,-158.0,145.0
2019-07-24,ARI,BAL,5.0,2.0,9.5,-140.0,130.0
2019-07-24,ATL,KCR,0.0,2.0,9.5,-190.0,180.0
2019-07-24,CHW,FLA,0.0,2.0,9.0,-120.0,110.0
2019-07-24,DET,PHI,0.0,4.0,10.0,142.0,-152.0
2019-07-24,HOU,OAK,4.0,2.0,8.5,-220.0,190.0
2019-07-24,NYM,SDP,2.0,7.0,8.5,-152.0,142.0
2019-07-24,LAD,ANA,2.0,3.0,10.0,-210.0,185.0
2019-07-24,PIT,STL,8.0,14.0,9.5,-105.0,-103.0
2019-07-24,SEA,TEX,5.0,3.0,8.5,129.0,-140.0
2019-07-24,SFG,CHC,1.0,4.0,9.0,105.0,-115.0
2019-07-24,TBD,BOS,3.0,2.0,7.5,-108.0,-102.0
2019-07-24,TOR,CLE,0.0,4.0,8.5,115.0,-125.0
2019-07-24,WSN,COL,3.0,2.0,10.0,-112.0,102.0
2019-07-24,MIN,NYY,7.0,10.0,11.0,105.0,-115.0
2019-07-25,KCR,CLE,4.0,5.0,10.0,136.0,-148.0
2019-07-25,ANA,BAL,8.0,10.0,10.5,-240.0,210.0
2019-07-25,BOS,NYY,19.0,3.0,11.0,102.0,-112.0
2019-07-25,CHW,MIN,3.0,10.0,8.5,140.0,-150.0
2019-07-25,PIT,STL,3.0,6.0,9.0,-116.0,106.0
2019-07-25,WSN,COL,7.0,8.0,8.5,-320.0,280.0
2019-07-25,SEA,DET,10.0,2.0,9.5,-156.0,146.0
2019-07-25,OAK,TEX,3.0,11.0,9.0,-186.0,168.0
2019-07-25,NYM,SDP,4.0,0.0,7.5,-205.0,180.0
2019-07-26,KCR,CLE,3.0,8.0,9.5,105.0,-115.0
2019-07-26,FLA,ARI,3.0,2.0,7.5,170.0,-185.0
2019-07-26,CIN,COL,2.0,12.0,8.5,-135.0,125.0
2019-07-26,CHW,MIN,2.0,6.0,10.0,165.0,-183.0
2019-07-26,ANA,BAL,3.0,9.0,10.0,-186.0,171.0
2019-07-26,MIL,CHC,3.0,2.0,9.5,-117.0,107.0
2019-07-26,BOS,NYY,10.0,5.0,11.0,112.0,-122.0
2019-07-26,NYM,PIT,6.0,3.0,9.0,-170.0,160.0
2019-07-26,PHI,ATL,2.0,9.0,9.5,126.0,-137.0
2019-07-26,SDP,SFG,1.0,2.0,8.0,-132.0,122.0
2019-07-26,SEA,DET,3.0,2.0,9.5,-132.0,122.0
2019-07-26,STL,HOU,5.0,3.0,8.5,102.0,-111.0
2019-07-26,TOR,TBD,1.0,3.0,9.5,125.0,-135.0
2019-07-26,OAK,TEX,2.0,5.0,8.5,-115.0,105.0
2019-07-26,WSN,LAD,2.0,4.0,9.5,149.0,-165.0
2019-07-27,MIL,CHC,5.0,3.0,9.5,-109.0,-101.0
2019-07-27,ANA,BAL,7.0,8.0,10.0,-237.0,216.0
2019-07-27,BOS,NYY,9.0,5.0,12.0,-148.0,138.0
2019-07-27,CHW,MIN,5.0,1.0,11.0,160.0,-174.0
2019-07-27,CIN,COL,3.0,1.0,10.5,-160.0,150.0
2019-07-27,FLA,ARI,2.0,9.0,8.0,107.0,-117.0
2019-07-27,KCR,CLE,1.0,9.0,9.0,195.0,-215.0
2019-07-27,STL,HOU,2.0,8.0,8.5,185.0,-202.0
2019-07-27,PHI,ATL,7.0,15.0,9.5,120.0,-130.0
2019-07-27,SDP,SFG,5.0,1.0,8.5,-133.0,123.0
2019-07-27,SEA,DET,8.0,1.0,9.0,-164.0,151.0
2019-07-27,TOR,TBD,10.0,9.0,10.0,118.0,-128.0
2019-07-27,OAK,TEX,5.0,4.0,9.5,-180.0,165.0
2019-07-27,WSN,LAD,3.0,9.0,10.0,170.0,-185.0
2019-07-27,NYM,PIT,3.0,0.0,9.5,-135.0,125.0
2019-07-28,OAK,TEX,6.0,5.0,9.5,-200.0,180.0
2019-07-28,WSN,LAD,11.0,4.0,8.5,104.0,-114.0
2019-07-28,STL,HOU,2.0,6.0,9.5,120.0,-130.0
2019-07-28,SEA,DET,3.0,2.0,8.0,-112.0,102.0
2019-07-28,SDP,SFG,6.0,7.0,8.0,-109.0,-101.0
2019-07-28,PHI,ATL,9.0,4.0,9.5,-140.0,130.0
2019-07-28,CIN,COL,3.0,2.0,10.5,-152.0,142.0
2019-07-28,NYM,PIT,8.0,7.0,9.0,-130.0,120.0
2019-07-28,CHW,MIN,1.0,11.0,10.5,185.0,-205.0
2019-07-28,KCR,CLE,9.0,6.0,9.0,162.0,-174.0
2019-07-28,TOR,TBD,9.0,10.0,10.0,139.0,-150.0
2019-07-28,FLA,ARI,5.0,1.0,8.0,147.0,-157.0
2019-07-28,ANA,BAL,5.0,4.0,10.5,-231.0,206.0
2019-07-28,BOS,NYY,6.0,9.0,10.5,-163.0,148.0
2019-07-28,MIL,CHC,4.0,11.0,10.0,-114.0,104.0
2019-07-29,COL,LAD,9.0,1.0,13.0,118.0,-128.0
2019-07-29,CIN,PIT,11.0,6.0,,,
2019-07-29,ANA,DET,2.0,7.0,10.5,-245.0,215.0
2019-07-29,FLA,ARI,11.0,6.0,7.5,-108.0,-102.0
2019-07-29,KCR,TOR,3.0,7.0,10.0,-128.0,119.0
2019-07-29,WSN,ATL,6.0,3.0,9.5,-149.0,139.0
2019-07-29,SDP,BAL,8.0,1.0,8.5,-287.0,253.0
2019-07-30,BOS,TBD,5.0,6.0,9.5,-134.0,124.0
2019-07-30,ANA,DET,6.0,1.0,9.5,-275.0,250.0
2019-07-30,CHW,NYM,2.0,5.0,9.0,136.0,-146.0
2019-07-30,CIN,PIT,4.0,11.0,9.5,-130.0,120.0
2019-07-30,CLE,HOU,0.0,2.0,8.5,131.0,-142.0
2019-07-30,COL,LAD,4.0,9.0,14.0,137.0,-147.0
2019-07-30,KCR,TOR,2.0,9.0,10.0,101.0,-111.0
2019-07-30,FLA,MIN,1.0,2.0,8.0,132.0,-143.0
2019-07-30,NYY,ARI,2.0,4.0,11.5,-220.0,190.0
2019-07-30,WSN,ATL,8.0,11.0,10.5,-104.0,-104.0
2019-07-30,SDP,BAL,5.0,8.0,9.0,-240.0,210.0
2019-07-30,STL,CHC,2.0,1.0,8.5,110.0,-120.0
2019-07-30,PHI,SFG,4.0,2.0,10.5,-130.0,120.0
2019-07-30,OAK,MIL,3.0,2.0,9.0,-119.0,110.0
2019-07-30,TEX,SEA,5.0,8.0,11.5,-127.0,115.0
2019-07-31,FLA,MIN,4.0,7.0,8.0,170.0,-185.0
2019-07-31,BOS,TBD,5.0,8.0,11.0,-133.0,120.0
2019-07-31,CHW,NYM,2.0,4.0,8.0,178.0,-196.0
2019-07-31,CLE,HOU,10.0,4.0,10.0,135.0,-145.0
2019-07-31,COL,LAD,1.0,5.0,12.5,128.0,-138.0
2019-07-31,ANA,DET,1.0,9.0,10.0,-195.0,175.0
2019-07-31,KCR,TOR,1.0,4.0,10.0,-133.0,122.0
2019-07-31,CIN,PIT,4.0,1.0,9.5,-200.0,184.0
2019-07-31,PHI,SFG,1.0,5.0,9.5,-131.0,118.0
2019-07-31,STL,CHC,0.0,2.0,8.0,100.0,-109.0
2019-07-31,WSN,ATL,4.0,5.0,10.0,115.0,-125.0
2019-07-31,NYY,ARI,7.0,5.0,9.0,-130.0,120.0
2019-07-31,TEX,SEA,9.0,7.0,10.5,-163.0,148.0
2019-07-31,OAK,MIL,2.0,4.0,9.0,-112.0,102.0
2019-08-01,CLE,HOU,1.0,7.0,8.5,175.0,-190.0
2019-08-01,ATL,CIN,4.0,1.0,9.0,-169.0,159.0
2019-08-01,BAL,TOR,2.0,11.0,10.0,-107.0,-103.0
2019-08-01,BOS,TBD,4.0,9.0,11.0,-117.0,107.0
2019-08-01,CHW,NYM,0.0,4.0,10.0,175.0,-191.0
2019-08-01,FLA,MIN,5.0,4.0,8.0,150.0,-165.0
2019-08-01,OAK,MIL,5.0,3.0,9.5,-107.0,-103.0
2019-08-01,PHI,SFG,10.0,2.0,10.5,-156.0,143.0
2019-08-01,STL,CHC,8.0,0.0,8.5,-116.0,106.0
2019-08-01,LAD,SDP,8.0,2.0,8.0,-191.0,175.0
2019-08-02,LAD,SDP,2.0,5.0,9.0,-157.0,145.0
2019-08-02,COL,SFG,5.0,4.0,13.5,-143.0,133.0
2019-08-02,ATL,CIN,2.0,5.0,9.5,-174.0,159.0
2019-08-02,ARI,WSN,0.0,3.0,10.0,-118.0,108.0
2019-08-02,CHC,MIL,6.0,2.0,9.0,-148.0,136.0
2019-08-02,CLE,ANA,7.0,3.0,9.5,-220.0,200.0
2019-08-02,HOU,SEA,10.0,2.0,10.0,-285.0,251.0
2019-08-02,NYY,BOS,4.0,2.0,10.5,-130.0,120.0
2019-08-02,MIN,KCR,11.0,9.0,11.0,-220.0,196.0
2019-08-02,PHI,CHW,3.0,4.0,10.0,-180.0,162.0
2019-08-02,PIT,NYM,8.0,4.0,9.5,103.0,-113.0
2019-08-02,TEX,DET,5.0,4.0,9.5,-240.0,210.0
2019-08-02,BAL,TOR,2.0,5.0,10.5,118.0,-128.0
2019-08-03,HOU,SEA,9.0,0.0,10.5,-211.0,193.0
2019-08-03,ARI,WSN,18.0,7.0,8.0,123.0,-133.0
2019-08-03,ATL,CIN,5.0,4.0,8.5,-136.0,126.0
2019-08-03,BAL,TOR,6.0,4.0,10.0,103.0,-113.0
2019-08-03,CHC,MIL,4.0,1.0,9.0,-136.0,126.0
2019-08-03,CLE,ANA,7.0,2.0,11.0,-125.0,115.0
2019-08-03,COL,SFG,5.0,6.0,11.0,-119.0,109.0
2019-08-03,LAD,SDP,4.0,1.0,8.5,-260.0,220.0
2019-08-03,NYY,BOS,9.0,2.0,9.5,108.0,-118.0
2019-08-03,OAK,STL,8.0,3.0,9.5,-158.0,146.0
2019-08-03,PHI,CHW,3.0,2.0,9.0,-300.0,260.0
2019-08-03,PIT,NYM,5.0,7.0,9.0,120.0,-130.0
2019-08-03,TBD,FLA,8.0,6.0,8.5,-215.0,190.0
2019-08-03,TEX,DET,5.0,4.0,9.5,-106.0,-104.0
2019-08-03,MIN,KCR,11.0,3.0,10.0,-220.0,200.0
2019-08-04,ARI,WSN,7.0,5.0,9.5,147.0,-163.0
2019-08-04,HOU,SEA,3.0,1.0,9.0,-410.0,330.0
2019-08-04,ATL,CIN,4.0,6.0,9.0,-116.0,106.0
2019-08-04,BAL,TOR,6.0,5.0,11.0,137.0,-149.0
2019-08-04,CHC,MIL,7.0,2.0,8.5,-130.0,120.0
2019-08-04,CLE,ANA,6.0,2.0,9.0,-225.0,205.0
2019-08-04,COL,SFG,6.0,2.0,13.5,-128.0,118.0
2019-08-04,LAD,SDP,11.0,10.0,8.5,-148.0,138.0
2019-08-04,MIN,KCR,3.0,0.0,10.5,-190.0,170.0
2019-08-04,TEX,DET,9.0,4.0,11.0,-190.0,170.0
2019-08-04,NYY,BOS,7.0,4.0,10.0,113.0,-123.0
2019-08-04,PIT,NYM,2.0,13.0,8.5,105.0,-114.0
2019-08-04,OAK,STL,4.0,2.0,9.0,-130.0,120.0
2019-08-04,PHI,CHW,5.0,10.0,9.0,-153.0,143.0
2019-08-04,TBD,FLA,7.0,2.0,8.0,-185.0,170.0
2019-08-05,DET,CHW,4.0,7.0,8.5,123.0,-133.0
2019-08-05,ARI,PHI,3.0,7.0,9.5,-114.0,104.0
2019-08-05,BAL,NYY,6.0,9.0,10.5,210.0,-240.0
2019-08-05,BOS,KCR,7.0,5.0,11.5,-250.0,215.0
2019-08-05,TBD,TOR,0.0,2.0,8.0,-285.0,235.0
2019-08-05,CIN,ANA,7.0,4.0,9.5,-195.0,183.0
2019-08-05,CHC,OAK,6.0,5.0,10.0,-160.0,144.0
2019-08-05,MIN,ATL,5.0,3.0,10.0,-108.0,-102.0
2019-08-05,LAD,STL,8.0,0.0,9.5,-152.0,142.0
2019-08-05,CLE,TEX,0.0,1.0,9.5,-160.0,144.0
2019-08-05,NYM,FLA,6.0,2.0,7.5,-350.0,285.0
2019-08-05,PIT,MIL,7.0,9.0,10.0,143.0,-156.0
2019-08-05,SFG,WSN,0.0,4.0,8.5,-132.0,122.0
2019-08-06,CHC,OAK,4.0,11.0,9.5,-134.0,124.0
2019-08-06,BOS,KCR,2.0,6.0,10.5,-190.0,175.0
2019-08-06,BAL,NYY,4.0,9.0,10.5,180.0,-196.0
2019-08-06,ARI,PHI,8.0,4.0,9.5,-136.0,126.0
2019-08-06,CIN,ANA,8.0,4.0,9.5,-135.0,125.0
2019-08-06,DET,CHW,10.0,6.0,10.0,-114.0,105.0
2019-08-06,SEA,SDP,4.0,9.0,9.5,118.0,-128.0
2019-08-06,PIT,MIL,3.0,4.0,9.5,134.0,-144.0
2019-08-06,LAD,STL,3.0,1.0,8.0,-200.0,180.0
2019-08-06,SFG,WSN,3.0,5.0,8.5,101.0,-111.0
2019-08-06,TBD,TOR,7.0,6.0,8.5,-200.0,180.0
2019-08-06,NYM,FLA,5.0,0.0,8.5,-256.0,233.0
2019-08-06,MIN,ATL,7.0,12.0,10.0,-152.0,142.0
2019-08-06,HOU,COL,11.0,6.0,8.0,-220.0,195.0
2019-08-07,MIN,ATL,7.0,11.0,11.0,109.0,-119.0
2019-08-07,BAL,NYY,2.0,14.0,9.5,215.0,-250.0
2019-08-07,BOS,KCR,5.0,4.0,,,
2019-08-07,CHC,OAK,10.0,1.0,11.0,-143.0,133.0
2019-08-07,CLE,TEX,2.0,0.0,10.0,-190.0,170.0
2019-08-07,NYM,FLA,7.0,2.0,9.0,-200.0,180.0
2019-08-07,HOU,COL,14.0,3.0,8.5,-380.0,320.0
2019-08-07,PIT,MIL,3.0,8.0,9.5,110.0,-120.0
2019-08-07,ARI,PHI,6.0,1.0,9.0,-143.0,133.0
2019-08-07,SEA,SDP,3.0,2.0,9.5,138.0,-148.0
2019-08-07,SFG,WSN,1.0,4.0,9.0,102.0,-112.0
2019-08-07,TBD,TOR,3.0,4.0,9.0,-230.0,200.0
2019-08-07,LAD,STL,2.0,1.0,8.5,-124.0,114.0
2019-08-07,DET,CHW,1.0,8.0,9.0,112.0,-122.0
2019-08-08,CIN,CHC,5.0,12.0,9.5,115.0,-125.0
2019-08-08,FLA,ATL,9.0,2.0,8.5,185.0,-210.0
2019-08-08,DET,KCR,10.0,8.0,9.0,-155.0,145.0
2019-08-08,MIN,CLE,5.0,7.0,9.0,103.0,-113.0
2019-08-08,BOS,ANA,3.0,0.0,11.0,-240.0,210.0
2019-08-08,SFG,PHI,5.0,0.0,7.5,-102.0,-108.0
2019-08-08,TOR,NYY,6.0,12.0,10.5,170.0,-190.0
2019-08-08,SDP,COL,9.0,3.0,8.0,-101.0,-109.0
2019-08-09,BOS,ANA,16.0,4.0,12.0,-154.0,142.0
2019-08-09,BAL,HOU,2.0,3.0,10.5,239.0,-263.0
2019-08-09,CHW,OAK,0.0,7.0,11.0,225.0,-247.0
2019-08-09,LAD,ARI,2.0,3.0,7.5,-180.0,165.0
2019-08-09,CIN,CHC,5.0,2.0,9.0,108.0,-118.0
2019-08-09,DET,KCR,5.0,2.0,10.5,144.0,-160.0
2019-08-09,FLA,ATL,4.0,8.0,8.0,135.0,-150.0
2019-08-09,MIL,TEX,6.0,5.0,9.5,-200.0,180.0
2019-08-09,MIN,CLE,2.0,6.0,9.5,129.0,-139.0
2019-08-09,SDP,COL,7.0,1.0,9.0,-146.0,136.0
2019-08-09,SEA,TBD,3.0,5.0,9.0,124.0,-134.0
2019-08-09,SFG,PHI,6.0,9.0,8.5,118.0,-128.0
2019-08-09,TOR,NYY,8.0,2.0,10.5,137.0,-147.0
2019-08-09,STL,PIT,6.0,2.0,9.0,-142.0,132.0
2019-08-09,NYM,WSN,7.0,6.0,8.0,118.0,-128.0
2019-08-10,LAD,ARI,4.0,0.0,8.5,-172.0,155.0
2019-08-10,BAL,HOU,2.0,23.0,11.5,240.0,-300.0
2019-08-10,BOS,ANA,4.0,12.0,11.5,-150.0,140.0
2019-08-10,CHW,OAK,3.0,2.0,9.5,155.0,-170.0
2019-08-10,CIN,CHC,10.0,1.0,8.5,-108.0,-102.0
2019-08-10,FLA,ATL,7.0,6.0,8.5,224.0,-246.0
2019-08-10,DET,KCR,0.0,7.0,9.5,-129.0,119.0
2019-08-10,MIL,TEX,3.0,2.0,10.0,-200.0,180.0
2019-08-10,NYM,WSN,4.0,3.0,8.0,-131.0,121.0
2019-08-10,SDP,COL,8.0,5.0,8.5,-215.0,190.0
2019-08-10,SEA,TBD,4.0,5.0,8.5,180.0,-200.0
2019-08-10,SFG,PHI,3.0,1.0,8.5,100.0,-110.0
2019-08-10,STL,PIT,3.0,1.0,9.0,-170.0,155.0
2019-08-10,TOR,NYY,5.0,4.0,11.0,147.0,-157.0
2019-08-10,MIN,CLE,4.0,1.0,10.0,-150.0,135.0
2019-08-11,MIL,TEX,0.0,1.0,9.0,-125.0,115.0
2019-08-11,DET,KCR,2.0,10.0,9.0,113.0,-123.0
2019-08-11,FLA,ATL,4.0,5.0,9.0,180.0,-200.0
2019-08-11,CIN,CHC,3.0,6.0,9.0,-138.0,128.0
2019-08-11,CHW,OAK,0.0,2.0,9.0,120.0,-130.0
2019-08-11,MIN,CLE,3.0,7.0,9.5,-140.0,130.0
2019-08-11,BAL,HOU,8.0,7.0,10.0,370.0,-470.0
2019-08-11,LAD,ARI,9.0,3.0,8.5,-221.0,202.0
2019-08-11,SFG,PHI,9.0,6.0,9.0,112.0,-123.0
2019-08-11,TOR,NYY,0.0,1.0,11.0,166.0,-185.0
2019-08-11,NYM,WSN,4.0,7.0,8.0,-210.0,190.0
2019-08-11,BOS,ANA,4.0,5.0,12.0,-130.0,120.0
2019-08-11,SEA,TBD,0.0,1.0,9.0,165.0,-180.0
2019-08-11,STL,PIT,11.0,9.0,9.0,-194.0,177.0
2019-08-11,SDP,COL,3.0,8.0,8.0,-123.0,113.0
2019-08-12,CLE,BOS,6.0,5.0,10.5,106.0,-116.0
2019-08-12,ANA,PIT,2.0,10.0,10.0,-147.0,137.0
2019-08-12,COL,ARI,6.0,8.0,14.0,-110.0,100.0
2019-08-12,WSN,CIN,7.0,6.0,10.5,108.0,-118.0
2019-08-12,SDP,TBD,4.0,10.0,8.5,-120.0,110.0
2019-08-12,NYY,BAL,8.0,5.0,10.5,-360.0,280.0
2019-08-12,TOR,TEX,19.0,4.0,10.5,-122.0,112.0
2019-08-13,COL,ARI,3.0,9.0,13.0,118.0,-128.0
2019-08-13,CLE,BOS,6.0,7.0,7.5,-103.0,-105.0
2019-08-13,CHW,HOU,2.0,6.0,10.0,280.0,-380.0
2019-08-13,DET,SEA,6.0,11.0,9.0,-158.0,148.0
2019-08-13,ANA,PIT,7.0,10.0,9.5,-168.0,151.0
2019-08-13,KCR,STL,0.0,2.0,9.5,210.0,-240.0
2019-08-13,ATL,NYM,5.0,3.0,9.5,-128.0,118.0
2019-08-13,FLA,LAD,1.0,15.0,8.5,185.0,-200.0
2019-08-13,TOR,TEX,3.0,0.0,9.0,123.0,-133.0
2019-08-13,MIL,MIN,5.0,7.0,10.0,-152.0,141.0
2019-08-13,PHI,CHC,4.0,2.0,10.5,119.0,-129.0
2019-08-13,SDP,TBD,5.0,7.0,8.0,110.0,-120.0
2019-08-13,SFG,OAK,3.0,2.0,8.0,-109.0,-101.0
2019-08-13,WSN,CIN,3.0,1.0,10.5,-130.0,120.0
2019-08-13,NYY,BAL,8.0,3.0,10.5,-310.0,250.0
2019-08-14,KCR,STL,0.0,6.0,9.5,118.0,-128.0
2019-08-14,ANA,PIT,7.0,4.0,10.0,-124.0,114.0
2019-08-14,ATL,NYM,6.0,4.0,10.0,-150.0,140.0
2019-08-14,CHW,HOU,13.0,9.0,10.5,270.0,-330.0
2019-08-14,CLE,BOS,1.0,5.0,9.0,-190.0,170.0
2019-08-14,COL,ARI,7.0,6.0,13.0,141.0,-153.0
2019-08-14,DET,SEA,3.0,2.0,10.0,150.0,-160.0
2019-08-14,FLA,LAD,1.0,9.0,8.0,267.0,-295.0
2019-08-14,NYY,BAL,6.0,5.0,10.5,-250.0,215.0
2019-08-14,PHI,CHC,11.0,1.0,9.0,-116.0,106.0
2019-08-14,SDP,TBD,7.0,2.0,8.5,-111.0,101.0
2019-08-14,SFG,OAK,5.0,9.0,9.0,107.0,-117.0
2019-08-14,TOR,TEX,3.0,7.0,10.0,-136.0,126.0
2019-08-14,WSN,CIN,17.0,7.0,9.0,-170.0,155.0
2019-08-14,MIL,MIN,6.0,5.0,9.5,-120.0,110.0
2019-08-15,NYY,CLE,5.0,19.0,11.0,-155.0,139.0
2019-08-15,TEX,MIN,6.0,13.0,12.0,145.0,-155.0
2019-08-15,OAK,HOU,7.0,6.0,10.0,104.0,-114.0
2019-08-15,PHI,CHC,7.0,5.0,9.5,127.0,-138.0
2019-08-15,FLA,LAD,13.0,7.0,7.0,222.0,-243.0
2019-08-15,DET,SEA,2.0,7.0,9.0,-102.0,-108.0
2019-08-15,CIN,STL,2.0,1.0,9.5,-144.0,134.0
2019-08-15,ATL,NYM,8.0,10.0,10.0,-123.0,113.0
2019-08-15,ARI,SFG,0.0,7.0,9.5,-161.0,145.0
2019-08-15,ANA,CHW,8.0,7.0,9.0,-159.0,149.0
2019-08-16,ARI,SFG,9.0,10.0,9.5,-132.0,122.0
2019-08-16,OAK,HOU,3.0,2.0,9.0,172.0,-192.0
2019-08-16,BOS,BAL,9.0,1.0,12.5,-280.0,245.0
2019-08-16,CIN,STL,4.0,13.0,8.5,-135.0,125.0
2019-08-16,COL,FLA,3.0,0.0,12.5,-240.0,210.0
2019-08-16,KCR,NYM,4.0,1.0,9.0,162.0,-180.0
2019-08-16,ATL,LAD,3.0,8.0,10.0,-115.0,105.0
2019-08-16,NYY,CLE,3.0,2.0,10.5,-144.0,134.0
2019-08-16,PIT,CHC,3.0,2.0,9.0,125.0,-135.0
2019-08-16,TBD,DET,0.0,2.0,7.5,-323.0,291.0
2019-08-16,TEX,MIN,3.0,4.0,10.0,-107.0,-103.0
2019-08-16,TOR,SEA,7.0,3.0,10.0,-141.0,131.0
2019-08-16,WSN,MIL,2.0,1.0,9.0,-154.0,144.0
2019-08-16,ANA,CHW,2.0,7.0,8.5,-113.0,105.0
2019-08-16,PHI,SDP,8.0,4.0,9.0,-111.0,101.0
2019-08-17,ANA,CHW,6.0,5.0,10.0,-186.0,168.0
2019-08-17,ATL,LAD,4.0,3.0,10.0,141.0,-151.0
2019-08-17,COL,FLA,11.0,4.0,12.5,-275.0,250.0
2019-08-17,CIN,STL,6.0,1.0,9.0,120.0,-130.0
2019-08-17,BOS,BAL,4.0,0.0,10.5,-320.0,260.0
2019-08-17,OAK,HOU,8.0,4.0,10.0,110.0,-119.0
2019-08-17,ARI,SFG,6.0,11.0,10.0,-115.0,105.0
2019-08-17,NYY,CLE,6.0,5.0,10.0,-173.0,158.0
2019-08-17,KCR,NYM,1.0,4.0,8.5,180.0,-200.0
2019-08-17,TOR,SEA,3.0,4.0,10.5,-164.0,150.0
2019-08-17,PHI,SDP,3.0,5.0,9.5,-110.0,100.0
2019-08-17,PIT,CHC,0.0,2.0,10.5,140.0,-150.0
2019-08-17,TBD,DET,1.0,0.0,8.5,-320.0,280.0
2019-08-17,TEX,MIN,7.0,12.0,11.5,155.0,-170.0
2019-08-17,WSN,MIL,14.0,15.0,10.5,-125.0,115.0
2019-08-18,CIN,STL,4.0,5.0,9.0,160.0,-174.0
2019-08-18,OAK,HOU,1.0,4.0,9.5,175.0,-195.0
2019-08-18,ANA,CHW,9.0,2.0,9.0,-156.0,146.0
2019-08-18,ARI,SFG,6.0,1.0,9.0,-108.0,-102.0
2019-08-18,ATL,LAD,5.0,3.0,10.0,-128.0,118.0
2019-08-18,BOS,BAL,13.0,7.0,12.0,-305.0,268.0
2019-08-18,COL,FLA,7.0,6.0,13.5,-175.0,165.0
2019-08-18,KCR,NYM,5.0,11.0,9.5,164.0,-179.0
2019-08-18,PHI,SDP,2.0,3.0,10.5,-118.0,108.0
2019-08-18,PIT,CHC,1.0,7.0,9.5,145.0,-155.0
2019-08-18,TBD,DET,5.0,4.0,7.5,-190.0,175.0
2019-08-18,TEX,MIN,3.0,6.0,10.5,-135.0,125.0
2019-08-18,TOR,SEA,0.0,7.0,10.0,-161.0,148.0
2019-08-18,WSN,MIL,16.0,8.0,11.0,-105.0,-105.0
2019-08-18,NYY,CLE,4.0,8.0,10.0,109.0,-119.0
2019-08-19,MIN,CHW,4.0,6.0,9.5,-230.0,200.0
2019-08-19,TEX,ANA,8.0,7.0,11.5,108.0,-118.0
2019-08-19,TBD,SEA,3.0,9.0,8.0,-200.0,180.0
2019-08-19,PIT,WSN,0.0,13.0,10.5,107.0,-117.0
2019-08-19,HOU,DET,5.0,4.0,10.0,-425.0,364.0
2019-08-19,CIN,SDP,2.0,3.0,9.0,-144.0,134.0
2019-08-19,BAL,KCR,4.0,5.0,10.5,-133.0,123.0
2019-08-19,ARI,COL,5.0,3.0,9.5,-208.0,190.0
2019-08-19,STL,MIL,3.0,0.0,9.5,-116.0,106.0
2019-08-20,LAD,TOR,16.0,3.0,9.0,-331.0,297.0
2019-08-20,ATL,FLA,5.0,1.0,9.5,-260.0,230.0
2019-08-20,BAL,KCR,4.0,1.0,9.5,-120.0,110.0
2019-08-20,BOS,PHI,2.0,3.0,11.0,-109.0,-101.0
2019-08-20,CHC,SFG,5.0,3.0,10.5,-200.0,180.0
2019-08-20,CIN,SDP,3.0,2.0,8.5,-154.0,142.0
2019-08-20,OAK,NYY,6.0,2.0,9.5,120.0,-130.0
2019-08-20,HOU,DET,6.0,3.0,9.0,-270.0,240.0
2019-08-20,NYM,CLE,9.0,2.0,8.0,138.0,-148.0
2019-08-20,PIT,WSN,4.0,1.0,8.5,145.0,-155.0
2019-08-20,STL,MIL,9.0,4.0,10.0,100.0,-110.0
2019-08-20,TEX,ANA,1.0,5.0,11.5,133.0,-143.0
2019-08-20,ARI,COL,8.0,7.0,10.0,-148.0,137.0
2019-08-20,TBD,SEA,4.0,7.0,8.5,-196.0,178.0
2019-08-20,MIN,CHW,14.0,4.0,10.0,-230.0,205.0
2019-08-21,CIN,SDP,4.0,2.0,8.5,-173.0,155.0
2019-08-21,ARI,COL,2.0,7.0,10.0,-171.0,161.0
2019-08-21,ATL,FLA,5.0,0.0,9.5,-190.0,170.0
2019-08-21,BAL,KCR,8.0,1.0,10.5,104.0,-114.0
2019-08-21,BOS,PHI,2.0,5.0,12.0,-160.0,150.0
2019-08-21,CHC,SFG,12.0,11.0,9.0,-250.0,220.0
2019-08-21,NYM,CLE,4.0,3.0,9.0,-145.0,135.0
2019-08-21,HOU,DET,1.0,2.0,8.5,-550.0,425.0
2019-08-21,OAK,NYY,6.0,4.0,10.0,-122.0,112.0
2019-08-21,PIT,WSN,1.0,11.0,9.0,127.0,-141.0
2019-08-21,STL,MIL,3.0,5.0,8.5,-105.0,-105.0
2019-08-21,TBD,SEA,7.0,6.0,8.5,-305.0,275.0
2019-08-21,TEX,ANA,8.0,7.0,10.5,-123.0,113.0
2019-08-21,MIN,CHW,0.0,4.0,8.5,-175.0,157.0
2019-08-21,LAD,TOR,2.0,1.0,8.5,-380.0,310.0
2019-08-22,HOU,DET,6.0,3.0,8.0,-520.0,420.0
2019-08-22,ATL,FLA,3.0,2.0,9.0,-280.0,245.0
2019-08-22,BAL,TBD,2.0,5.0,10.0,195.0,-225.0
2019-08-22,CHC,SFG,1.0,0.0,7.5,-185.0,167.0
2019-08-22,CHW,TEX,6.0,1.0,10.5,104.0,-114.0
2019-08-22,NYM,CLE,2.0,0.0,8.5,-125.0,115.0
2019-08-22,OAK,NYY,5.0,3.0,9.5,110.0,-120.0
2019-08-22,PIT,WSN,1.0,7.0,9.0,195.0,-220.0
2019-08-22,STL,COL,6.0,5.0,8.0,-129.0,119.0
2019-08-22,LAD,TOR,3.0,2.0,9.5,-240.0,210.0
2019-08-23,STL,COL,8.0,3.0,8.0,-255.0,226.0
2019-08-23,CLE,KCR,4.0,1.0,9.0,-190.0,170.0
2019-08-23,CHW,TEX,8.0,3.0,8.5,130.0,-140.0
2019-08-23,CHC,WSN,3.0,9.0,8.5,-131.0,118.0
2019-08-23,BAL,TBD,1.0,7.0,10.5,178.0,-196.0
2019-08-23,LAD,NYY,2.0,10.0,8.5,-145.0,135.0
2019-08-23,SEA,TOR,7.0,4.0,9.5,-108.0,-102.0
2019-08-23,FLA,PHI,19.0,11.0,9.0,150.0,-160.0
2019-08-23,PIT,CIN,3.0,2.0,9.0,-115.0,105.0
2019-08-23,NYM,ATL,1.0,2.0,7.5,-182.0,172.0
2019-08-23,MIN,DET,6.0,9.0,9.5,-330.0,285.0
2019-08-23,MIL,ARI,6.0,1.0,10.0,-147.0,137.0
2019-08-23,HOU,ANA,5.0,4.0,9.5,-250.0,222.0
2019-08-23,SDP,BOS,0.0,11.0,8.0,108.0,-117.0
2019-08-24,BAL,TBD,7.0,1.0,9.5,170.0,-190.0
2019-08-24,CHC,WSN,2.0,7.0,9.0,-166.0,153.0
2019-08-24,CHW,TEX,0.0,4.0,9.5,-132.0,122.0
2019-08-24,CLE,KCR,4.0,2.0,9.0,-365.0,317.0
2019-08-24,FLA,PHI,3.0,9.0,9.0,118.0,-131.0
2019-08-24,HOU,ANA,5.0,2.0,10.5,-190.0,170.0
2019-08-24,LAD,NYY,2.0,1.0,10.0,-140.0,130.0
2019-08-24,MIL,ARI,4.0,0.0,9.0,-128.0,118.0
2019-08-24,MIN,DET,8.0,5.0,10.0,-345.0,300.0
2019-08-24,PIT,CIN,14.0,0.0,8.5,-102.0,-108.0
2019-08-24,SDP,BOS,4.0,5.0,9.0,112.0,-123.0
2019-08-24,SEA,TOR,5.0,7.0,9.5,-113.0,105.0
2019-08-24,STL,COL,6.0,0.0,9.0,-182.0,167.0
2019-08-24,NYM,ATL,5.0,9.0,8.0,-108.0,-102.0
2019-08-24,OAK,SFG,5.0,10.0,8.5,-145.0,135.0
2019-08-25,HOU,ANA,11.0,2.0,10.5,-180.0,162.0
2019-08-25,MIN,DET,7.0,4.0,9.0,-195.0,176.0
2019-08-25,CHC,WSN,5.0,7.0,8.5,115.0,-125.0
2019-08-25,CHW,TEX,2.0,0.0,9.0,-129.0,119.0
2019-08-25,BAL,TBD,8.0,3.0,9.5,155.0,-170.0
2019-08-25,STL,COL,11.0,4.0,9.0,-183.0,173.0
2019-08-25,SEA,TOR,3.0,1.0,9.5,-147.0,136.0
2019-08-25,FLA,PHI,3.0,2.0,8.0,180.0,-190.0
2019-08-25,MIL,ARI,2.0,5.0,9.0,-113.0,103.0
2019-08-25,PIT,CIN,9.0,8.0,8.5,124.0,-134.0
2019-08-25,NYM,ATL,1.0,2.0,8.5,-105.0,-105.0
2019-08-25,OAK,SFG,4.0,5.0,9.5,-164.0,151.0
2019-08-25,CLE,KCR,8.0,9.0,9.0,-360.0,280.0
2019-08-25,SDP,BOS,3.0,1.0,9.5,-114.0,105.0
2019-08-25,LAD,NYY,1.0,5.0,8.5,-157.0,141.0
2019-08-26,FLA,CIN,3.0,6.0,7.5,147.0,-157.0
2019-08-26,SFG,ARI,4.0,6.0,8.5,-105.0,-105.0
2019-08-26,SEA,NYY,4.0,5.0,9.5,170.0,-190.0
2019-08-26,SDP,LAD,4.0,3.0,8.5,135.0,-146.0
2019-08-26,PHI,PIT,6.0,5.0,9.0,-143.0,132.0
2019-08-26,MIL,STL,2.0,12.0,10.0,-134.0,124.0
2019-08-26,KCR,OAK,4.0,19.0,9.0,142.0,-152.0
2019-08-26,COL,ATL,3.0,1.0,13.5,133.0,-143.0
2019-08-27,KCR,OAK,1.0,2.0,10.0,188.0,-205.0
2019-08-27,CHW,MIN,1.0,3.0,9.0,100.0,-110.0
2019-08-27,COL,BOS,6.0,10.0,13.5,130.0,-141.0
2019-08-27,DET,CLE,1.0,10.0,9.5,145.0,-160.0
2019-08-27,FLA,CIN,5.0,8.0,7.0,145.0,-155.0
2019-08-27,HOU,TBD,15.0,1.0,7.5,-197.0,184.0
2019-08-27,PHI,PIT,4.0,5.0,10.0,-135.0,125.0
2019-08-27,MIL,STL,3.0,6.0,9.5,-135.0,122.0
2019-08-27,WSN,BAL,0.0,2.0,9.5,-325.0,284.0
2019-08-27,SDP,LAD,0.0,9.0,8.0,180.0,-200.0
2019-08-27,SEA,NYY,0.0,7.0,9.5,162.0,-172.0
2019-08-27,SFG,ARI,2.0,3.0,8.5,-131.0,121.0
2019-08-27,ANA,TEX,5.0,2.0,8.0,-160.0,150.0
2019-08-27,TOR,ATL,3.0,1.0,9.5,165.0,-184.0
2019-08-27,NYM,CHC,2.0,5.0,8.0,-102.0,-108.0
2019-08-28,CHW,MIN,2.0,8.0,10.5,177.0,-194.0
2019-08-28,KCR,OAK,6.0,4.0,9.0,150.0,-160.0
2019-08-28,TOR,ATL,4.0,9.0,9.5,120.0,-130.0
2019-08-28,NYM,CHC,7.0,10.0,7.5,-120.0,110.0
2019-08-28,ANA,TEX,0.0,3.0,9.5,-159.0,149.0
2019-08-28,MIL,STL,4.0,1.0,8.5,115.0,-125.0
2019-08-28,PHI,PIT,12.0,3.0,9.5,-147.0,135.0
2019-08-28,DET,CLE,2.0,4.0,9.5,190.0,-210.0
2019-08-28,SDP,LAD,4.0,6.0,9.0,167.0,-185.0
2019-08-28,WSN,BAL,8.0,4.0,9.0,-400.0,344.0
2019-08-28,FLA,CIN,0.0,5.0,8.0,140.0,-150.0
2019-08-28,HOU,TBD,8.0,6.0,8.0,-230.0,200.0
2019-08-28,COL,BOS,4.0,7.0,13.5,166.0,-185.0
2019-08-28,SEA,NYY,3.0,7.0,9.0,225.0,-270.0
2019-08-29,KCR,OAK,8.0,9.0,10.5,200.0,-220.0
2019-08-29,HOU,TBD,8.0,9.0,9.0,-240.0,210.0
2019-08-29,ARI,LAD,11.0,5.0,9.5,179.0,-195.0
2019-08-29,DET,CLE,0.0,2.0,8.5,230.0,-250.0
2019-08-29,NYM,CHC,1.0,4.0,7.0,-205.0,185.0
2019-08-29,FLA,CIN,4.0,3.0,9.0,150.0,-160.0
2019-08-29,TEX,SEA,3.0,5.0,10.5,-170.0,156.0
2019-08-29,CHW,MIN,5.0,10.0,10.5,167.0,-185.0
2019-08-29,COL,PIT,8.0,11.0,14.5,-103.0,-107.0
2019-08-29,SFG,SDP,3.0,5.0,8.0,109.0,-119.0
2019-08-30,ANA,BOS,6.0,7.0,10.5,111.0,-122.0
2019-08-30,ARI,LAD,5.0,4.0,9.0,109.0,-119.0
2019-08-30,ATL,CHW,10.0,7.0,9.5,-218.0,198.0
2019-08-30,CHC,MIL,7.0,1.0,8.0,-132.0,122.0
2019-08-30,COL,PIT,4.0,9.0,14.5,-130.0,120.0
2019-08-30,DET,MIN,5.0,13.0,10.0,243.0,-275.0
2019-08-30,KCR,BAL,2.0,14.0,9.5,100.0,-110.0
2019-08-30,PHI,NYM,5.0,11.0,9.0,-148.0,138.0
2019-08-30,TBD,CLE,4.0,0.0,8.0,125.0,-135.0
2019-08-30,TEX,SEA,6.0,3.0,10.5,-109.0,-101.0
2019-08-30,TOR,HOU,4.0,7.0,10.5,175.0,-195.0
2019-08-30,WSN,FLA,7.0,6.0,10.0,-240.0,213.0
2019-08-30,NYY,OAK,2.0,8.0,11.0,-141.0,131.0
2019-08-30,SFG,SDP,8.0,3.0,7.5,-132.0,122.0
2019-08-31,DET,MIN,10.0,7.0,9.5,139.0,-149.0
2019-08-31,COL,PIT,4.0,11.0,13.5,120.0,-130.0
2019-08-31,PHI,NYM,3.0,6.0,9.5,108.0,-118.0
2019-08-31,ARI,LAD,6.0,5.0,8.5,132.0,-142.0
2019-08-31,ANA,BOS,10.0,4.0,10.5,-101.0,-107.0
2019-08-31,CHC,MIL,0.0,2.0,8.5,-165.0,155.0
2019-08-31,KCR,BAL,7.0,5.0,9.0,105.0,-115.0
2019-08-31,ATL,CHW,11.0,5.0,9.0,-210.0,190.0
2019-08-31,STL,CIN,3.0,2.0,8.0,-101.0,-109.0
2019-08-31,SFG,SDP,1.0,4.0,8.5,-110.0,100.0
2019-08-31,TBD,CLE,9.0,6.0,8.5,-125.0,115.0
2019-08-31,TEX,SEA,3.0,2.0,10.5,-130.0,120.0
2019-08-31,TOR,HOU,6.0,4.0,10.5,156.0,-166.0
2019-08-31,WSN,FLA,7.0,0.0,8.5,-320.0,260.0
2019-08-31,NYY,OAK,4.0,3.0,11.0,-205.0,185.0
2019-09-01,PHI,NYM,5.0,2.0,9.5,109.0,-119.0
2019-09-01,ANA,BOS,3.0,4.0,9.5,-100.0,-108.0
2019-09-01,ARI,LAD,3.0,4.0,9.5,148.0,-158.0
2019-09-01,ATL,CHW,5.0,3.0,8.5,-135.0,125.0
2019-09-01,CHC,MIL,0.0,4.0,9.0,-135.0,122.0
2019-09-01,COL,PIT,2.0,6.0,14.0,-119.0,109.0
2019-09-01,DET,MIN,3.0,8.0,9.5,178.0,-188.0
2019-09-01,NYY,OAK,5.0,4.0,11.0,-129.0,119.0
2019-09-01,SFG,SDP,4.0,8.0,8.0,-127.0,117.0
2019-09-01,STL,CIN,4.0,3.0,8.5,-165.0,152.0
2019-09-01,TBD,CLE,8.0,2.0,8.0,-195.0,179.0
2019-09-01,TEX,SEA,3.0,11.0,10.0,-125.0,115.0
2019-09-01,TOR,HOU,0.0,2.0,9.0,250.0,-320.0
2019-09-01,WSN,FLA,9.0,3.0,9.0,-300.0,260.0
2019-09-01,KCR,BAL,6.0,4.0,9.5,-135.0,125.0
2019-09-02,LAD,COL,16.0,9.0,9.0,-355.0,309.0
2019-09-02,CLE,CHW,11.0,3.0,10.0,-230.0,205.0
2019-09-02,CHC,SEA,5.0,1.0,9.0,-290.0,250.0
2019-09-02,ARI,SDP,14.0,7.0,9.0,-130.0,120.0
2019-09-02,ATL,TOR,6.0,3.0,9.5,-260.0,220.0
2019-09-02,DET,MIN,3.0,4.0,10.0,183.0,-199.0
2019-09-02,MIL,HOU,2.0,3.0,8.5,160.0,-175.0
2019-09-02,STL,SFG,3.0,1.0,9.0,-195.0,183.0
2019-09-02,NYY,TEX,0.0,7.0,9.5,-210.0,185.0
2019-09-02,TBD,BAL,5.0,4.0,9.0,-290.0,250.0
2019-09-02,WSN,NYM,3.0,7.0,9.5,100.0,-110.0
2019-09-02,CIN,PHI,1.0,7.0,10.0,-138.0,128.0
2019-09-03,KCR,DET,6.0,5.0,9.5,-145.0,135.0
2019-09-03,MIL,HOU,4.0,2.0,9.5,129.0,-139.0
2019-09-03,ATL,TOR,7.0,2.0,11.0,-205.0,183.0
2019-09-03,BOS,MIN,5.0,6.0,11.5,-135.0,125.0
2019-09-03,CHC,SEA,6.0,1.0,10.5,-260.0,230.0
2019-09-03,CIN,PHI,2.0,6.0,10.5,100.0,-110.0
2019-09-03,CLE,CHW,5.0,6.0,9.0,-315.0,276.0
2019-09-03,ARI,SDP,2.0,1.0,9.5,-155.0,145.0
2019-09-03,OAK,ANA,7.0,5.0,9.5,-170.0,153.0
2019-09-03,NYY,TEX,10.0,1.0,10.0,-325.0,284.0
2019-09-03,PIT,FLA,4.0,5.0,9.0,-174.0,156.0
2019-09-03,STL,SFG,1.0,0.0,8.5,-290.0,250.0
2019-09-03,TBD,BAL,2.0,4.0,9.5,-290.0,250.0
2019-09-03,WSN,NYM,11.0,10.0,7.5,-115.0,105.0
2019-09-03,LAD,COL,5.0,3.0,10.0,-305.0,268.0
2019-09-04,CLE,CHW,8.0,6.0,8.5,-300.0,240.0
2019-09-04,ARI,SDP,4.0,1.0,8.0,-135.0,125.0
2019-09-04,CIN,PHI,8.0,5.0,9.0,139.0,-151.0
2019-09-04,BOS,MIN,6.0,2.0,11.0,-146.0,136.0
2019-09-04,NYY,TEX,4.0,1.0,9.5,-160.0,144.0
2019-09-04,KCR,DET,5.0,4.0,9.5,-220.0,200.0
2019-09-04,LAD,COL,7.0,3.0,9.5,-330.0,270.0
2019-09-04,PIT,FLA,6.0,5.0,9.0,-175.0,157.0
2019-09-04,STL,SFG,8.0,9.0,8.0,-126.0,115.0
2019-09-04,WSN,NYM,4.0,8.0,10.0,-110.0,100.0
2019-09-04,OAK,ANA,4.0,0.0,9.5,-158.0,145.0
2019-09-05,KCR,DET,4.0,6.0,9.5,-107.0,-103.0
2019-09-05,HOU,SEA,11.0,9.0,9.0,-257.0,234.0
2019-09-05,BAL,TEX,1.0,3.0,9.5,-120.0,110.0
2019-09-05,BOS,MIN,1.0,2.0,11.5,-151.0,140.0
2019-09-05,CIN,PHI,4.0,3.0,9.5,-143.0,129.0
2019-09-05,CLE,CHW,1.0,7.0,9.0,-180.0,165.0
2019-09-05,MIL,CHC,5.0,10.0,9.5,110.0,-120.0
2019-09-05,PIT,FLA,7.0,10.0,9.0,-143.0,133.0
2019-09-05,STL,SFG,10.0,0.0,8.5,-190.0,170.0
2019-09-05,TBD,TOR,6.0,4.0,9.0,-175.0,160.0
2019-09-05,ATL,WSN,4.0,2.0,9.0,102.0,-111.0
2019-09-05,OAK,ANA,10.0,6.0,10.5,-160.0,150.0
2019-09-06,PIT,STL,9.0,4.0,9.5,154.0,-170.0
2019-09-06,LAD,SFG,4.0,5.0,8.5,-330.0,288.0
2019-09-06,OAK,DET,4.0,5.0,9.0,-320.0,280.0
2019-09-06,MIL,CHC,7.0,1.0,9.5,100.0,-109.0
2019-09-06,MIN,CLE,2.0,6.0,10.5,-165.0,149.0
2019-09-06,NYM,PHI,5.0,4.0,8.5,-150.0,135.0
2019-09-06,SDP,COL,2.0,3.0,9.0,-172.0,161.0
2019-09-06,CIN,ARI,5.0,7.0,9.5,106.0,-116.0
2019-09-06,FLA,KCR,0.0,3.0,8.5,-119.0,109.0
2019-09-06,HOU,SEA,7.0,4.0,10.0,-230.0,205.0
2019-09-06,BAL,TEX,6.0,7.0,9.0,-129.0,119.0
2019-09-06,BOS,NYY,6.0,1.0,10.5,116.0,-128.0
2019-09-06,CHW,ANA,4.0,5.0,9.0,-151.0,141.0
2019-09-06,ATL,WSN,4.0,3.0,9.0,-101.0,-108.0
2019-09-06,TBD,TOR,5.0,0.0,8.5,-170.0,153.0
2019-09-07,LAD,SFG,0.0,1.0,9.5,-240.0,210.0
2019-09-07,ATL,WSN,5.0,4.0,10.0,-130.0,120.0
2019-09-07,BAL,TEX,4.0,9.0,9.5,-105.0,-103.0
2019-09-07,BOS,NYY,1.0,5.0,11.5,105.0,-115.0
2019-09-07,CHW,ANA,7.0,8.0,9.5,131.0,-145.0
2019-09-07,CIN,ARI,0.0,2.0,8.5,-150.0,135.0
2019-09-07,FLA,KCR,2.0,7.0,8.5,-105.0,-105.0
2019-09-07,HOU,SEA,2.0,1.0,8.5,-420.0,320.0
2019-09-07,MIL,CHC,3.0,2.0,9.0,105.0,-115.0
2019-09-07,NYM,PHI,0.0,5.0,8.5,-156.0,146.0
2019-09-07,OAK,DET,10.0,2.0,9.0,-305.0,268.0
2019-09-07,PIT,STL,1.0,10.0,9.0,132.0,-142.0
2019-09-07,SDP,COL,3.0,0.0,9.0,-158.0,148.0
2019-09-07,TBD,TOR,5.0,3.0,8.0,-260.0,230.0
2019-09-07,MIN,CLE,5.0,3.0,9.5,-135.0,125.0
2019-09-08,CIN,ARI,4.0,3.0,9.5,-125.0,115.0
2019-09-08,MIL,CHC,8.0,5.0,9.0,-125.0,115.0
2019-09-08,ATL,WSN,4.0,9.0,8.5,115.0,-125.0
2019-09-08,BAL,TEX,4.0,10.0,9.0,125.0,-139.0
2019-09-08,BOS,NYY,5.0,10.0,11.0,102.0,-110.0
2019-09-08,CHW,ANA,5.0,1.0,9.5,102.0,-112.0
2019-09-08,FLA,KCR,9.0,0.0,8.5,-102.0,-108.0
2019-09-08,MIN,CLE,2.0,5.0,8.5,137.0,-147.0
2019-09-08,HOU,SEA,21.0,1.0,9.0,-420.0,335.0
2019-09-08,LAD,SFG,5.0,0.0,9.0,-240.0,210.0
2019-09-08,NYM,PHI,7.0,10.0,8.5,-190.0,175.0
2019-09-08,OAK,DET,3.0,1.0,9.0,-325.0,284.0
2019-09-08,PIT,STL,0.0,2.0,8.5,195.0,-225.0
2019-09-08,SDP,COL,2.0,1.0,9.0,-139.0,129.0
2019-09-08,TBD,TOR,8.0,3.0,8.5,-210.0,185.0
2019-09-09,HOU,OAK,15.0,0.0,9.5,-190.0,170.0
2019-09-09,ANA,CLE,2.0,6.0,8.5,180.0,-205.0
2019-09-09,BOS,NYY,0.0,5.0,9.5,105.0,-114.0
2019-09-09,FLA,MIL,3.0,8.0,9.0,195.0,-215.0
2019-09-09,NYM,ARI,3.0,1.0,7.5,-240.0,210.0
2019-09-09,PHI,ATL,2.0,7.0,9.0,-140.0,130.0
2019-09-09,SDP,CHC,2.0,10.0,8.0,138.0,-153.0
2019-09-09,SFG,PIT,4.0,6.0,7.5,-174.0,159.0
2019-09-10,DET,NYY,12.0,11.0,11.0,276.0,-315.0
2019-09-10,COL,STL,2.0,1.0,13.5,149.0,-159.0
2019-09-10,HOU,OAK,7.0,21.0,10.0,-157.0,147.0
2019-09-10,BAL,LAD,3.0,7.0,10.5,313.0,-360.0
2019-09-10,CHW,KCR,7.0,3.0,9.5,-114.0,105.0
2019-09-10,MIN,WSN,5.0,0.0,10.5,-138.0,125.0
2019-09-10,FLA,MIL,3.0,4.0,8.5,165.0,-180.0
2019-09-10,ANA,CLE,0.0,8.0,10.0,135.0,-145.0
2019-09-10,NYM,ARI,3.0,2.0,8.0,-123.0,113.0
2019-09-10,SDP,CHC,9.0,8.0,9.0,165.0,-180.0
2019-09-10,SEA,CIN,4.0,3.0,9.0,116.0,-126.0
2019-09-10,SFG,PIT,5.0,4.0,8.5,-120.0,110.0
2019-09-10,TEX,TBD,3.0,5.0,9.0,125.0,-135.0
2019-09-10,TOR,BOS,4.0,3.0,10.0,141.0,-151.0
2019-09-10,PHI,ATL,6.0,5.0,10.0,153.0,-170.0
2019-09-11,SEA,CIN,5.0,3.0,8.0,142.0,-152.0
2019-09-11,PHI,ATL,1.0,3.0,9.5,131.0,-145.0
2019-09-11,COL,STL,2.0,1.0,13.5,165.0,-180.0
2019-09-11,FLA,MIL,5.0,7.0,8.0,122.0,-132.0
2019-09-11,HOU,OAK,3.0,5.0,11.0,-150.0,135.0
2019-09-11,MIN,WSN,2.0,6.0,9.5,138.0,-148.0
2019-09-11,NYM,ARI,9.0,0.0,9.0,-113.0,103.0
2019-09-11,SFG,PIT,3.0,6.0,9.0,-145.0,135.0
2019-09-11,BAL,LAD,7.0,3.0,10.0,188.0,-210.0
2019-09-11,TEX,TBD,10.0,9.0,11.0,140.0,-152.0
2019-09-11,TOR,BOS,8.0,0.0,11.0,120.0,-130.0
2019-09-11,ANA,CLE,3.0,4.0,9.5,136.0,-146.0
2019-09-11,CHW,KCR,6.0,8.0,10.5,-157.0,147.0
2019-09-11,SDP,CHC,4.0,0.0,8.0,-110.0,100.0
2019-09-12,COL,STL,3.0,10.0,12.5,169.0,-188.0
2019-09-12,DET,NYY,4.0,6.0,10.5,240.0,-300.0
2019-09-12,FLA,MIL,2.0,3.0,8.0,126.0,-136.0
2019-09-12,CHW,KCR,3.0,6.0,8.0,-200.0,180.0
2019-09-12,BAL,LAD,2.0,4.0,10.0,200.0,-220.0
2019-09-12,HOU,OAK,2.0,3.0,9.0,-290.0,250.0
2019-09-12,MIN,WSN,6.0,12.0,9.0,120.0,-130.0
2019-09-12,SDP,CHC,1.0,4.0,8.0,143.0,-155.0
2019-09-12,PHI,ATL,9.0,5.0,10.0,111.0,-122.0
2019-09-12,TOR,BOS,4.0,7.0,10.5,131.0,-145.0
2019-09-12,NYM,ARI,11.0,1.0,8.0,-143.0,133.0
2019-09-12,SFG,PIT,2.0,4.0,8.5,-113.0,103.0
2019-09-12,SEA,CIN,5.0,11.0,9.0,108.0,-118.0
2019-09-12,TEX,TBD,6.0,4.0,10.5,144.0,-154.0
2019-09-13,KCR,HOU,1.0,4.0,9.0,330.0,-400.0
2019-09-13,NYM,LAD,2.0,9.0,7.5,125.0,-138.0
2019-09-13,ANA,TBD,4.0,11.0,8.0,134.0,-145.0
2019-09-13,ARI,CIN,3.0,4.0,8.5,106.0,-116.0
2019-09-13,COL,SDP,10.0,8.0,12.5,110.0,-120.0
2019-09-13,CHC,PIT,17.0,8.0,11.5,-204.0,182.0
2019-09-13,SFG,FLA,1.0,0.0,8.5,-160.0,150.0
2019-09-13,STL,MIL,10.0,0.0,8.0,-125.0,115.0
2019-09-13,TEX,OAK,9.0,14.0,11.0,175.0,-195.0
2019-09-13,TOR,NYY,6.0,5.0,10.0,177.0,-193.0
2019-09-13,WSN,ATL,0.0,5.0,8.5,-153.0,143.0
2019-09-13,SEA,CHW,7.0,9.0,9.5,-135.0,125.0
2019-09-13,DET,BAL,2.0,6.0,9.5,-110.0,100.0
2019-09-14,KCR,HOU,1.0,6.0,10.0,295.0,-325.0
2019-09-14,NYM,LAD,3.0,0.0,7.5,-150.0,140.0
2019-09-14,CHC,PIT,14.0,1.0,10.5,-285.0,258.0
2019-09-14,ARI,CIN,1.0,0.0,9.0,-132.0,122.0
2019-09-14,ANA,TBD,1.0,3.0,9.0,168.0,-183.0
2019-09-14,COL,SDP,11.0,10.0,13.5,-105.0,-103.0
2019-09-14,DET,BAL,8.0,4.0,9.5,-110.0,100.0
2019-09-14,PHI,BOS,1.0,2.0,9.0,-122.0,113.0
2019-09-14,SEA,CHW,2.0,1.0,9.5,-105.0,-105.0
2019-09-14,WSN,ATL,1.0,10.0,10.0,-110.0,100.0
2019-09-14,TOR,NYY,3.0,13.0,9.5,220.0,-250.0
2019-09-14,TEX,OAK,6.0,8.0,10.5,112.0,-123.0
2019-09-14,SFG,FLA,2.0,4.0,8.0,-240.0,210.0
2019-09-14,STL,MIL,2.0,5.0,7.5,-210.0,185.0
2019-09-14,CLE,MIN,0.0,2.0,10.0,-103.0,-107.0
2019-09-15,ANA,TBD,6.0,4.0,9.0,170.0,-185.0
2019-09-15,ARI,CIN,1.0,3.0,8.0,-158.0,148.0
2019-09-15,NYM,LAD,2.0,3.0,8.0,135.0,-145.0
2019-09-15,CLE,MIN,7.0,5.0,9.0,-210.0,185.0
2019-09-15,COL,SDP,10.0,5.0,13.5,-108.0,-100.0
2019-09-15,DET,BAL,2.0,8.0,10.0,128.0,-142.0
2019-09-15,KCR,HOU,3.0,12.0,10.5,195.0,-215.0
2019-09-15,SEA,CHW,11.0,10.0,9.0,-118.0,109.0
2019-09-15,PHI,BOS,3.0,6.0,10.5,100.0,-110.0
2019-09-15,SFG,FLA,2.0,1.0,8.0,-165.0,152.0
2019-09-15,STL,MIL,6.0,7.0,9.0,-139.0,129.0
2019-09-15,TEX,OAK,1.0,6.0,11.5,190.0,-220.0
2019-09-15,TOR,NYY,6.0,4.0,10.0,186.0,-203.0
2019-09-15,WSN,ATL,7.0,0.0,10.0,105.0,-115.0
2019-09-15,CHC,PIT,16.0,6.0,11.5,-250.0,215.0
2019-09-16,COL,NYM,9.0,4.0,14.0,150.0,-165.0
2019-09-16,ARI,FLA,7.0,5.0,9.0,-205.0,185.0
2019-09-16,CHC,CIN,8.0,2.0,9.0,-170.0,155.0
2019-09-16,DET,BAL,5.0,2.0,9.0,135.0,-145.0
2019-09-16,STL,WSN,4.0,2.0,8.5,128.0,-138.0
2019-09-16,MIN,CHW,5.0,3.0,9.5,-245.0,218.0
2019-09-16,OAK,KCR,5.0,6.0,10.0,-320.0,290.0
2019-09-16,MIL,SDP,5.0,1.0,9.5,-153.0,141.0
2019-09-17,HOU,TEX,4.0,1.0,8.0,-350.0,300.0
2019-09-17,ARI,FLA,6.0,12.0,9.0,-174.0,160.0
2019-09-17,ATL,PHI,4.0,5.0,10.0,-190.0,170.0
2019-09-17,BAL,TOR,5.0,8.0,10.0,126.0,-136.0
2019-09-17,BOS,SFG,6.0,7.0,10.0,-209.0,191.0
2019-09-17,COL,NYM,1.0,6.0,14.0,141.0,-156.0
2019-09-17,CHC,CIN,2.0,4.0,7.5,-155.0,140.0
2019-09-17,CLE,DET,7.0,2.0,10.0,-290.0,250.0
2019-09-17,MIL,SDP,3.0,1.0,8.5,-135.0,125.0
2019-09-17,MIN,CHW,9.0,8.0,11.0,-200.0,180.0
2019-09-17,NYY,ANA,8.0,0.0,9.0,-352.0,306.0
2019-09-17,OAK,KCR,2.0,1.0,9.5,-270.0,225.0
2019-09-17,PIT,SEA,0.0,6.0,8.5,-121.0,112.0
2019-09-17,STL,WSN,2.0,6.0,8.0,-116.0,106.0
2019-09-17,LAD,TBD,7.0,5.0,8.0,-120.0,110.0
2019-09-18,CLE,DET,2.0,1.0,9.0,-300.0,260.0
2019-09-18,HOU,TEX,3.0,2.0,8.5,-500.0,400.0
2019-09-18,ARI,FLA,5.0,4.0,9.0,-152.0,142.0
2019-09-18,BAL,TOR,10.0,11.0,9.5,-108.0,-102.0
2019-09-18,BOS,SFG,3.0,11.0,9.5,-160.0,145.0
2019-09-18,CHC,CIN,2.0,3.0,9.5,-162.0,146.0
2019-09-18,COL,NYM,4.0,7.0,13.0,145.0,-161.0
2019-09-18,LAD,TBD,7.0,8.0,9.0,-132.0,122.0
2019-09-18,MIN,CHW,1.0,3.0,10.5,-272.0,240.0
2019-09-18,NYY,ANA,2.0,3.0,10.0,-285.0,251.0
2019-09-18,OAK,KCR,1.0,0.0,9.5,-260.0,220.0
2019-09-18,PIT,SEA,1.0,4.0,9.0,-107.0,-103.0
2019-09-18,STL,WSN,5.0,1.0,7.5,150.0,-165.0
2019-09-18,MIL,SDP,1.0,2.0,8.5,-159.0,146.0
2019-09-18,ATL,PHI,1.0,4.0,10.5,-154.0,144.0
2019-09-19,CHC,STL,4.0,5.0,7.5,-105.0,-105.0
2019-09-19,CLE,DET,7.0,0.0,8.0,-425.0,325.0
2019-09-19,ATL,PHI,5.0,4.0,8.0,-144.0,134.0
2019-09-19,BAL,TOR,4.0,8.0,10.5,112.0,-122.0
2019-09-19,BOS,SFG,5.0,4.0,8.0,-150.0,140.0
2019-09-19,NYY,ANA,9.0,1.0,9.0,-230.0,205.0
2019-09-19,MIN,KCR,8.0,5.0,10.5,-255.0,226.0
2019-09-19,PIT,SEA,5.0,6.0,8.5,-141.0,131.0
2019-09-19,MIL,SDP,5.0,1.0,8.5,-180.0,165.0
2019-09-20,CLE,PHI,5.0,2.0,9.0,-200.0,180.0
2019-09-20,CIN,NYM,1.0,8.0,8.0,164.0,-178.0
2019-09-20,DET,CHW,1.0,10.0,9.5,130.0,-140.0
2019-09-20,BAL,SEA,5.0,3.0,10.5,100.0,-110.0
2019-09-20,HOU,ANA,6.0,4.0,9.0,-368.0,319.0
2019-09-20,ATL,SFG,6.0,0.0,9.5,-210.0,190.0
2019-09-20,FLA,WSN,4.0,6.0,9.0,209.0,-235.0
2019-09-20,CHC,STL,1.0,2.0,10.0,-128.0,118.0
2019-09-20,LAD,COL,12.0,5.0,8.5,-400.0,355.0
2019-09-20,MIN,KCR,4.0,3.0,11.0,-274.0,242.0
2019-09-20,NYY,TOR,3.0,4.0,10.0,-190.0,170.0
2019-09-20,OAK,TEX,8.0,0.0,8.5,-190.0,175.0
2019-09-20,SDP,ARI,0.0,9.0,8.0,-107.0,-101.0
2019-09-20,TBD,BOS,5.0,4.0,8.5,-179.0,165.0
2019-09-20,MIL,PIT,10.0,1.0,9.0,-216.0,197.0
2019-09-21,HOU,ANA,4.0,8.0,9.5,-309.0,279.0
2019-09-21,ATL,SFG,8.0,1.0,8.0,-145.0,135.0
2019-09-21,BAL,SEA,6.0,7.0,10.5,-101.0,-109.0
2019-09-21,CHC,STL,8.0,9.0,12.0,-135.0,125.0
2019-09-21,CIN,NYM,3.0,2.0,9.5,130.0,-140.0
2019-09-21,CLE,PHI,4.0,9.0,10.5,-150.0,140.0
2019-09-21,DET,CHW,3.0,5.0,9.5,120.0,-130.0
2019-09-21,FLA,WSN,4.0,10.0,8.0,270.0,-310.0
2019-09-21,LAD,COL,2.0,4.0,8.5,-405.0,348.0
2019-09-21,MIL,PIT,10.0,1.0,9.5,-250.0,215.0
2019-09-21,MIN,KCR,5.0,12.0,10.5,-340.0,290.0
2019-09-21,NYY,TOR,7.0,2.0,9.5,-340.0,260.0
2019-09-21,OAK,TEX,12.0,3.0,9.0,-322.0,290.0
2019-09-21,SDP,ARI,2.0,4.0,8.5,120.0,-130.0
2019-09-21,TBD,BOS,5.0,4.0,8.5,-197.0,177.0
2019-09-22,HOU,ANA,13.0,5.0,8.5,-508.0,443.0
2019-09-22,ATL,SFG,1.0,4.0,9.0,-210.0,185.0
2019-09-22,BAL,SEA,2.0,1.0,9.5,-120.0,110.0
2019-09-22,CHC,STL,2.0,3.0,12.5,-175.0,160.0
2019-09-22,CLE,PHI,10.0,1.0,10.5,-128.0,118.0
2019-09-22,DET,CHW,6.0,3.0,9.0,-105.0,-105.0
2019-09-22,FLA,WSN,5.0,3.0,9.0,175.0,-195.0
2019-09-22,SDP,ARI,6.0,4.0,8.0,115.0,-125.0
2019-09-22,LAD,COL,7.0,4.0,9.0,-375.0,305.0
2019-09-22,MIN,KCR,12.0,8.0,10.5,-230.0,205.0
2019-09-22,NYY,TOR,8.0,3.0,9.5,-310.0,260.0
2019-09-22,OAK,TEX,3.0,8.0,8.5,-180.0,165.0
2019-09-22,TBD,BOS,4.0,7.0,8.5,-156.0,146.0
2019-09-22,MIL,PIT,4.0,3.0,9.0,-290.0,263.0
2019-09-22,CIN,NYM,3.0,6.0,9.0,130.0,-140.0
2019-09-23,TBD,BOS,7.0,4.0,8.5,-200.0,185.0
2019-09-23,ARI,STL,7.0,9.0,8.5,126.0,-136.0
2019-09-23,NYM,FLA,4.0,8.0,8.5,-260.0,230.0
2019-09-23,WSN,PHI,7.0,2.0,9.0,-205.0,188.0
2019-09-23,TOR,BAL,11.0,10.0,10.0,-170.0,160.0
2019-09-24,PIT,CHC,9.0,2.0,8.5,175.0,-185.0
2019-09-24,KCR,ATL,9.0,6.0,9.5,150.0,-165.0
2019-09-24,DET,MIN,2.0,4.0,9.5,212.0,-232.0
2019-09-24,CHW,CLE,0.0,11.0,9.0,270.0,-299.0
2019-09-24,ARI,STL,3.0,2.0,8.5,180.0,-200.0
2019-09-24,ANA,OAK,3.0,2.0,9.5,210.0,-240.0
2019-09-24,NYM,FLA,5.0,4.0,8.0,-300.0,240.0
2019-09-24,CIN,MIL,2.0,4.0,8.5,-113.0,104.0
2019-09-24,SDP,LAD,3.0,6.0,9.0,195.0,-218.0
2019-09-24,TOR,BAL,4.0,11.0,10.0,-110.0,100.0
2019-09-24,TEX,BOS,10.0,12.0,11.0,200.0,-220.0
2019-09-24,SFG,COL,5.0,8.0,8.5,-180.0,162.0
2019-09-24,TBD,NYY,2.0,1.0,9.0,-115.0,106.0
2019-09-24,WSN,PHI,6.0,5.0,7.5,-215.0,195.0
2019-09-24,SEA,HOU,0.0,3.0,8.5,363.0,-410.0
2019-09-25,PIT,CHC,4.0,2.0,9.5,185.0,-200.0
2019-09-25,ANA,OAK,2.0,3.0,8.5,207.0,-226.0
2019-09-25,ARI,STL,9.0,7.0,9.0,-110.0,100.0
2019-09-25,CHW,CLE,8.0,3.0,9.5,285.0,-330.0
2019-09-25,CIN,MIL,2.0,9.0,9.0,134.0,-148.0
2019-09-25,DET,MIN,1.0,5.0,9.5,180.0,-200.0
2019-09-25,NYM,FLA,10.0,3.0,8.0,-492.0,416.0
2019-09-25,KCR,ATL,2.0,10.0,9.5,125.0,-135.0
2019-09-25,SEA,HOU,0.0,3.0,9.0,290.0,-360.0
2019-09-25,SFG,COL,2.0,1.0,8.5,-170.0,155.0
2019-09-25,TBD,NYY,4.0,0.0,8.5,-145.0,131.0
2019-09-25,TEX,BOS,3.0,10.0,11.5,118.0,-128.0
2019-09-25,TOR,BAL,3.0,2.0,11.0,-150.0,140.0
2019-09-25,WSN,PHI,5.0,2.0,10.0,-166.0,153.0
2019-09-25,SDP,LAD,4.0,6.0,8.5,165.0,-185.0
2019-09-26,PIT,CHC,9.0,5.0,8.0,-104.0,-106.0
2019-09-26,CHW,CLE,8.0,0.0,9.0,160.0,-175.0
2019-09-26,CIN,MIL,3.0,5.0,8.0,-115.0,105.0
2019-09-26,DET,MIN,4.0,10.0,9.0,120.0,-130.0
2019-09-26,NYM,FLA,2.0,4.0,8.5,-270.0,248.0
2019-09-26,ANA,HOU,4.0,3.0,9.0,170.0,-190.0
2019-09-26,SDP,LAD,0.0,1.0,8.0,182.0,-205.0
2019-09-26,SFG,COL,8.0,3.0,8.5,-122.0,112.0
2019-09-26,SEA,OAK,1.0,3.0,9.0,210.0,-240.0
2019-09-26,TEX,BOS,7.0,5.0,10.5,-130.0,120.0
2019-09-26,WSN,PHI,6.0,3.0,9.0,-265.0,225.0
2019-09-27,PHI,FLA,5.0,4.0,9.0,-185.0,168.0
2019-09-27,ANA,HOU,0.0,4.0,9.5,200.0,-220.0
2019-09-27,ARI,SDP,6.0,3.0,9.5,-128.0,118.0
2019-09-27,BOS,BAL,1.0,4.0,10.5,-202.0,185.0
2019-09-27,KCR,MIN,2.0,6.0,10.0,215.0,-235.0
2019-09-27,PIT,CIN,6.0,5.0,8.5,145.0,-157.0
2019-09-27,COL,MIL,11.0,7.0,12.5,150.0,-160.0
2019-09-27,SFG,LAD,2.0,9.0,7.5,180.0,-205.0
2019-09-27,STL,CHC,2.0,8.0,8.5,-215.0,197.0
2019-09-27,TEX,NYY,7.0,14.0,10.5,241.0,-266.0
2019-09-27,TOR,TBD,2.0,6.0,9.5,220.0,-240.0
2019-09-27,WSN,CLE,8.0,2.0,9.5,-139.0,129.0
2019-09-27,SEA,OAK,4.0,3.0,9.0,184.0,-200.0
2019-09-27,NYM,ATL,4.0,2.0,8.0,-118.0,108.0
2019-09-28,NYM,ATL,3.0,0.0,8.5,-109.0,-101.0
2019-09-28,COL,MIL,3.0,2.0,13.5,157.0,-170.0
2019-09-28,BOS,BAL,4.0,9.0,10.5,-160.0,145.0
2019-09-28,CHW,DET,3.0,4.0,9.5,-165.0,150.0
2019-09-28,SEA,OAK,0.0,1.0,9.0,165.0,-180.0
2019-09-28,ARI,SDP,6.0,5.0,9.0,-148.0,138.0
2019-09-28,ANA,HOU,3.0,6.0,8.5,370.0,-470.0
2019-09-28,TEX,NYY,9.0,4.0,11.0,239.0,-271.0
2019-09-28,PHI,FLA,9.0,3.0,9.0,-180.0,165.0
2019-09-28,WSN,CLE,10.0,7.0,9.0,-270.0,248.0
2019-09-28,SFG,LAD,0.0,2.0,8.5,185.0,-205.0
2019-09-28,STL,CHC,6.0,8.0,8.5,-188.0,173.0
2019-09-28,PIT,CIN,2.0,4.0,9.0,115.0,-125.0
2019-09-28,TOR,TBD,4.0,1.0,9.0,175.0,-190.0
2019-09-28,KCR,MIN,3.0,4.0,10.5,173.0,-193.0
2019-09-29,PHI,FLA,3.0,4.0,9.0,-165.0,152.0
2019-09-29,ANA,HOU,5.0,8.0,8.5,330.0,-400.0
2019-09-29,ARI,SDP,1.0,0.0,9.5,-124.0,113.0
2019-09-29,BOS,BAL,5.0,4.0,10.0,-300.0,240.0
2019-09-29,CHW,DET,5.0,3.0,9.5,-142.0,131.0
2019-09-29,COL,MIL,4.0,3.0,13.0,170.0,-190.0
2019-09-29,KCR,MIN,5.0,4.0,10.5,130.0,-140.0
2019-09-29,PIT,CIN,1.0,3.0,8.5,105.0,-115.0
2019-09-29,SEA,OAK,3.0,1.0,9.0,135.0,-145.0
2019-09-29,SFG,LAD,0.0,9.0,8.5,155.0,-170.0
2019-09-29,STL,CHC,9.0,0.0,8.5,-280.0,230.0
2019-09-29,TEX,NYY,6.0,1.0,10.5,136.0,-148.0
2019-09-29,TOR,TBD,8.0,3.0,9.0,192.0,-215.0
2019-09-29,WSN,CLE,8.0,2.0,8.5,155.0,-170.0
2019-09-29,NYM,ATL,7.0,6.0,8.0,-110.0,100.0
2019-10-01,WSN,MIL,4.0,3.0,7.5,-170.0,155.0
2019-10-02,OAK,TBD,1.0,5.0,7.0,-125.0,115.0
2019-10-03,ATL,STL,6.0,7.0,9.5,-145.0,130.0
2019-10-03,LAD,WSN,6.0,0.0,7.5,-173.0,159.0
2019-10-04,HOU,TBD,6.0,2.0,7.5,-251.0,223.0
2019-10-04,ATL,STL,3.0,0.0,8.5,100.0,-108.0
2019-10-04,LAD,WSN,2.0,4.0,7.5,-159.0,149.0
2019-10-04,NYY,MIN,10.0,4.0,8.5,-190.0,170.0
2019-10-05,NYY,MIN,8.0,2.0,9.0,-180.0,170.0
2019-10-05,HOU,TBD,3.0,1.0,7.5,-280.0,245.0
2019-10-06,STL,ATL,1.0,3.0,8.5,110.0,-120.0
2019-10-06,WSN,LAD,4.0,10.0,9.0,150.0,-160.0
2019-10-07,MIN,NYY,1.0,5.0,9.0,132.0,-142.0
2019-10-07,STL,ATL,5.0,4.0,8.0,-115.0,105.0
2019-10-07,TBD,HOU,10.0,3.0,8.0,114.0,-124.0
2019-10-07,WSN,LAD,6.0,1.0,8.0,-120.0,110.0
2019-10-08,TBD,HOU,4.0,1.0,7.5,205.0,-225.0
2019-10-09,LAD,WSN,3.0,7.0,7.0,-166.0,156.0
2019-10-09,ATL,STL,1.0,13.0,7.5,-106.0,-104.0
2019-10-10,HOU,TBD,6.0,1.0,7.0,-270.0,248.0
2019-10-11,STL,WSN,0.0,2.0,7.5,-128.0,118.0
2019-10-12,STL,WSN,1.0,3.0,7.0,120.0,-130.0
2019-10-12,HOU,NYY,0.0,7.0,9.0,-145.0,135.0
2019-10-13,HOU,NYY,3.0,2.0,7.5,-175.0,157.0
2019-10-14,WSN,STL,8.0,1.0,6.5,-128.0,118.0
2019-10-15,NYY,HOU,1.0,4.0,7.5,136.0,-146.0
2019-10-15,WSN,STL,7.0,4.0,7.5,-175.0,160.0
2019-10-17,NYY,HOU,3.0,8.0,9.0,-135.0,125.0
2019-10-18,NYY,HOU,4.0,1.0,7.5,128.0,-138.0
2019-10-19,HOU,NYY,6.0,4.0,9.0,-122.0,112.0
2019-10-22,HOU,WSN,4.0,5.0,6.5,-200.0,183.0
2019-10-23,HOU,WSN,3.0,12.0,7.0,-176.0,166.0
2019-10-25,WSN,HOU,1.0,4.0,8.5,136.0,-146.0
2019-10-26,WSN,HOU,1.0,8.0,8.5,-108.0,-102.0
2019-10-27,WSN,HOU,1.0,7.0,8.0,195.0,-215.0
2019-10-29,HOU,WSN,2.0,7.0,7.5,-175.0,160.0
2019-10-30,HOU,WSN,2.0,6.0,7.5,-138.0,128.0
2020-07-23,LAD,SFG,8.0,1.0,,,
2020-07-23,WSN,NYY,1.0,4.0,7.5,151.0,-169.0
2020-07-24,HOU,SEA,8.0,2.0,9.0,-300.0,255.0
2020-07-24,BOS,BAL,13.0,2.0,10.0,-220.0,192.0
2020-07-24,CHC,MIL,3.0,0.0,8.5,-118.0,-105.0
2020-07-24,CHW,MIN,5.0,10.0,9.0,103.0,-112.0
2020-07-24,CIN,DET,7.0,1.0,9.0,-178.0,160.0
2020-07-24,CLE,KCR,2.0,0.0,8.5,-226.0,198.0
2020-07-24,LAD,SFG,9.0,1.0,9.5,-340.0,285.0
2020-07-24,TEX,COL,1.0,0.0,9.0,-110.0,-108.0
2020-07-24,NYM,ATL,1.0,0.0,7.5,-171.0,150.0
2020-07-24,PHI,FLA,2.0,5.0,9.0,-200.0,177.0
2020-07-24,SDP,ARI,7.0,2.0,8.0,-144.0,128.0
2020-07-24,STL,PIT,5.0,4.0,8.0,-190.0,165.0
2020-07-24,TBD,TOR,4.0,6.0,7.5,-150.0,135.0
2020-07-24,OAK,ANA,7.0,3.0,8.5,-145.0,127.0
2020-07-25,LAD,SFG,4.0,5.0,9.5,-400.0,332.0
2020-07-25,BOS,BAL,2.0,7.0,10.5,-210.0,185.0
2020-07-25,CHC,MIL,3.0,8.0,9.5,-155.0,138.0
2020-07-25,CHW,MIN,10.0,3.0,10.0,-104.0,-110.0
2020-07-25,CIN,DET,4.0,6.0,9.5,-295.0,249.0
2020-07-25,CLE,KCR,2.0,3.0,8.5,-270.0,228.0
2020-07-25,HOU,SEA,7.0,2.0,9.0,-300.0,252.0
2020-07-25,PHI,FLA,7.0,1.0,9.0,-179.0,161.0
2020-07-25,NYM,ATL,3.0,5.0,9.0,111.0,-126.0
2020-07-25,STL,PIT,9.0,1.0,9.0,-152.0,136.0
2020-07-25,OAK,ANA,1.0,4.0,8.5,-123.0,108.0
2020-07-25,TEX,COL,2.0,3.0,8.5,-123.0,108.0
2020-07-25,WSN,NYY,9.0,2.0,10.0,198.0,-225.0
2020-07-25,SDP,ARI,5.0,1.0,8.0,-127.0,112.0
2020-07-25,TBD,TOR,4.0,1.0,8.5,-149.0,130.0
2020-07-26,HOU,SEA,6.0,7.0,9.0,-280.0,240.0
2020-07-26,BOS,BAL,4.0,7.0,11.0,-202.0,181.0
2020-07-26,CHC,MIL,9.0,1.0,12.0,-106.0,-108.0
2020-07-26,CHW,MIN,2.0,14.0,10.5,142.0,-158.0
2020-07-26,CIN,DET,2.0,3.0,9.5,-195.0,173.0
2020-07-26,CLE,KCR,9.0,2.0,9.0,-230.0,195.0
2020-07-26,OAK,ANA,6.0,4.0,,,
2020-07-26,LAD,SFG,1.0,3.0,9.0,-327.0,260.0
2020-07-26,PHI,FLA,6.0,11.0,10.0,-214.0,192.0
2020-07-26,SDP,ARI,3.0,4.0,8.0,-129.0,114.0
2020-07-26,STL,PIT,1.0,5.0,9.0,-145.0,129.0
2020-07-26,TBD,TOR,6.0,5.0,8.5,-195.0,169.0
2020-07-26,TEX,COL,2.0,5.0,8.5,-146.0,130.0
2020-07-26,WSN,NYY,2.0,3.0,,,
2020-07-26,NYM,ATL,1.0,14.0,,,
2020-07-27,HOU,SEA,8.0,5.0,,,
2020-07-27,BOS,NYM,4.0,7.0,11.5,103.0,-117.0
2020-07-27,DET,KCR,6.0,14.0,10.0,-121.0,105.0
2020-07-27,CIN,CHC,7.0,8.0,10.5,102.0,-116.0
2020-07-27,PIT,MIL,5.0,6.0,9.5,159.0,-180.0
2020-07-27,SDP,ARI,6.0,2.0,8.5,-117.0,105.0
2020-07-27,TBD,ATL,14.0,5.0,8.0,-141.0,126.0
2020-07-27,WSN,TOR,1.0,4.0,10.5,-123.0,110.0
2020-07-27,OAK,ANA,3.0,0.0,9.0,-121.0,106.0
2020-07-28,MIN,STL,6.0,3.0,10.5,-140.0,129.0
2020-07-28,ANA,SEA,10.0,2.0,9.0,-187.0,163.0
2020-07-28,BOS,NYM,3.0,8.0,11.5,105.0,-121.0
2020-07-28,CLE,CHW,4.0,3.0,9.5,-130.0,118.0
2020-07-28,CIN,CHC,5.0,8.0,10.5,-130.0,119.0
2020-07-28,TEX,ARI,1.0,4.0,9.0,-107.0,-106.0
2020-07-28,HOU,LAD,2.0,5.0,10.0,132.0,-146.0
2020-07-28,WSN,TOR,1.0,5.0,10.0,-138.0,125.0
2020-07-28,DET,KCR,4.0,3.0,10.5,-110.0,-105.0
2020-07-28,TBD,ATL,5.0,2.0,9.0,-137.0,123.0
2020-07-28,PIT,MIL,8.0,6.0,10.0,167.0,-188.0
2020-07-28,SFG,SDP,3.0,5.0,9.0,138.0,-155.0
2020-07-28,OAK,COL,3.0,8.0,9.5,-164.0,143.0
2020-07-29,WSN,TOR,4.0,0.0,,,
2020-07-29,CLE,CHW,0.0,4.0,9.0,106.0,-116.0
2020-07-29,ANA,SEA,7.0,10.0,9.0,-270.0,233.0
2020-07-29,BAL,NYY,3.0,9.0,9.0,300.0,-375.0
2020-07-29,TEX,ARI,7.0,4.0,8.0,-125.0,110.0
2020-07-29,CIN,CHC,12.0,7.0,9.0,-114.0,-103.0
2020-07-29,ATL,TBD,7.0,4.0,8.5,-129.0,110.0
2020-07-29,MIN,STL,3.0,0.0,10.0,-163.0,141.0
2020-07-29,NYM,BOS,5.0,6.0,7.5,-200.0,175.0
2020-07-29,OAK,COL,1.0,5.0,8.0,-145.0,126.0
2020-07-29,PIT,MIL,0.0,3.0,8.5,130.0,-150.0
2020-07-29,SFG,SDP,7.0,6.0,7.5,170.0,-200.0
2020-07-29,DET,KCR,5.0,4.0,9.5,-123.0,110.0
2020-07-29,HOU,LAD,2.0,4.0,10.0,134.0,-149.0
2020-07-30,BAL,NYY,6.0,8.0,10.5,217.0,-260.0
2020-07-30,ANA,SEA,5.0,8.0,,,
2020-07-30,ARI,LAD,3.0,6.0,9.5,140.0,-159.0
2020-07-30,ATL,TBD,2.0,1.0,9.0,-160.0,138.0
2020-07-30,DET,KCR,3.0,5.0,9.5,138.0,-154.0
2020-07-30,WSN,TOR,6.0,4.0,,,
2020-07-30,NYM,BOS,2.0,4.0,,,
2020-07-30,SFG,SDP,7.0,12.0,8.0,149.0,-168.0
2020-07-30,MIN,CLE,0.0,2.0,,,
2020-07-31,BAL,TBD,6.0,3.0,8.5,170.0,-200.0
2020-07-31,CHC,PIT,6.0,3.0,8.5,-213.0,186.0
2020-07-31,ANA,HOU,6.0,9.0,9.5,165.0,-190.0
2020-07-31,ATL,NYM,11.0,10.0,10.5,-138.0,120.0
2020-07-31,MIN,CLE,4.0,1.0,9.0,105.0,-116.0
2020-07-31,ARI,LAD,5.0,3.0,10.0,116.0,-130.0
2020-07-31,DET,CIN,7.0,2.0,8.5,160.0,-182.0
2020-07-31,KCR,CHW,2.0,3.0,9.0,146.0,-170.0
2020-07-31,NYY,BOS,5.0,1.0,10.5,-186.0,161.0
2020-07-31,COL,SDP,7.0,8.0,11.5,-105.0,-110.0
2020-07-31,SEA,OAK,5.0,3.0,9.0,170.0,-195.0
2020-07-31,SFG,TEX,9.0,2.0,8.0,112.0,-126.0
2020-08-01,SEA,OAK,2.0,3.0,9.5,138.0,-156.0
2020-08-01,MIN,CLE,3.0,0.0,8.5,-130.0,113.0
2020-08-01,KCR,CHW,5.0,11.0,10.5,122.0,-138.0
2020-08-01,COL,SDP,6.0,1.0,12.5,-105.0,-108.0
2020-08-01,CHC,PIT,4.0,3.0,9.0,-195.0,168.0
2020-08-01,ATL,NYM,7.0,1.0,10.0,-115.0,-105.0
2020-08-01,ARI,LAD,2.0,11.0,,,
2020-08-01,ANA,HOU,5.0,4.0,9.0,133.0,-150.0
2020-08-01,NYY,BOS,5.0,2.0,10.5,-198.0,170.0
2020-08-01,SFG,TEX,7.0,3.0,8.5,-125.0,100.0
2020-08-01,BAL,TBD,5.0,4.0,9.0,210.0,-235.0
2020-08-02,COL,SDP,9.0,6.0,13.0,100.0,-112.0
2020-08-02,DET,CIN,3.0,4.0,8.0,140.0,-162.0
2020-08-02,BAL,TBD,5.0,1.0,9.5,185.0,-207.0
2020-08-02,CHC,PIT,2.0,1.0,9.0,-182.0,163.0
2020-08-02,ANA,HOU,5.0,6.0,10.0,133.0,-151.0
2020-08-02,ARI,LAD,0.0,3.0,,,
2020-08-02,KCR,CHW,2.0,9.0,9.5,105.0,-122.0
2020-08-02,SFG,TEX,5.0,9.0,9.0,-115.0,-103.0
2020-08-02,ATL,NYM,4.0,0.0,10.5,-125.0,110.0
2020-08-02,NYY,BOS,9.0,7.0,10.5,-225.0,200.0
2020-08-02,MIN,CLE,3.0,1.0,,,
2020-08-02,SEA,OAK,2.0,3.0,9.0,148.0,-170.0
2020-08-03,ATL,NYM,2.0,7.0,8.0,110.0,-124.0
2020-08-03,CHC,KCR,2.0,0.0,8.0,-158.0,135.0
2020-08-03,CIN,CLE,3.0,2.0,8.0,-170.0,145.0
2020-08-03,COL,SFG,7.0,6.0,13.0,-128.0,114.0
2020-08-03,MIL,CHW,4.0,6.0,9.5,-112.0,-101.0
2020-08-03,MIN,PIT,5.0,4.0,9.5,-215.0,184.0
2020-08-03,NYY,PHI,6.0,3.0,,,
2020-08-03,SDP,LAD,5.0,4.0,7.5,117.0,-134.0
2020-08-03,SEA,OAK,1.0,11.0,9.0,159.0,-180.0
2020-08-04,ARI,HOU,2.0,8.0,9.5,124.0,-139.0
2020-08-04,ATL,TOR,10.0,1.0,8.5,-190.0,164.0
2020-08-04,COL,SFG,5.0,2.0,11.0,-185.0,162.0
2020-08-04,BAL,FLA,0.0,4.0,9.0,-122.0,105.0
2020-08-04,CHC,KCR,5.0,4.0,,,
2020-08-04,CIN,CLE,2.0,4.0,8.0,145.0,-170.0
2020-08-04,SEA,ANA,3.0,5.0,9.0,167.0,-190.0
2020-08-04,MIL,CHW,2.0,3.0,8.0,-135.0,118.0
2020-08-04,MIN,PIT,7.0,3.0,8.5,-200.0,175.0
2020-08-04,SDP,LAD,2.0,5.0,,,
2020-08-04,TBD,BOS,5.0,1.0,,,
2020-08-04,WSN,NYM,5.0,3.0,8.5,-168.0,145.0
2020-08-04,OAK,TEX,5.0,1.0,7.0,-164.0,145.0
2020-08-05,CLE,CIN,2.0,0.0,8.5,-160.0,145.0
2020-08-05,ARI,HOU,14.0,7.0,,,
2020-08-05,ATL,TOR,1.0,2.0,9.5,-126.0,112.0
2020-08-05,BAL,FLA,0.0,1.0,,,
2020-08-05,KCR,CHC,1.0,6.0,9.0,176.0,-206.0
2020-08-05,CHW,MIL,0.0,1.0,8.5,-133.0,119.0
2020-08-05,COL,SFG,3.0,4.0,11.5,-172.0,155.0
2020-08-05,SDP,LAD,6.0,7.0,,,
2020-08-05,PHI,NYY,11.0,7.0,10.5,120.0,-137.0
2020-08-05,PIT,MIN,2.0,5.0,9.5,150.0,-171.0
2020-08-05,SEA,ANA,7.0,6.0,,,
2020-08-05,TBD,BOS,0.0,5.0,8.5,-152.0,137.0
2020-08-05,WSN,NYM,1.0,3.0,9.0,-240.0,205.0
2020-08-05,OAK,TEX,6.0,4.0,8.0,-170.0,145.0
2020-08-06,CLE,CIN,13.0,0.0,7.0,-113.0,-100.0
2020-08-06,ARI,HOU,5.0,4.0,9.0,-112.0,-109.0
2020-08-06,ATL,TOR,4.0,3.0,9.0,-123.0,106.0
2020-08-06,BAL,FLA,7.0,8.0,,,
2020-08-06,CHW,MIL,3.0,8.0,9.0,-113.0,-101.0
2020-08-06,SEA,ANA,1.0,6.0,8.0,148.0,-166.0
2020-08-06,OAK,TEX,6.0,4.0,,,
2020-08-06,PHI,NYY,5.0,4.0,9.0,122.0,-138.0
2020-08-06,KCR,CHC,13.0,2.0,9.0,154.0,-172.0
2020-08-06,PIT,MIN,6.0,5.0,8.5,182.0,-205.0
2020-08-06,COL,SFG,6.0,4.0,11.5,-175.0,152.0
2020-08-07,NYM,FLA,3.0,4.0,9.0,-200.0,176.0
2020-08-07,BOS,TOR,5.0,3.0,10.5,-107.0,-105.0
2020-08-07,CHW,CLE,2.0,0.0,8.0,122.0,-135.0
2020-08-07,KCR,MIN,3.0,2.0,9.5,125.0,-144.0
2020-08-07,LAD,SFG,7.0,2.0,9.0,-307.0,254.0
2020-08-07,OAK,HOU,3.0,2.0,8.0,-128.0,115.0
2020-08-07,MIL,CIN,3.0,8.0,8.5,-106.0,-108.0
2020-08-07,SDP,ARI,3.0,0.0,8.0,-127.0,111.0
2020-08-07,SEA,COL,4.0,8.0,8.0,-127.0,114.0
2020-08-07,TBD,NYY,1.0,0.0,8.0,-106.0,-104.0
2020-08-07,TEX,ANA,4.0,3.0,9.0,159.0,-179.0
2020-08-07,WSN,BAL,0.0,11.0,9.0,-180.0,160.0
2020-08-07,PIT,DET,13.0,17.0,8.5,-104.0,-109.0
2020-08-08,OAK,HOU,3.0,1.0,8.5,-168.0,151.0
2020-08-08,BOS,TOR,1.0,2.0,10.5,-128.0,115.0
2020-08-08,CHW,CLE,1.0,7.0,8.5,122.0,-135.0
2020-08-08,KCR,MIN,9.0,6.0,9.5,137.0,-155.0
2020-08-08,LAD,SFG,4.0,5.0,8.0,-327.0,270.0
2020-08-08,MIL,CIN,1.0,4.0,,,
2020-08-08,NYM,FLA,8.0,4.0,8.5,-175.0,152.0
2020-08-08,SEA,COL,0.0,5.0,9.0,-110.0,-101.0
2020-08-08,SDP,ARI,2.0,3.0,7.5,-186.0,164.0
2020-08-08,WSN,BAL,3.0,5.0,9.5,-196.0,175.0
2020-08-08,TBD,NYY,4.0,8.0,5.5,132.0,-147.0
2020-08-08,TEX,ANA,2.0,0.0,9.0,124.0,-143.0
2020-08-08,PIT,DET,5.0,11.0,9.5,-137.0,123.0
2020-08-08,PHI,ATL,5.0,0.0,10.0,-119.0,109.0
2020-08-09,LAD,SFG,6.0,2.0,8.5,-260.0,220.0
2020-08-09,OAK,HOU,7.0,2.0,,,
2020-08-09,BOS,TOR,5.0,3.0,,,
2020-08-09,CHW,CLE,4.0,5.0,7.5,138.0,-155.0
2020-08-09,KCR,MIN,4.0,2.0,9.5,141.0,-159.0
2020-08-09,MIL,CIN,9.0,3.0,7.0,-115.0,101.0
2020-08-09,NYM,FLA,4.0,2.0,7.0,-250.0,212.0
2020-08-09,PHI,ATL,0.0,8.0,9.5,100.0,-109.0
2020-08-09,PIT,DET,1.0,2.0,9.0,130.0,-146.0
2020-08-09,SDP,ARI,9.0,5.0,8.0,-190.0,165.0
2020-08-09,SEA,COL,5.0,3.0,,,
2020-08-09,TBD,NYY,4.0,3.0,8.5,-111.0,102.0
2020-08-09,TEX,ANA,7.0,3.0,7.5,-102.0,-115.0
2020-08-09,WSN,BAL,2.0,6.0,,,
2020-08-10,DET,CHW,5.0,1.0,9.0,120.0,-137.0
2020-08-10,TEX,SEA,2.0,10.0,9.0,-180.0,163.0
2020-08-10,ANA,OAK,10.0,9.0,9.5,110.0,-123.0
2020-08-10,COL,ARI,8.0,12.0,11.5,-135.0,123.0
2020-08-10,BOS,TBD,7.0,8.0,9.5,115.0,-127.0
2020-08-10,HOU,SFG,6.0,4.0,9.0,-200.0,174.0
2020-08-10,LAD,SDP,1.0,2.0,8.5,-202.0,182.0
2020-08-10,MIL,MIN,2.0,4.0,8.5,-113.0,103.0
2020-08-10,NYM,WSN,4.0,16.0,8.5,107.0,-122.0
2020-08-10,PHI,ATL,13.0,8.0,9.0,-148.0,135.0
2020-08-11,NYY,ATL,9.0,6.0,9.5,-150.0,130.0
2020-08-11,ANA,OAK,6.0,0.0,9.0,-161.0,142.0
2020-08-11,CIN,KCR,6.0,5.0,8.5,-188.0,166.0
2020-08-11,CLE,CHC,1.0,7.0,9.0,-100.0,-112.0
2020-08-11,COL,ARI,8.0,7.0,11.5,-105.0,-109.0
2020-08-11,NYM,WSN,1.0,2.0,8.5,144.0,-165.0
2020-08-11,DET,CHW,4.0,8.0,9.0,110.0,-125.0
2020-08-11,TEX,SEA,4.0,2.0,8.5,-130.0,116.0
2020-08-11,LAD,SDP,2.0,6.0,8.5,-167.0,145.0
2020-08-11,PHI,BAL,9.0,10.0,8.5,-200.0,177.0
2020-08-11,BOS,TBD,2.0,8.0,10.5,104.0,-120.0
2020-08-11,TOR,FLA,5.0,4.0,8.5,-160.0,140.0
2020-08-11,MIL,MIN,6.0,4.0,9.0,-118.0,-105.0
2020-08-11,HOU,SFG,6.0,7.0,9.5,-175.0,150.0
2020-08-12,LAD,SDP,6.0,0.0,9.5,-164.0,146.0
2020-08-12,CIN,KCR,4.0,5.0,9.5,-114.0,102.0
2020-08-12,BOS,TBD,5.0,9.0,9.5,135.0,-155.0
2020-08-12,CLE,CHC,2.0,7.0,7.5,-120.0,108.0
2020-08-12,DET,CHW,5.0,7.0,9.0,120.0,-132.0
2020-08-12,HOU,SFG,5.0,1.0,9.0,-200.0,170.0
2020-08-12,COL,ARI,7.0,13.0,12.5,-104.0,-111.0
2020-08-12,MIL,MIN,2.0,12.0,9.0,120.0,-135.0
2020-08-12,NYM,WSN,11.0,6.0,,,
2020-08-12,NYY,ATL,6.0,3.0,9.0,-170.0,154.0
2020-08-12,PHI,BAL,4.0,5.0,10.0,-189.0,167.0
2020-08-12,TEX,SEA,7.0,4.0,,,
2020-08-12,ANA,OAK,4.0,8.0,9.5,-106.0,-110.0
2020-08-12,TOR,FLA,11.0,14.0,8.5,-165.0,143.0
2020-08-13,CIN,PIT,6.0,9.0,9.0,-172.0,152.0
2020-08-13,BOS,TBD,8.0,17.0,9.0,145.0,-162.0
2020-08-13,CHC,MIL,4.0,2.0,8.5,-172.0,150.0
2020-08-13,LAD,SDP,11.0,2.0,8.0,-147.0,130.0
2020-08-13,PHI,BAL,4.0,11.0,9.5,-217.0,185.0
2020-08-13,NYM,WSN,8.0,2.0,9.0,-127.0,114.0
2020-08-14,CIN,PIT,8.0,1.0,8.0,-205.0,176.0
2020-08-14,DET,CLE,5.0,10.0,8.5,183.0,-210.0
2020-08-14,ANA,LAD,4.0,7.0,9.5,152.0,-170.0
2020-08-14,BAL,WSN,3.0,15.0,9.0,150.0,-170.0
2020-08-14,CHC,MIL,3.0,4.0,8.0,114.0,-130.0
2020-08-14,COL,TEX,2.0,3.0,12.5,115.0,-126.0
2020-08-14,FLA,ATL,8.0,2.0,,,
2020-08-14,HOU,SEA,11.0,1.0,9.0,-255.0,225.0
2020-08-14,ARI,SDP,5.0,1.0,,,
2020-08-14,NYY,BOS,10.0,3.0,8.5,-320.0,262.0
2020-08-14,TOR,TBD,12.0,4.0,11.0,122.0,-139.0
2020-08-14,PHI,NYM,6.0,5.0,10.0,-127.0,114.0
2020-08-14,SFG,OAK,7.0,8.0,8.5,180.0,-205.0
2020-08-15,BAL,WSN,7.0,3.0,,,
2020-08-15,COL,TEX,4.0,6.0,11.5,-185.0,163.0
2020-08-15,FLA,ATL,1.0,2.0,8.5,180.0,-210.0
2020-08-15,ANA,LAD,5.0,6.0,9.5,136.0,-152.0
2020-08-15,ARI,SDP,7.0,6.0,10.5,-102.0,-112.0
2020-08-15,CHC,MIL,5.0,6.0,9.5,-106.0,-110.0
2020-08-15,CHW,STL,1.0,5.0,7.0,-160.0,141.0
2020-08-15,DET,CLE,1.0,3.0,7.5,163.0,-189.0
2020-08-15,HOU,SEA,2.0,1.0,9.5,-235.0,202.0
2020-08-15,MIN,KCR,4.0,2.0,8.0,-190.0,165.0
2020-08-15,NYY,BOS,11.0,5.0,9.0,-157.0,135.0
2020-08-15,PHI,NYM,6.0,2.0,9.0,-175.0,150.0
2020-08-15,SFG,OAK,6.0,7.0,8.5,103.0,-120.0
2020-08-15,TOR,TBD,2.0,3.0,,,
2020-08-16,ANA,LAD,3.0,8.0,10.0,170.0,-200.0
2020-08-16,CHC,MIL,5.0,6.0,9.0,-125.0,107.0
2020-08-16,HOU,SEA,3.0,2.0,9.0,-230.0,200.0
2020-08-16,ARI,SDP,5.0,4.0,9.5,106.0,-122.0
2020-08-16,CHW,STL,7.0,2.0,9.5,-154.0,134.0
2020-08-16,BAL,WSN,5.0,6.0,8.0,152.0,-172.0
2020-08-16,FLA,ATL,0.0,4.0,8.5,110.0,-128.0
2020-08-16,TOR,TBD,5.0,7.0,8.5,110.0,-130.0
2020-08-16,COL,TEX,10.0,6.0,12.5,-135.0,116.0
2020-08-16,PHI,NYM,6.0,2.0,9.0,-145.0,132.0
2020-08-16,SFG,OAK,3.0,15.0,9.5,105.0,-125.0
2020-08-16,MIN,KCR,4.0,2.0,9.5,-184.0,160.0
2020-08-16,NYY,BOS,4.0,2.0,10.5,-162.0,142.0
2020-08-16,DET,CLE,5.0,8.0,9.0,132.0,-145.0
2020-08-17,LAD,SEA,11.0,9.0,10.0,-340.0,274.0
2020-08-17,FLA,NYM,4.0,11.0,9.0,145.0,-162.0
2020-08-17,BAL,TOR,2.0,7.0,9.0,117.0,-128.0
2020-08-17,CHC,STL,1.0,3.0,6.5,-179.0,157.0
2020-08-17,CHW,DET,7.0,2.0,9.5,-172.0,150.0
2020-08-17,MIN,KCR,4.0,1.0,9.5,-167.0,145.0
2020-08-17,NYY,BOS,6.0,3.0,9.5,-160.0,140.0
2020-08-17,ARI,OAK,4.0,3.0,9.0,-117.0,105.0
2020-08-17,TEX,SDP,4.0,14.0,9.0,125.0,-139.0
2020-08-17,ANA,SFG,7.0,6.0,10.0,-180.0,159.0
2020-08-17,ATL,WSN,7.0,6.0,,,
2020-08-17,HOU,COL,2.0,1.0,9.5,-163.0,147.0
2020-08-18,FLA,NYM,3.0,8.0,10.0,140.0,-156.0
2020-08-18,BAL,TOR,7.0,8.0,9.5,108.0,-123.0
2020-08-18,PIT,CLE,3.0,6.0,,,
2020-08-18,ATL,WSN,5.0,8.0,9.5,-128.0,112.0
2020-08-18,ARI,OAK,10.0,1.0,9.0,140.0,-154.0
2020-08-18,BOS,PHI,6.0,13.0,11.0,118.0,-135.0
2020-08-18,ANA,SFG,2.0,8.0,9.5,-245.0,210.0
2020-08-18,HOU,COL,2.0,1.0,8.5,-200.0,175.0
2020-08-18,CHC,STL,6.0,3.0,,,
2020-08-18,LAD,SEA,2.0,1.0,9.5,-250.0,213.0
2020-08-18,MIN,MIL,4.0,3.0,8.5,-153.0,140.0
2020-08-18,NYY,TBD,3.0,6.0,8.5,110.0,-122.0
2020-08-18,TEX,SDP,4.0,6.0,9.0,105.0,-120.0
2020-08-18,CHW,DET,10.0,4.0,,,
2020-08-19,FLA,NYM,3.0,5.0,7.5,189.0,-218.0
2020-08-19,KCR,CIN,4.0,0.0,6.5,150.0,-177.0
2020-08-19,BAL,TOR,2.0,5.0,10.0,-120.0,105.0
2020-08-19,BOS,PHI,6.0,3.0,11.0,148.0,-170.0
2020-08-19,CHC,STL,3.0,9.0,6.0,112.0,-126.0
2020-08-19,CHW,DET,5.0,3.0,9.0,-155.0,135.0
2020-08-19,COL,HOU,6.0,13.0,12.0,130.0,-147.0
2020-08-19,MIN,MIL,3.0,9.0,9.5,-161.0,144.0
2020-08-19,NYY,TBD,2.0,4.0,8.5,-177.0,158.0
2020-08-19,OAK,ARI,4.0,1.0,,,
2020-08-19,PIT,CLE,1.0,6.0,,,
2020-08-19,SDP,TEX,6.0,3.0,8.0,-138.0,120.0
2020-08-19,SEA,LAD,6.0,4.0,9.0,209.0,-240.0
2020-08-19,SFG,ANA,7.0,2.0,9.0,135.0,-151.0
2020-08-20,SDP,TEX,8.0,7.0,8.0,-200.0,180.0
2020-08-20,PIT,CLE,0.0,2.0,7.5,241.0,-278.0
2020-08-20,OAK,ARI,5.0,1.0,9.0,-167.0,145.0
2020-08-20,SFG,ANA,10.0,5.0,9.0,-130.0,115.0
2020-08-20,SEA,LAD,1.0,6.0,8.5,269.0,-320.0
2020-08-20,CHW,DET,9.0,0.0,8.5,-167.0,145.0
2020-08-20,TOR,PHI,3.0,2.0,,,
2020-08-20,MIN,MIL,7.0,1.0,,,
2020-08-20,NYY,TBD,5.0,10.0,9.5,-144.0,126.0
2020-08-20,COL,HOU,8.0,10.0,,,
2020-08-20,BAL,BOS,1.0,7.0,9.5,130.0,-149.0
2020-08-20,STL,CIN,5.0,4.0,8.0,123.0,-140.0
2020-08-21,LAD,COL,5.0,1.0,9.5,-250.0,217.0
2020-08-21,SFG,ARI,6.0,2.0,9.5,101.0,-115.0
2020-08-21,PIT,MIL,7.0,2.0,8.5,126.0,-143.0
2020-08-21,BAL,BOS,5.0,8.0,9.5,115.0,-129.0
2020-08-21,CHC,CHW,1.0,10.0,9.5,-107.0,-109.0
2020-08-21,CLE,DET,5.0,10.0,9.5,-210.0,177.0
2020-08-21,KCR,MIN,7.0,2.0,9.0,127.0,-145.0
2020-08-21,SDP,HOU,4.0,3.0,9.0,-125.0,109.0
2020-08-21,ATL,PHI,11.0,2.0,7.5,-114.0,100.0
2020-08-21,SEA,TEX,7.0,4.0,8.5,115.0,-130.0
2020-08-21,STL,CIN,2.0,4.0,9.0,-114.0,100.0
2020-08-21,TBD,TOR,5.0,6.0,8.5,-161.0,140.0
2020-08-21,WSN,FLA,2.0,3.0,8.5,-207.0,177.0
2020-08-21,OAK,ANA,5.0,3.0,9.5,-109.0,-108.0
2020-08-22,CLE,DET,6.0,1.0,9.5,-179.0,151.0
2020-08-22,CHC,CHW,4.0,7.0,10.5,-191.0,165.0
2020-08-22,KCR,MIN,2.0,7.0,9.5,138.0,-160.0
2020-08-22,BAL,BOS,5.0,4.0,10.0,-106.0,-110.0
2020-08-22,ATL,PHI,6.0,5.0,9.0,100.0,-117.0
2020-08-22,PIT,MIL,12.0,5.0,9.5,150.0,-171.0
2020-08-22,LAD,COL,4.0,3.0,8.5,-223.0,191.0
2020-08-22,TBD,TOR,2.0,1.0,8.5,101.0,-119.0
2020-08-22,SDP,HOU,13.0,2.0,9.5,-127.0,111.0
2020-08-22,SEA,TEX,10.0,1.0,8.5,-141.0,124.0
2020-08-22,STL,CIN,3.0,0.0,9.5,-136.0,120.0
2020-08-22,WSN,FLA,5.0,4.0,6.5,-269.0,222.0
2020-08-22,SFG,ARI,5.0,1.0,8.5,148.0,-170.0
2020-08-22,OAK,ANA,3.0,4.0,10.0,-155.0,137.0
2020-08-23,PIT,MIL,5.0,4.0,9.0,163.0,-189.0
2020-08-23,ATL,PHI,4.0,5.0,9.5,-110.0,-105.0
2020-08-23,BAL,BOS,5.0,4.0,,,
2020-08-23,CHC,CHW,2.0,1.0,10.5,-177.0,156.0
2020-08-23,CLE,DET,4.0,7.0,,,
2020-08-23,KCR,MIN,4.0,5.0,10.0,127.0,-138.0
2020-08-23,OAK,ANA,5.0,4.0,8.5,-146.0,127.0
2020-08-23,SDP,HOU,5.0,3.0,8.5,108.0,-123.0
2020-08-23,SEA,TEX,4.0,1.0,8.5,116.0,-135.0
2020-08-23,SFG,ARI,6.0,1.0,9.0,109.0,-125.0
2020-08-23,STL,CIN,6.0,2.0,9.0,-115.0,103.0
2020-08-23,TBD,TOR,5.0,4.0,9.0,-155.0,135.0
2020-08-23,WSN,FLA,9.0,3.0,11.0,-153.0,133.0
2020-08-23,LAD,COL,11.0,3.0,8.5,-250.0,217.0
2020-08-24,MIL,CIN,4.0,2.0,8.5,134.0,-151.0
2020-08-24,CLE,MIN,2.0,3.0,8.5,114.0,-130.0
2020-08-24,ARI,COL,2.0,3.0,10.0,-170.0,142.0
2020-08-24,HOU,ANA,11.0,4.0,9.5,-159.0,140.0
2020-08-24,TBD,TOR,4.0,6.0,8.5,-222.0,190.0
2020-08-24,TEX,OAK,3.0,2.0,7.5,130.0,-148.0
2020-08-24,STL,KCR,9.0,3.0,8.0,-180.0,155.0
2020-08-24,WSN,FLA,8.0,11.0,9.0,-115.0,104.0
2020-08-24,DET,CHC,3.0,9.0,9.5,115.0,-129.0
2020-08-25,CHW,PIT,4.0,0.0,9.0,-262.0,223.0
2020-08-25,CLE,MIN,4.0,2.0,8.0,-177.0,152.0
2020-08-25,DET,CHC,7.0,1.0,9.5,121.0,-140.0
2020-08-25,HOU,ANA,6.0,3.0,7.5,-149.0,132.0
2020-08-25,MIL,CIN,3.0,2.0,8.0,-114.0,-101.0
2020-08-25,SFG,LAD,10.0,8.0,9.0,189.0,-220.0
2020-08-25,STL,KCR,4.0,5.0,9.0,-210.0,180.0
2020-08-25,TBD,BAL,4.0,2.0,7.5,-220.0,186.0
2020-08-25,TEX,OAK,3.0,10.0,8.5,144.0,-167.0
2020-08-25,TOR,BOS,7.0,9.0,11.5,-126.0,108.0
2020-08-25,WSN,PHI,3.0,8.0,11.0,108.0,-125.0
2020-08-25,ARI,COL,4.0,5.0,9.5,-107.0,-107.0
2020-08-25,NYM,FLA,0.0,3.0,,,
2020-08-25,SDP,SEA,3.0,8.0,8.0,-214.0,180.0
2020-08-26,WSN,PHI,2.0,3.0,,,
2020-08-26,TOR,BOS,9.0,1.0,11.0,-121.0,105.0
2020-08-26,STL,KCR,6.0,5.0,9.0,-177.0,151.0
2020-08-26,NYM,FLA,5.0,4.0,7.5,-285.0,237.0
2020-08-26,TEX,OAK,1.0,3.0,10.0,120.0,-133.0
2020-08-26,CLE,MIN,6.0,3.0,9.0,-105.0,-110.0
2020-08-26,DET,CHC,7.0,6.0,,,
2020-08-26,ARI,COL,7.0,8.0,10.5,-134.0,116.0
2020-08-26,TBD,BAL,4.0,3.0,9.0,-177.0,151.0
2020-08-26,ATL,NYY,5.0,1.0,6.5,157.0,-180.0
2020-08-26,CHW,PIT,10.0,3.0,9.0,-230.0,195.0
2020-08-27,STL,PIT,0.0,2.0,,,
2020-08-27,SDP,SEA,10.0,7.0,6.5,-245.0,215.0
2020-08-27,MIL,CIN,1.0,6.0,,,
2020-08-27,SFG,LAD,0.0,7.0,6.5,210.0,-250.0
2020-08-28,MIL,PIT,9.0,1.0,9.0,-210.0,177.0
2020-08-28,ANA,SEA,3.0,2.0,9.0,-207.0,175.0
2020-08-28,BOS,WSN,2.0,10.0,9.5,139.0,-160.0
2020-08-28,CIN,CHC,6.0,5.0,9.0,129.0,-146.0
2020-08-28,COL,SDP,4.0,10.0,11.5,-110.0,-104.0
2020-08-28,FLA,TBD,0.0,2.0,8.5,115.0,-134.0
2020-08-28,ARI,SFG,7.0,4.0,9.0,-194.0,165.0
2020-08-28,NYY,NYM,4.0,6.0,8.0,-133.0,115.0
2020-08-28,PHI,ATL,7.0,4.0,9.5,-142.0,124.0
2020-08-28,STL,CLE,2.0,14.0,8.5,117.0,-135.0
2020-08-28,TEX,LAD,6.0,2.0,9.0,203.0,-242.0
2020-08-28,TOR,BAL,5.0,4.0,9.5,-240.0,207.0
2020-08-28,CHW,KCR,6.0,5.0,10.0,-149.0,130.0
2020-08-29,ARI,SFG,2.0,5.0,9.5,-156.0,136.0
2020-08-29,HOU,OAK,6.0,3.0,9.0,-109.0,-106.0
2020-08-29,BOS,WSN,5.0,3.0,11.5,105.0,-118.0
2020-08-29,COL,SDP,4.0,3.0,13.0,-105.0,-112.0
2020-08-29,DET,MIN,8.0,2.0,7.0,131.0,-150.0
2020-08-29,FLA,TBD,0.0,4.0,8.5,-116.0,102.0
2020-08-29,CIN,CHC,0.0,3.0,6.0,-105.0,-110.0
2020-08-29,MIL,PIT,7.0,6.0,9.0,-199.0,170.0
2020-08-29,PHI,ATL,4.0,1.0,10.5,-130.0,115.0
2020-08-29,STL,CLE,1.0,2.0,,,
2020-08-29,TEX,LAD,4.0,7.0,8.5,134.0,-155.0
2020-08-29,TOR,BAL,5.0,0.0,10.0,-154.0,134.0
2020-08-29,CHW,KCR,6.0,9.0,10.0,-168.0,146.0
2020-08-29,ANA,SEA,16.0,3.0,9.0,-195.0,165.0
2020-08-29,NYY,NYM,2.0,1.0,10.5,-115.0,-105.0
2020-08-30,CIN,CHC,1.0,10.0,,,
2020-08-30,MIL,PIT,1.0,5.0,8.5,-280.0,235.0
2020-08-30,ANA,SEA,1.0,2.0,10.0,-200.0,170.0
2020-08-30,ARI,SFG,1.0,4.0,9.5,-125.0,108.0
2020-08-30,BOS,WSN,9.0,5.0,11.0,-110.0,-105.0
2020-08-30,CHW,KCR,5.0,2.0,9.5,-181.0,156.0
2020-08-30,COL,SDP,2.0,13.0,,,
2020-08-30,PHI,ATL,10.0,12.0,9.5,100.0,-114.0
2020-08-30,FLA,TBD,7.0,12.0,7.0,158.0,-183.0
2020-08-30,NYY,NYM,8.0,7.0,8.0,-107.0,-101.0
2020-08-30,DET,MIN,3.0,2.0,8.5,186.0,-220.0
2020-08-30,STL,CLE,7.0,2.0,8.0,108.0,-125.0
2020-08-30,TEX,LAD,2.0,7.0,9.5,195.0,-230.0
2020-08-30,TOR,BAL,6.0,5.0,10.5,-155.0,136.0
2020-08-31,MIN,CHW,5.0,8.0,8.5,105.0,-115.0
2020-08-31,ANA,SEA,1.0,2.0,9.0,-150.0,130.0
2020-08-31,BOS,ATL,3.0,6.0,9.0,178.0,-210.0
2020-08-31,CIN,STL,5.0,7.0,9.5,-110.0,-106.0
2020-08-31,COL,SDP,0.0,6.0,12.0,-120.0,107.0
2020-08-31,MIL,PIT,6.0,5.0,8.5,-215.0,180.0
2020-08-31,KCR,CLE,2.0,1.0,7.5,205.0,-250.0
2020-08-31,NYM,FLA,3.0,5.0,9.0,-133.0,116.0
2020-08-31,NYY,TBD,3.0,5.0,7.5,-155.0,135.0
2020-08-31,PHI,WSN,8.0,6.0,10.5,-155.0,130.0
2020-08-31,TOR,BAL,3.0,4.0,10.5,-175.0,148.0
2020-09-01,BAL,NYM,9.0,5.0,10.5,123.0,-141.0
2020-09-01,KCR,CLE,1.0,10.0,9.0,171.0,-210.0
2020-09-01,BOS,ATL,3.0,10.0,9.5,155.0,-182.0
2020-09-01,CIN,STL,2.0,16.0,9.0,-168.0,146.0
2020-09-01,COL,SFG,5.0,23.0,11.5,-105.0,-110.0
2020-09-01,FLA,TOR,3.0,2.0,8.5,-130.0,112.0
2020-09-01,PHI,WSN,6.0,0.0,8.5,-154.0,133.0
2020-09-01,LAD,ARI,6.0,3.0,8.5,-220.0,187.0
2020-09-01,MIL,DET,1.0,12.0,9.5,-194.0,170.0
2020-09-01,MIN,CHW,3.0,2.0,9.0,-106.0,-110.0
2020-09-01,NYY,TBD,5.0,3.0,9.0,-155.0,135.0
2020-09-01,PIT,CHC,7.0,8.0,10.0,155.0,-180.0
2020-09-01,HOU,TEX,5.0,6.0,9.0,-280.0,230.0
2020-09-02,ANA,SDP,4.0,11.0,9.5,175.0,-213.0
2020-09-02,COL,SFG,9.0,6.0,,,
2020-09-02,BOS,ATL,5.0,7.0,11.5,130.0,-150.0
2020-09-02,CIN,STL,4.0,3.0,10.0,-152.0,132.0
2020-09-02,FLA,TOR,1.0,2.0,7.0,-105.0,-115.0
2020-09-02,BAL,NYM,4.0,9.0,10.0,135.0,-158.0
2020-09-02,KCR,CLE,0.0,5.0,9.0,140.0,-161.0
2020-09-02,LAD,ARI,3.0,2.0,8.0,-213.0,180.0
2020-09-02,MIN,CHW,8.0,1.0,9.5,-175.0,148.0
2020-09-02,HOU,TEX,2.0,1.0,,,
2020-09-02,MIL,DET,8.0,5.0,9.0,-182.0,155.0
2020-09-02,NYY,TBD,2.0,5.0,9.0,-130.0,110.0
2020-09-02,PHI,WSN,3.0,0.0,8.5,-105.0,-120.0
2020-09-02,PIT,CHC,2.0,8.0,9.0,152.0,-180.0
2020-09-03,PIT,CHC,6.0,2.0,9.5,145.0,-170.0
2020-09-03,PHI,WSN,6.0,5.0,10.5,-180.0,155.0
2020-09-03,NYM,NYY,9.0,7.0,,,
2020-09-03,LAD,ARI,5.0,1.0,8.5,-310.0,250.0
2020-09-03,HOU,TEX,8.0,4.0,7.5,-165.0,142.0
2020-09-03,BOS,TOR,2.0,6.0,,,
2020-09-03,ANA,SDP,2.0,0.0,8.5,125.0,-149.0
2020-09-03,KCR,CHW,6.0,11.0,9.5,125.0,-143.0
2020-09-04,ANA,HOU,6.0,5.0,8.5,-103.0,-115.0
2020-09-04,CHC,STL,4.0,1.0,8.5,-144.0,126.0
2020-09-04,BAL,NYY,5.0,6.0,,,
2020-09-04,BOS,TOR,3.0,2.0,,,
2020-09-04,OAK,SDP,0.0,7.0,8.0,-148.0,130.0
2020-09-04,ATL,WSN,9.0,10.0,10.5,-138.0,120.0
2020-09-04,KCR,CHW,4.0,7.0,9.0,145.0,-168.0
2020-09-04,MIN,DET,2.0,0.0,7.0,-175.0,150.0
2020-09-04,SEA,TEX,6.0,3.0,8.5,-129.0,110.0
2020-09-04,LAD,COL,10.0,6.0,9.0,-250.0,210.0
2020-09-04,PIT,CIN,2.0,4.0,,,
2020-09-04,SFG,ARI,5.0,6.0,9.0,-144.0,125.0
2020-09-04,TBD,FLA,5.0,4.0,7.5,-139.0,116.0
2020-09-04,NYM,PHI,3.0,5.0,10.0,-140.0,125.0
2020-09-04,CLE,MIL,1.0,7.0,7.5,-148.0,130.0
2020-09-05,CHC,STL,2.0,4.0,6.0,-111.0,-103.0
2020-09-05,KCR,CHW,3.0,5.0,9.5,195.0,-235.0
2020-09-05,ANA,HOU,10.0,9.0,7.5,-110.0,-105.0
2020-09-05,ATL,WSN,4.0,10.0,9.5,-300.0,250.0
2020-09-05,BAL,NYY,6.0,1.0,8.5,210.0,-260.0
2020-09-05,CLE,MIL,4.0,3.0,8.0,-115.0,102.0
2020-09-05,MIN,DET,4.0,3.0,8.5,-320.0,265.0
2020-09-05,BOS,TOR,9.0,8.0,10.5,115.0,-135.0
2020-09-05,NYM,PHI,5.0,1.0,9.0,-161.0,140.0
2020-09-05,OAK,SDP,8.0,4.0,9.0,-125.0,105.0
2020-09-05,PIT,CIN,2.0,6.0,9.5,110.0,-125.0
2020-09-05,SEA,TEX,5.0,3.0,8.0,-145.0,125.0
2020-09-05,SFG,ARI,4.0,3.0,9.5,-139.0,120.0
2020-09-05,TBD,FLA,3.0,7.0,7.5,-235.0,200.0
2020-09-05,LAD,COL,2.0,5.0,9.0,-194.0,165.0
2020-09-06,NYM,PHI,14.0,1.0,7.5,-160.0,140.0
2020-09-06,SEA,TEX,4.0,3.0,9.0,-139.0,118.0
2020-09-06,PIT,CIN,3.0,2.0,9.5,139.0,-161.0
2020-09-06,CLE,MIL,4.0,1.0,7.5,-272.0,222.0
2020-09-06,SFG,ARI,4.0,2.0,9.5,-154.0,132.0
2020-09-06,TBD,FLA,5.0,4.0,7.5,-229.0,190.0
2020-09-06,KCR,CHW,2.0,8.0,11.0,185.0,-221.0
2020-09-06,OAK,SDP,3.0,5.0,10.5,-107.0,-107.0
2020-09-06,LAD,COL,6.0,7.0,9.5,-305.0,243.0
2020-09-06,CHC,STL,3.0,7.0,12.5,-109.0,-105.0
2020-09-06,BOS,TOR,8.0,10.0,11.0,111.0,-127.0
2020-09-06,BAL,NYY,5.0,1.0,9.0,177.0,-210.0
2020-09-06,ATL,WSN,10.0,3.0,9.5,-149.0,130.0
2020-09-06,ANA,HOU,9.0,5.0,10.0,155.0,-180.0
2020-09-06,MIN,DET,8.0,10.0,9.0,-197.0,166.0
2020-09-07,OAK,HOU,6.0,0.0,9.5,-139.0,123.0
2020-09-07,ATL,FLA,4.0,5.0,9.0,-235.0,200.0
2020-09-07,CHC,STL,5.0,1.0,8.0,-180.0,156.0
2020-09-07,CLE,KCR,5.0,2.0,8.0,-220.0,185.0
2020-09-07,MIN,DET,6.0,2.0,8.5,-213.0,180.0
2020-09-07,NYM,PHI,8.0,9.0,9.5,110.0,-128.0
2020-09-07,SDP,COL,1.0,0.0,8.5,-205.0,170.0
2020-09-07,SEA,TEX,8.0,4.0,8.0,-152.0,132.0
2020-09-07,TOR,NYY,12.0,7.0,9.0,-130.0,114.0
2020-09-07,WSN,TBD,6.0,1.0,8.0,-114.0,-105.0
2020-09-07,SFG,ARI,4.0,2.0,7.5,-120.0,104.0
2020-09-08,OAK,HOU,4.0,2.0,8.0,-149.0,132.0
2020-09-08,PHI,BOS,2.0,5.0,8.0,-177.0,154.0
2020-09-08,ATL,FLA,0.0,8.0,9.5,-120.0,103.0
2020-09-08,CHC,CIN,3.0,0.0,7.5,-105.0,-111.0
2020-09-08,CLE,KCR,6.0,8.0,8.5,-214.0,182.0
2020-09-08,NYM,BAL,2.0,11.0,9.0,-182.0,158.0
2020-09-08,ARI,LAD,9.0,10.0,9.5,213.0,-250.0
2020-09-08,DET,MIL,8.0,3.0,9.0,135.0,-153.0
2020-09-08,PIT,CHW,5.0,4.0,,,
2020-09-08,STL,MIN,3.0,7.0,6.5,118.0,-135.0
2020-09-08,SDP,COL,14.0,5.0,9.0,-241.0,206.0
2020-09-08,TEX,ANA,7.0,1.0,,,
2020-09-08,TOR,NYY,2.0,1.0,,,
2020-09-08,WSN,TBD,5.0,3.0,9.5,130.0,-150.0
2020-09-08,SFG,SEA,6.0,5.0,9.0,-165.0,143.0
2020-09-09,OAK,HOU,3.0,2.0,9.0,-190.0,164.0
2020-09-09,ARI,LAD,4.0,6.0,9.0,260.0,-312.0
2020-09-09,ATL,FLA,29.0,9.0,,,
2020-09-09,CHC,CIN,0.0,3.0,6.5,-155.0,136.0
2020-09-09,CLE,KCR,0.0,3.0,8.0,-226.0,190.0
2020-09-09,NYM,BAL,7.0,6.0,9.5,-200.0,169.0
2020-09-09,PIT,CHW,1.0,8.0,9.0,143.0,-163.0
2020-09-09,SDP,COL,5.0,3.0,,,
2020-09-09,SFG,SEA,10.0,1.0,9.0,-140.0,121.0
2020-09-09,TEX,ANA,7.0,3.0,9.5,100.0,-117.0
2020-09-09,TOR,NYY,2.0,7.0,10.0,133.0,-148.0
2020-09-09,DET,MIL,0.0,19.0,7.5,130.0,-154.0
2020-09-10,CHC,CIN,8.0,5.0,,,
2020-09-10,ARI,LAD,5.0,2.0,9.5,207.0,-242.0
2020-09-10,SDP,SFG,6.0,1.0,9.0,-187.0,163.0
2020-09-10,CLE,KCR,1.0,11.0,7.5,-235.0,200.0
2020-09-10,FLA,PHI,7.0,6.0,8.5,-108.0,-108.0
2020-09-10,WSN,ATL,6.0,7.0,11.0,135.0,-157.0
2020-09-10,STL,DET,12.0,2.0,,,
2020-09-10,TBD,BOS,3.0,4.0,9.5,-200.0,173.0
2020-09-10,TEX,ANA,2.0,6.0,8.5,144.0,-166.0
2020-09-10,OAK,HOU,3.0,1.0,9.0,-154.0,132.0
2020-09-11,MIL,CHC,1.0,0.0,9.0,-174.0,152.0
2020-09-11,ARI,SEA,4.0,3.0,9.5,-100.0,-115.0
2020-09-11,NYY,BAL,6.0,0.0,6.5,-267.0,222.0
2020-09-11,CHW,DET,4.0,3.0,,,
2020-09-11,FLA,PHI,0.0,11.0,6.0,140.0,-165.0
2020-09-11,KCR,PIT,4.0,3.0,8.5,-145.0,126.0
2020-09-11,STL,CIN,1.0,3.0,7.5,-103.0,-111.0
2020-09-11,COL,ANA,8.0,4.0,12.0,-135.0,117.0
2020-09-11,TBD,BOS,11.0,1.0,8.5,-275.0,233.0
2020-09-11,TEX,OAK,6.0,10.0,9.5,160.0,-185.0
2020-09-11,TOR,NYM,1.0,18.0,8.5,192.0,-222.0
2020-09-11,WSN,ATL,8.0,7.0,,,
2020-09-11,MIN,CLE,3.0,1.0,6.5,-101.0,-116.0
2020-09-12,FLA,PHI,6.0,12.0,,,
2020-09-12,COL,ANA,2.0,5.0,12.5,-140.0,121.0
2020-09-12,KCR,PIT,7.0,4.0,9.5,-115.0,100.0
2020-09-12,ARI,SEA,3.0,7.0,8.5,-160.0,140.0
2020-09-12,MIN,CLE,8.0,4.0,,,
2020-09-12,CHW,DET,14.0,0.0,10.5,-193.0,167.0
2020-09-12,LAD,HOU,5.0,7.0,,,
2020-09-12,WSN,ATL,1.0,2.0,9.5,133.0,-153.0
2020-09-12,TEX,OAK,1.0,10.0,9.5,172.0,-205.0
2020-09-12,NYY,BAL,2.0,1.0,9.0,-189.0,164.0
2020-09-12,STL,CIN,7.0,1.0,8.0,-136.0,117.0
2020-09-12,TBD,BOS,5.0,4.0,,,
2020-09-12,TOR,NYM,3.0,2.0,9.5,150.0,-168.0
2020-09-12,MIL,CHC,2.0,4.0,9.0,100.0,-110.0
2020-09-13,COL,ANA,3.0,5.0,12.5,144.0,-163.0
2020-09-13,LAD,HOU,8.0,1.0,9.0,-139.0,125.0
2020-09-13,KCR,PIT,11.0,0.0,,,
2020-09-13,CHW,DET,5.0,2.0,9.5,-175.0,152.0
2020-09-13,ARI,SEA,3.0,7.0,9.5,-154.0,140.0
2020-09-13,MIN,CLE,7.0,5.0,8.5,-138.0,121.0
2020-09-13,MIL,CHC,0.0,12.0,9.5,-124.0,107.0
2020-09-13,FLA,PHI,8.0,1.0,,,
2020-09-13,NYY,BAL,3.0,1.0,9.5,-179.0,154.0
2020-09-13,STL,CIN,5.0,10.0,8.5,-110.0,-106.0
2020-09-13,TBD,BOS,3.0,6.0,8.5,-203.0,175.0
2020-09-13,TEX,OAK,6.0,3.0,8.0,130.0,-148.0
2020-09-13,TOR,NYM,7.0,3.0,9.5,-160.0,138.0
2020-09-13,WSN,ATL,4.0,8.0,9.0,-174.0,150.0
2020-09-13,SDP,SFG,3.0,1.0,9.0,-172.0,150.0
2020-09-14,CIN,PIT,3.0,1.0,6.0,-274.0,220.0
2020-09-14,SEA,OAK,0.0,9.0,,,
2020-09-14,SDP,LAD,7.0,2.0,8.0,121.0,-139.0
2020-09-14,MIL,STL,2.0,3.0,8.5,125.0,-145.0
2020-09-14,CHW,MIN,3.0,1.0,9.0,130.0,-142.0
2020-09-14,BAL,ATL,14.0,1.0,10.5,151.0,-175.0
2020-09-14,FLA,PHI,6.0,2.0,,,
2020-09-15,HOU,TEX,4.0,1.0,9.0,-206.0,178.0
2020-09-15,CHC,CLE,6.0,5.0,8.0,-160.0,140.0
2020-09-15,ANA,ARI,8.0,9.0,10.5,-154.0,131.0
2020-09-15,DET,KCR,6.0,0.0,8.5,-114.0,100.0
2020-09-15,COL,OAK,3.0,1.0,12.0,118.0,-135.0
2020-09-15,MIL,STL,18.0,3.0,8.5,119.0,-136.0
2020-09-15,CIN,PIT,4.0,1.0,9.0,-139.0,123.0
2020-09-15,PHI,NYM,4.0,1.0,9.5,111.0,-127.0
2020-09-15,SDP,LAD,1.0,3.0,9.0,111.0,-130.0
2020-09-15,TBD,WSN,6.0,1.0,9.0,-181.0,159.0
2020-09-15,BAL,ATL,1.0,5.0,10.5,152.0,-175.0
2020-09-15,CHW,MIN,6.0,2.0,9.0,-125.0,109.0
2020-09-15,FLA,BOS,0.0,2.0,9.5,-162.0,141.0
2020-09-15,NYY,TOR,20.0,6.0,,,
2020-09-16,HOU,TEX,0.0,1.0,9.0,-245.0,205.0
2020-09-16,CHC,CLE,3.0,2.0,8.5,-100.0,-114.0
2020-09-16,CHW,MIN,1.0,5.0,8.5,-160.0,138.0
2020-09-16,CIN,PIT,1.0,0.0,,,
2020-09-16,COL,OAK,1.0,3.0,11.5,-123.0,106.0
2020-09-16,DET,KCR,0.0,4.0,8.5,-102.0,-115.0
2020-09-16,FLA,BOS,8.0,4.0,,,
2020-09-16,BAL,ATL,5.0,1.0,10.0,162.0,-185.0
2020-09-16,NYY,TOR,13.0,2.0,,,
2020-09-16,PHI,NYM,4.0,5.0,7.5,158.0,-185.0
2020-09-16,SDP,LAD,5.0,7.0,9.0,-105.0,-111.0
2020-09-16,SFG,SEA,9.0,3.0,,,
2020-09-16,TBD,WSN,2.0,4.0,9.0,-185.0,162.0
2020-09-16,ANA,ARI,6.0,9.0,9.0,-222.0,189.0
2020-09-16,MIL,STL,6.0,0.0,8.5,125.0,-144.0
2020-09-17,CHW,MIN,4.0,3.0,8.5,146.0,-172.0
2020-09-17,BAL,TBD,6.0,10.0,,,
2020-09-17,NYY,TOR,10.0,7.0,9.5,-232.0,195.0
2020-09-17,DET,CLE,3.0,10.0,,,
2020-09-17,ANA,ARI,7.0,3.0,10.0,-168.0,146.0
2020-09-17,COL,LAD,3.0,9.0,12.0,145.0,-164.0
2020-09-17,FLA,BOS,3.0,5.0,9.5,100.0,-116.0
2020-09-17,PHI,NYM,6.0,10.0,8.0,-119.0,100.0
2020-09-17,SFG,SEA,6.0,4.0,,,
2020-09-17,HOU,TEX,2.0,1.0,,,
2020-09-17,PIT,STL,5.0,1.0,8.5,142.0,-161.0
2020-09-18,MIL,KCR,9.0,5.0,8.5,-162.0,141.0
2020-09-18,HOU,ARI,3.0,6.0,8.0,-187.0,159.0
2020-09-18,BAL,TBD,1.0,2.0,8.5,175.0,-205.0
2020-09-18,BOS,NYY,5.0,6.0,10.5,194.0,-232.0
2020-09-18,CHC,MIN,1.0,0.0,7.0,-120.0,105.0
2020-09-18,CIN,CHW,7.0,1.0,9.5,-125.0,110.0
2020-09-18,DET,CLE,0.0,1.0,8.5,194.0,-232.0
2020-09-18,COL,LAD,6.0,15.0,13.5,187.0,-219.0
2020-09-18,OAK,SFG,6.0,0.0,8.5,-169.0,148.0
2020-09-18,NYM,ATL,2.0,15.0,,,
2020-09-18,PHI,TOR,7.0,0.0,7.0,-110.0,-108.0
2020-09-18,PIT,STL,5.0,6.0,7.0,149.0,-168.0
2020-09-18,SDP,SEA,6.0,1.0,,,
2020-09-18,ANA,TEX,6.0,2.0,9.5,-198.0,172.0
2020-09-18,FLA,WSN,0.0,5.0,6.5,-195.0,166.0
2020-09-19,COL,LAD,1.0,6.0,12.0,232.0,-278.0
2020-09-19,CIN,CHW,0.0,5.0,8.0,-130.0,114.0
2020-09-19,CHC,MIN,1.0,8.0,8.0,113.0,-130.0
2020-09-19,BAL,TBD,1.0,3.0,8.5,162.0,-185.0
2020-09-19,HOU,ARI,3.0,2.0,9.5,-179.0,155.0
2020-09-19,ANA,TEX,4.0,3.0,7.5,-161.0,143.0
2020-09-19,DET,CLE,5.0,2.0,7.5,175.0,-201.0
2020-09-19,BOS,NYY,0.0,8.0,10.0,170.0,-200.0
2020-09-19,NYM,ATL,7.0,2.0,9.0,143.0,-164.0
2020-09-19,OAK,SFG,6.0,0.0,8.0,-160.0,141.0
2020-09-19,PHI,TOR,3.0,1.0,8.0,126.0,-144.0
2020-09-19,PIT,STL,4.0,5.0,8.5,145.0,-167.0
2020-09-19,SDP,SEA,1.0,4.0,,,
2020-09-19,MIL,KCR,5.0,0.0,8.0,-220.0,181.0
2020-09-19,FLA,WSN,7.0,3.0,7.5,-125.0,106.0
2020-09-20,FLA,WSN,0.0,15.0,,,
2020-09-20,ANA,TEX,2.0,7.0,10.0,-155.0,136.0
2020-09-20,BAL,TBD,2.0,1.0,8.0,135.0,-152.0
2020-09-20,BOS,NYY,10.0,2.0,,,
2020-09-20,CHC,MIN,0.0,4.0,7.5,-160.0,140.0
2020-09-20,CIN,CHW,7.0,3.0,9.5,-130.0,112.0
2020-09-20,COL,LAD,6.0,3.0,12.0,170.0,-200.0
2020-09-20,MIL,KCR,5.0,3.0,8.5,-165.0,144.0
2020-09-20,HOU,ARI,3.0,2.0,9.5,-214.0,177.0
2020-09-20,NYM,ATL,0.0,7.0,9.5,-122.0,100.0
2020-09-20,OAK,SFG,2.0,14.0,9.0,-190.0,163.0
2020-09-20,PHI,TOR,3.0,6.0,9.5,100.0,-118.0
2020-09-20,PIT,STL,1.0,2.0,7.5,145.0,-168.0
2020-09-20,SDP,SEA,7.0,4.0,,,
2020-09-20,DET,CLE,4.0,7.0,7.5,170.0,-192.0
2020-09-21,CIN,MIL,6.0,3.0,7.0,-129.0,112.0
2020-09-21,PIT,CHC,0.0,5.0,,,
2020-09-21,ANA,TEX,8.0,5.0,8.5,-227.0,195.0
2020-09-21,ATL,FLA,5.0,4.0,9.5,-170.0,148.0
2020-09-21,CLE,CHW,7.0,4.0,,,
2020-09-21,NYM,TBD,1.0,2.0,7.0,-192.0,166.0
2020-09-21,KCR,STL,4.0,1.0,9.0,172.0,-197.0
2020-09-21,SFG,COL,2.0,7.0,8.0,-119.0,102.0
2020-09-21,TOR,NYY,11.0,5.0,10.5,130.0,-148.0
2020-09-21,WSN,PHI,5.0,1.0,8.5,144.0,-163.0
2020-09-21,SEA,HOU,6.0,1.0,8.0,111.0,-129.0
2020-09-22,NYM,TBD,5.0,2.0,7.5,125.0,-138.0
2020-09-22,ARI,TEX,7.0,0.0,9.5,-164.0,145.0
2020-09-22,ATL,FLA,11.0,1.0,10.5,-163.0,144.0
2020-09-22,BOS,BAL,8.0,3.0,,,
2020-09-22,CIN,MIL,2.0,3.0,9.0,-157.0,138.0
2020-09-22,CLE,CHW,5.0,3.0,9.5,-123.0,110.0
2020-09-22,LAD,OAK,7.0,2.0,9.0,-187.0,161.0
2020-09-22,KCR,STL,0.0,5.0,8.5,-108.0,-110.0
2020-09-22,PIT,CHC,3.0,2.0,8.5,141.0,-160.0
2020-09-22,SDP,ANA,2.0,4.0,9.0,-164.0,144.0
2020-09-22,SEA,HOU,1.0,6.0,9.0,180.0,-210.0
2020-09-22,SFG,COL,5.0,2.0,7.5,-165.0,143.0
2020-09-22,TOR,NYY,1.0,12.0,9.5,240.0,-286.0
2020-09-22,WSN,PHI,5.0,1.0,6.5,172.0,-209.0
2020-09-22,MIN,DET,5.0,4.0,9.0,-185.0,160.0
2020-09-23,TOR,NYY,14.0,1.0,11.0,195.0,-227.0
2020-09-23,SDP,ANA,2.0,5.0,8.5,-168.0,147.0
2020-09-23,PIT,CHC,2.0,1.0,8.5,221.0,-262.0
2020-09-23,SFG,COL,7.0,2.0,9.0,-190.0,165.0
2020-09-23,SEA,HOU,3.0,2.0,8.5,189.0,-215.0
2020-09-23,LAD,OAK,4.0,6.0,8.5,-170.0,147.0
2020-09-23,WSN,PHI,3.0,12.0,9.5,143.0,-165.0
2020-09-23,ARI,TEX,7.0,3.0,,,
2020-09-23,NYM,TBD,5.0,8.0,8.5,127.0,-140.0
2020-09-23,BOS,BAL,9.0,1.0,9.0,-173.0,150.0
2020-09-23,KCR,STL,12.0,3.0,9.0,115.0,-131.0
2020-09-23,CLE,CHW,3.0,2.0,6.5,-168.0,145.0
2020-09-23,CIN,MIL,6.0,1.0,8.5,-178.0,156.0
2020-09-23,ATL,FLA,9.0,4.0,8.0,-166.0,144.0
2020-09-23,MIN,DET,7.0,6.0,8.0,-350.0,286.0
2020-09-24,PIT,CHC,7.0,0.0,9.0,145.0,-170.0
2020-09-24,SFG,COL,4.0,5.0,9.0,-257.0,219.0
2020-09-24,CLE,CHW,5.0,4.0,7.5,-131.0,115.0
2020-09-24,KCR,DET,8.0,7.0,9.0,-158.0,140.0
2020-09-24,LAD,OAK,5.0,1.0,9.0,-232.0,200.0
2020-09-24,TOR,NYY,4.0,1.0,9.5,-101.0,-115.0
2020-09-24,TEX,HOU,4.0,12.0,8.0,110.0,-128.0
2020-09-24,WSN,NYM,2.0,3.0,9.0,-129.0,114.0
2020-09-24,ATL,FLA,2.0,4.0,9.0,-170.0,147.0
2020-09-24,BOS,BAL,1.0,13.0,9.5,-160.0,138.0
2020-09-24,STL,MIL,4.0,2.0,7.5,124.0,-140.0
2020-09-25,KCR,DET,3.0,2.0,8.5,-149.0,130.0
2020-09-25,CLE,PIT,4.0,3.0,7.5,-245.0,205.0
2020-09-25,CHW,CHC,0.0,10.0,8.0,144.0,-167.0
2020-09-25,TBD,PHI,6.0,4.0,8.5,-136.0,120.0
2020-09-25,ATL,BOS,8.0,7.0,10.0,-182.0,159.0
2020-09-25,ARI,COL,11.0,5.0,8.0,-149.0,130.0
2020-09-25,LAD,ANA,9.0,5.0,8.0,-212.0,184.0
2020-09-25,MIN,CIN,2.0,7.0,8.5,-160.0,140.0
2020-09-25,TEX,HOU,5.0,4.0,9.0,155.0,-182.0
2020-09-25,OAK,SEA,3.0,1.0,7.5,-220.0,186.0
2020-09-25,SFG,SDP,5.0,6.0,,,
2020-09-25,STL,MIL,0.0,3.0,,,
2020-09-25,TOR,BAL,10.0,5.0,9.5,-171.0,149.0
2020-09-25,NYY,FLA,3.0,4.0,9.5,-195.0,168.0
2020-09-26,ARI,COL,3.0,10.0,9.0,-109.0,-106.0
2020-09-26,ATL,BOS,2.0,8.0,9.5,-152.0,132.0
2020-09-26,CHW,CHC,9.0,5.0,9.5,-156.0,138.0
2020-09-26,CLE,PIT,0.0,8.0,8.0,-168.0,150.0
2020-09-26,KCR,DET,3.0,4.0,9.5,-128.0,110.0
2020-09-26,LAD,ANA,7.0,6.0,9.0,-314.0,265.0
2020-09-26,TBD,PHI,4.0,3.0,7.5,-101.0,-115.0
2020-09-26,STL,MIL,0.0,3.0,7.5,100.0,-115.0
2020-09-26,SFG,SDP,2.0,6.0,9.0,115.0,-133.0
2020-09-26,TEX,HOU,6.0,1.0,9.0,125.0,-144.0
2020-09-26,TOR,BAL,5.0,2.0,9.0,-120.0,106.0
2020-09-26,WSN,NYM,4.0,3.0,,,
2020-09-26,NYY,FLA,11.0,4.0,9.5,-250.0,205.0
2020-09-26,MIN,CIN,7.0,3.0,7.5,-122.0,105.0
2020-09-26,OAK,SEA,1.0,5.0,7.0,-141.0,125.0
2020-09-27,ATL,BOS,1.0,9.0,9.5,-149.0,131.0
2020-09-27,NYY,FLA,0.0,5.0,10.0,-183.0,157.0
2020-09-27,ARI,COL,11.0,3.0,9.0,-110.0,-105.0
2020-09-27,CHW,CHC,8.0,10.0,9.0,-155.0,135.0
2020-09-27,KCR,DET,3.0,1.0,8.0,-177.0,155.0
2020-09-27,CLE,PIT,8.0,6.0,8.0,-163.0,144.0
2020-09-27,MIN,CIN,3.0,5.0,8.0,-132.0,115.0
2020-09-27,TBD,PHI,5.0,0.0,7.5,125.0,-143.0
2020-09-27,STL,MIL,5.0,2.0,8.0,-112.0,-105.0
2020-09-27,OAK,SEA,6.0,2.0,8.0,-127.0,110.0
2020-09-27,WSN,NYM,15.0,5.0,8.5,106.0,-121.0
2020-09-27,TOR,BAL,5.0,7.0,10.0,-126.0,110.0
2020-09-27,LAD,ANA,5.0,0.0,8.5,-225.0,195.0
2020-09-27,SFG,SDP,4.0,5.0,8.5,-118.0,100.0
2020-09-27,TEX,HOU,8.0,4.0,9.5,110.0,-125.0
2020-09-29,OAK,CHW,1.0,4.0,,,
2020-09-29,TBD,TOR,3.0,1.0,,,
2020-09-29,MIN,HOU,1.0,4.0,,,
2020-09-29,CLE,NYY,3.0,12.0,,,
2020-09-30,LAD,MIL,4.0,2.0,,,
2020-09-30,OAK,CHW,5.0,3.0,,,
2020-09-30,MIN,HOU,1.0,3.0,,,
2020-09-30,TBD,TOR,8.0,2.0,,,
2020-09-30,CLE,NYY,9.0,10.0,,,
2020-09-30,CHC,FLA,1.0,5.0,,,
2020-09-30,ATL,CIN,1.0,0.0,,,
2020-09-30,SDP,STL,4.0,7.0,,,
2020-10-01,SDP,STL,11.0,9.0,,,
2020-10-01,OAK,CHW,6.0,4.0,,,
2020-10-01,LAD,MIL,3.0,0.0,,,
2020-10-01,ATL,CIN,5.0,0.0,,,
2020-10-02,CHC,FLA,0.0,2.0,,,
2020-10-02,SDP,STL,4.0,0.0,,,
2020-10-05,OAK,HOU,5.0,10.0,,,
2020-10-05,TBD,NYY,3.0,9.0,,,
2020-10-06,TBD,NYY,7.0,5.0,,,
2020-10-06,LAD,SDP,5.0,1.0,,,
2020-10-06,OAK,HOU,2.0,5.0,,,
2020-10-06,ATL,FLA,9.0,5.0,,,
2020-10-07,ATL,FLA,2.0,0.0,,,
2020-10-07,NYY,TBD,4.0,8.0,,,
2020-10-07,HOU,OAK,7.0,9.0,,,
2020-10-07,LAD,SDP,6.0,5.0,,,
2020-10-08,SDP,LAD,3.0,12.0,,,
2020-10-08,NYY,TBD,5.0,1.0,,,
2020-10-08,FLA,ATL,0.0,7.0,,,
2020-10-08,HOU,OAK,11.0,6.0,,,
2020-10-09,TBD,NYY,2.0,1.0,,,
2020-10-11,TBD,HOU,2.0,1.0,8.0,-131.0,116.0
2020-10-12,LAD,ATL,1.0,5.0,8.0,-148.0,129.0
2020-10-12,TBD,HOU,4.0,2.0,8.5,-112.0,102.0
2020-10-13,LAD,ATL,7.0,8.0,8.5,-140.0,126.0
2020-10-13,HOU,TBD,2.0,5.0,8.5,-105.0,-106.0
2020-10-14,ATL,LAD,3.0,15.0,9.5,170.0,-196.0
2020-10-14,HOU,TBD,4.0,3.0,8.5,115.0,-131.0
2020-10-15,HOU,TBD,4.0,3.0,9.5,119.0,-135.0
2020-10-15,ATL,LAD,10.0,2.0,9.0,185.0,-220.0
2020-10-16,ATL,LAD,3.0,7.0,9.0,165.0,-197.0
2020-10-16,TBD,HOU,4.0,7.0,8.0,-132.0,115.0
2020-10-17,LAD,ATL,3.0,1.0,8.5,-150.0,130.0
2020-10-17,TBD,HOU,4.0,2.0,7.5,-115.0,100.0
2020-10-18,LAD,ATL,4.0,3.0,8.5,-154.0,135.0
2020-10-20,LAD,TBD,8.0,3.0,7.5,-162.0,142.0
2020-10-21,LAD,TBD,4.0,6.0,8.0,-130.0,115.0
2020-10-23,TBD,LAD,2.0,6.0,7.5,145.0,-164.0
2020-10-24,TBD,LAD,8.0,7.0,8.0,143.0,-162.0
2020-10-25,TBD,LAD,2.0,4.0,8.0,145.0,-166.0
2020-10-27,LAD,TBD,3.0,1.0,8.5,-120.0,106.0
2021-04-01,CHC,PIT,3.0,5.0,6.5,-220.0,185.0
2021-04-01,MIL,MIN,6.0,5.0,7.5,-115.0,102.0
2021-04-01,COL,LAD,8.0,5.0,11.0,186.0,-222.0
2021-04-01,DET,CLE,3.0,2.0,7.5,155.0,-182.0
2021-04-01,FLA,TBD,0.0,1.0,7.5,136.0,-158.0
2021-04-01,KCR,TEX,14.0,10.0,8.5,-160.0,137.0
2021-04-01,ANA,CHW,4.0,3.0,8.0,101.0,-125.0
2021-04-01,NYY,TOR,2.0,3.0,8.0,-195.0,165.0
2021-04-01,OAK,HOU,1.0,8.0,8.0,-105.0,-110.0
2021-04-01,PHI,ATL,3.0,2.0,7.5,-124.0,107.0
2021-04-01,SDP,ARI,8.0,7.0,8.5,-245.0,202.0
2021-04-01,SEA,SFG,8.0,7.0,8.0,105.0,-120.0
2021-04-01,CIN,STL,6.0,11.0,7.0,-128.0,110.0
2021-04-02,ANA,CHW,8.0,12.0,8.5,-120.0,-100.0
2021-04-02,BOS,BAL,0.0,3.0,9.5,-167.0,145.0
2021-04-02,COL,LAD,6.0,11.0,11.5,217.0,-257.0
2021-04-02,FLA,TBD,4.0,6.0,7.5,-114.0,-105.0
2021-04-02,OAK,HOU,5.0,9.0,8.5,-123.0,105.0
2021-04-02,SEA,SFG,3.0,6.0,8.5,-115.0,100.0
2021-04-02,SDP,ARI,4.0,2.0,7.5,-220.0,185.0
2021-04-03,KCR,TEX,11.0,4.0,9.0,-169.0,144.0
2021-04-03,ANA,CHW,5.0,3.0,9.0,105.0,-122.0
2021-04-03,DET,CLE,5.0,2.0,8.0,140.0,-164.0
2021-04-03,BOS,BAL,2.0,4.0,9.5,-177.0,149.0
2021-04-03,CHC,PIT,5.0,1.0,11.0,-167.0,145.0
2021-04-03,CIN,STL,9.0,6.0,9.0,-120.0,100.0
2021-04-03,FLA,TBD,12.0,7.0,7.5,-110.0,-109.0
2021-04-03,SEA,SFG,4.0,0.0,9.0,105.0,-121.0
2021-04-03,MIL,MIN,0.0,2.0,7.5,-132.0,114.0
2021-04-03,OAK,HOU,1.0,9.0,9.0,115.0,-134.0
2021-04-03,PHI,ATL,4.0,0.0,8.0,102.0,-117.0
2021-04-03,SDP,ARI,7.0,0.0,8.5,-215.0,175.0
2021-04-03,NYY,TOR,5.0,3.0,9.0,-172.0,145.0
2021-04-03,COL,LAD,5.0,6.0,11.5,198.0,-235.0
2021-04-04,BOS,BAL,3.0,11.0,9.5,-176.0,150.0
2021-04-04,KCR,TEX,3.0,7.0,10.0,-168.0,145.0
2021-04-04,CHC,PIT,4.0,3.0,8.5,-192.0,167.0
2021-04-04,ANA,CHW,7.0,4.0,9.0,-126.0,105.0
2021-04-04,CIN,STL,12.0,1.0,9.5,104.0,-120.0
2021-04-04,COL,LAD,2.0,4.0,11.5,185.0,-227.0
2021-04-04,DET,CLE,3.0,9.0,8.0,120.0,-137.0
2021-04-04,PHI,ATL,2.0,1.0,8.5,100.0,-120.0
2021-04-04,MIL,MIN,2.0,8.0,8.0,-112.0,-105.0
2021-04-04,OAK,HOU,2.0,9.0,8.5,-118.0,100.0
2021-04-04,SDP,ARI,1.0,3.0,9.0,-212.0,180.0
2021-04-04,NYY,TOR,1.0,3.0,9.5,-190.0,163.0
2021-04-05,ANA,HOU,7.0,6.0,10.0,-115.0,-101.0
2021-04-05,BOS,TBD,11.0,2.0,9.5,-107.0,-109.0
2021-04-05,CHC,MIL,5.0,3.0,9.5,-115.0,-101.0
2021-04-05,CIN,PIT,5.0,3.0,9.0,-159.0,135.0
2021-04-05,CLE,KCR,0.0,3.0,9.0,-136.0,116.0
2021-04-05,DET,MIN,6.0,15.0,8.5,132.0,-154.0
2021-04-05,TEX,TOR,2.0,6.0,9.5,132.0,-153.0
2021-04-05,NYY,BAL,7.0,0.0,9.5,-240.0,197.0
2021-04-05,OAK,LAD,3.0,10.0,8.5,139.0,-159.0
2021-04-05,PHI,NYM,5.0,3.0,7.5,176.0,-210.0
2021-04-05,SDP,SFG,2.0,3.0,8.0,-155.0,135.0
2021-04-05,SEA,CHW,0.0,6.0,8.0,110.0,-130.0
2021-04-05,FLA,STL,1.0,4.0,8.5,-117.0,101.0
2021-04-06,DET,MIN,4.0,3.0,9.0,130.0,-153.0
2021-04-06,NYY,BAL,7.0,2.0,8.0,-315.0,256.0
2021-04-06,ANA,HOU,2.0,4.0,9.0,-111.0,-104.0
2021-04-06,CHC,MIL,0.0,4.0,9.5,-115.0,-102.0
2021-04-06,CIN,PIT,14.0,1.0,9.0,-167.0,143.0
2021-04-06,COL,ARI,8.0,10.0,10.5,-129.0,110.0
2021-04-06,FLA,STL,2.0,4.0,7.5,-129.0,110.0
2021-04-06,PHI,NYM,4.0,8.0,9.0,111.0,-130.0
2021-04-06,OAK,LAD,1.0,5.0,8.5,150.0,-175.0
2021-04-06,SDP,SFG,3.0,1.0,8.0,-193.0,165.0
2021-04-06,SEA,CHW,4.0,10.0,7.0,135.0,-160.0
2021-04-06,TEX,TOR,7.0,4.0,9.5,117.0,-138.0
2021-04-06,WSN,ATL,6.0,5.0,7.5,-117.0,102.0
2021-04-06,BOS,TBD,6.0,5.0,9.0,144.0,-165.0
2021-04-07,OAK,LAD,4.0,3.0,7.5,143.0,-168.0
2021-04-07,CHC,MIL,2.0,4.0,8.5,-106.0,-110.0
2021-04-07,CIN,PIT,11.0,4.0,8.0,-230.0,189.0
2021-04-07,COL,ARI,8.0,0.0,11.5,105.0,-119.0
2021-04-07,DET,MIN,2.0,3.0,8.5,155.0,-179.0
2021-04-07,FLA,STL,0.0,7.0,7.0,102.0,-118.0
2021-04-07,CLE,KCR,4.0,2.0,8.0,-202.0,173.0
2021-04-07,BOS,TBD,9.0,2.0,8.5,-116.0,102.0
2021-04-07,PHI,NYM,8.0,2.0,8.5,-174.0,149.0
2021-04-07,SEA,CHW,8.0,4.0,8.5,130.0,-154.0
2021-04-07,TEX,TOR,2.0,1.0,8.5,166.0,-194.0
2021-04-07,WSN,ATL,6.0,7.0,6.5,155.0,-180.0
2021-04-07,SDP,SFG,2.0,3.0,7.0,-155.0,133.0
2021-04-07,NYY,BAL,3.0,4.0,8.5,-195.0,172.0
2021-04-08,NYM,FLA,3.0,2.0,8.5,-199.0,168.0
2021-04-08,BAL,BOS,3.0,7.0,9.0,135.0,-154.0
2021-04-08,CHW,KCR,6.0,0.0,8.0,-180.0,155.0
2021-04-08,COL,ARI,7.0,3.0,11.0,-131.0,114.0
2021-04-08,PIT,CHC,2.0,4.0,8.5,134.0,-154.0
2021-04-08,HOU,OAK,6.0,2.0,10.0,-175.0,145.0
2021-04-08,STL,MIL,3.0,1.0,7.5,125.0,-148.0
2021-04-08,TOR,ANA,5.0,7.0,10.0,-109.0,-107.0
2021-04-08,MIN,SEA,10.0,2.0,8.0,-215.0,185.0
2021-04-09,HOU,OAK,2.0,6.0,9.0,-190.0,163.0
2021-04-09,ATL,PHI,8.0,1.0,7.5,-130.0,114.0
2021-04-09,CLE,DET,4.0,1.0,9.5,-200.0,170.0
2021-04-09,LAD,WSN,1.0,0.0,8.5,-295.0,245.0
2021-04-09,SFG,COL,3.0,1.0,8.5,-162.0,140.0
2021-04-09,TBD,NYY,10.0,5.0,8.0,120.0,-140.0
2021-04-09,TOR,ANA,1.0,7.0,11.0,-109.0,-125.0
2021-04-09,TEX,SDP,0.0,3.0,9.0,170.0,-195.0
2021-04-09,ARI,CIN,5.0,6.0,9.5,130.0,-152.0
2021-04-10,ARI,CIN,8.0,3.0,9.5,110.0,-125.0
2021-04-10,ATL,PHI,5.0,4.0,8.0,-145.0,125.0
2021-04-10,BAL,BOS,4.0,6.0,9.5,113.0,-132.0
2021-04-10,CLE,DET,11.0,3.0,8.5,-167.0,143.0
2021-04-10,LAD,WSN,9.0,5.0,7.5,-180.0,151.0
2021-04-10,MIN,SEA,3.0,4.0,8.0,-190.0,170.0
2021-04-10,NYM,FLA,0.0,3.0,6.5,-290.0,235.0
2021-04-10,PIT,CHC,8.0,2.0,8.5,140.0,-166.0
2021-04-10,STL,MIL,5.0,9.0,8.0,-120.0,104.0
2021-04-10,SFG,COL,4.0,3.0,8.5,-175.0,150.0
2021-04-10,TBD,NYY,4.0,0.0,9.5,120.0,-140.0
2021-04-10,TEX,SDP,4.0,7.0,9.0,136.0,-160.0
2021-04-10,TOR,ANA,15.0,1.0,10.5,-115.0,-105.0
2021-04-10,HOU,OAK,3.0,7.0,9.0,-156.0,135.0
2021-04-11,NYM,FLA,6.0,5.0,,,
2021-04-11,ARI,CIN,7.0,0.0,9.5,-105.0,-112.0
2021-04-11,ATL,PHI,6.0,7.0,9.0,-170.0,148.0
2021-04-11,BAL,BOS,9.0,14.0,9.5,128.0,-148.0
2021-04-11,CHW,KCR,3.0,4.0,8.5,-120.0,104.0
2021-04-11,CLE,DET,5.0,2.0,9.5,-180.0,150.0
2021-04-11,MIN,SEA,6.0,8.0,8.5,-190.0,160.0
2021-04-11,PIT,CHC,7.0,1.0,8.5,123.0,-141.0
2021-04-11,SFG,COL,4.0,0.0,7.5,-129.0,112.0
2021-04-11,STL,MIL,3.0,9.0,8.5,-132.0,115.0
2021-04-11,TBD,NYY,4.0,8.0,8.5,125.0,-148.0
2021-04-11,TEX,SDP,0.0,2.0,9.0,146.0,-170.0
2021-04-11,LAD,WSN,3.0,0.0,7.5,-167.0,140.0
2021-04-12,KCR,ANA,3.0,10.0,9.0,-104.0,-115.0
2021-04-12,ATL,FLA,3.0,5.0,8.0,-140.0,119.0
2021-04-12,CHW,CLE,4.0,3.0,8.0,-128.0,110.0
2021-04-12,HOU,DET,2.0,6.0,9.0,-258.0,219.0
2021-04-12,MIL,CHC,6.0,3.0,8.5,-134.0,116.0
2021-04-12,PIT,SDP,2.0,6.0,7.5,184.0,-222.0
2021-04-12,SFG,CIN,0.0,3.0,8.5,-110.0,-107.0
2021-04-12,TBD,TEX,1.0,0.0,7.0,-210.0,178.0
2021-04-12,TOR,NYY,1.0,3.0,9.0,164.0,-191.0
2021-04-12,STL,WSN,2.0,5.0,8.5,-145.0,126.0
2021-04-12,ARI,OAK,5.0,9.0,9.5,116.0,-133.0
2021-04-13,ARI,OAK,5.0,7.0,8.5,-109.0,-110.0
2021-04-13,ATL,FLA,8.0,14.0,8.0,-165.0,140.0
2021-04-13,BAL,SEA,3.0,4.0,7.0,-134.0,115.0
2021-04-13,CHW,CLE,0.0,2.0,7.0,-115.0,-105.0
2021-04-13,HOU,DET,2.0,8.0,9.0,-190.0,165.0
2021-04-13,KCR,ANA,3.0,2.0,8.5,115.0,-135.0
2021-04-13,LAD,COL,7.0,0.0,8.0,-337.0,276.0
2021-04-13,MIL,CHC,2.0,3.0,7.5,-150.0,130.0
2021-04-13,MIN,BOS,2.0,4.0,9.0,-127.0,110.0
2021-04-13,NYM,PHI,4.0,3.0,7.0,-153.0,132.0
2021-04-13,PIT,SDP,8.0,4.0,7.5,215.0,-260.0
2021-04-13,SFG,CIN,7.0,6.0,7.5,-110.0,-105.0
2021-04-13,STL,WSN,14.0,3.0,7.5,-110.0,-108.0
2021-04-13,TBD,TEX,3.0,8.0,8.0,-172.0,147.0
2021-04-13,TOR,NYY,7.0,3.0,9.0,-115.0,105.0
2021-04-14,MIN,BOS,1.0,7.0,9.5,-140.0,120.0
2021-04-14,CHW,CLE,8.0,0.0,7.5,-115.0,-105.0
2021-04-14,HOU,DET,4.0,6.0,8.0,-192.0,160.0
2021-04-14,ATL,FLA,5.0,6.0,8.5,-265.0,210.0
2021-04-14,KCR,ANA,6.0,1.0,9.0,110.0,-130.0
2021-04-14,LAD,COL,4.0,2.0,7.5,-260.0,215.0
2021-04-14,STL,WSN,0.0,6.0,8.5,-120.0,102.0
2021-04-14,TBD,TEX,1.0,5.0,8.5,-205.0,172.0
2021-04-14,NYM,PHI,5.0,1.0,8.0,104.0,-120.0
2021-04-14,PIT,SDP,5.0,1.0,7.5,177.0,-212.0
2021-04-14,SFG,CIN,3.0,0.0,8.5,105.0,-124.0
2021-04-14,TOR,NYY,5.0,4.0,10.5,127.0,-145.0
2021-04-14,MIL,CHC,7.0,0.0,7.0,-185.0,156.0
2021-04-15,ATL,FLA,7.0,6.0,8.0,-170.0,145.0
2021-04-15,BAL,SEA,2.0,4.0,7.0,-106.0,-111.0
2021-04-15,CHW,CLE,2.0,4.0,7.5,-160.0,140.0
2021-04-15,KCR,TOR,7.0,5.0,9.5,-120.0,105.0
2021-04-15,PIT,SDP,3.0,8.0,7.5,130.0,-150.0
2021-04-15,OAK,DET,8.0,4.0,8.0,-185.0,160.0
2021-04-15,TBD,TEX,4.0,6.0,8.0,-195.0,163.0
2021-04-15,WSN,ARI,6.0,11.0,8.5,-185.0,155.0
2021-04-15,MIN,BOS,4.0,3.0,8.5,-145.0,125.0
2021-04-15,LAD,COL,7.0,5.0,7.5,-280.0,234.0
2021-04-16,CIN,CLE,10.0,3.0,9.0,-122.0,106.0
2021-04-16,FLA,SFG,4.0,1.0,8.5,120.0,-140.0
2021-04-16,OAK,DET,3.0,0.0,8.5,-200.0,170.0
2021-04-16,ANA,MIN,10.0,3.0,9.0,-135.0,115.0
2021-04-16,MIL,PIT,1.0,6.0,8.0,-149.0,129.0
2021-04-16,NYY,TBD,2.0,8.0,9.5,-170.0,143.0
2021-04-16,CHC,ATL,2.0,5.0,8.5,-114.0,-105.0
2021-04-16,PHI,STL,9.0,2.0,8.5,-145.0,125.0
2021-04-16,SEA,HOU,6.0,5.0,8.0,102.0,-112.0
2021-04-16,TEX,BAL,2.0,5.0,9.0,-129.0,110.0
2021-04-16,WSN,ARI,1.0,0.0,8.0,-200.0,166.0
2021-04-16,SDP,LAD,6.0,11.0,8.0,130.0,-150.0
2021-04-17,COL,NYM,7.0,2.0,9.5,225.0,-275.0
2021-04-17,KCR,TOR,1.0,5.0,6.5,-106.0,-109.0
2021-04-17,FLA,SFG,7.0,6.0,7.5,-135.0,115.0
2021-04-17,MIL,PIT,7.0,1.0,8.5,-136.0,115.0
2021-04-17,CIN,CLE,3.0,2.0,8.0,-140.0,120.0
2021-04-17,CHC,ATL,13.0,4.0,7.5,101.0,-118.0
2021-04-17,BOS,CHW,7.0,4.0,9.0,-132.0,113.0
2021-04-17,PHI,STL,4.0,9.0,8.5,-108.0,-108.0
2021-04-17,SDP,LAD,0.0,2.0,7.0,-102.0,-117.0
2021-04-17,SEA,HOU,0.0,1.0,8.5,115.0,-131.0
2021-04-17,TEX,BAL,1.0,6.0,8.5,-140.0,120.0
2021-04-17,WSN,ARI,6.0,2.0,8.5,-117.0,-100.0
2021-04-17,OAK,DET,7.0,0.0,9.0,-134.0,115.0
2021-04-17,NYY,TBD,3.0,6.0,7.5,-113.0,-104.0
2021-04-18,COL,NYM,1.0,2.0,11.0,162.0,-186.0
2021-04-18,KCR,TOR,2.0,0.0,8.5,-119.0,100.0
2021-04-18,MIL,PIT,5.0,6.0,7.5,-202.0,172.0
2021-04-18,BOS,CHW,2.0,3.0,7.0,-111.0,-106.0
2021-04-18,CHC,ATL,4.0,13.0,9.0,-146.0,125.0
2021-04-18,CIN,CLE,3.0,6.0,7.0,143.0,-163.0
2021-04-18,FLA,SFG,0.0,1.0,8.0,-146.0,125.0
2021-04-18,SDP,LAD,5.0,2.0,7.5,115.0,-132.0
2021-04-18,OAK,DET,3.0,2.0,8.5,-157.0,136.0
2021-04-18,PHI,STL,2.0,0.0,8.0,-180.0,154.0
2021-04-18,SEA,HOU,7.0,2.0,9.0,114.0,-133.0
2021-04-18,TEX,BAL,1.0,0.0,7.5,-105.0,-112.0
2021-04-18,WSN,ARI,2.0,5.0,9.0,-155.0,133.0
2021-04-18,NYY,TBD,2.0,4.0,7.5,-245.0,205.0
2021-04-19,SDP,MIL,1.0,3.0,6.5,-170.0,148.0
2021-04-19,ANA,TEX,4.0,6.0,8.5,-222.0,190.0
2021-04-19,BOS,CHW,11.0,4.0,7.5,-105.0,-113.0
2021-04-19,KCR,TBD,1.0,4.0,7.5,-115.0,-101.0
2021-04-19,WSN,STL,5.0,12.0,8.0,-105.0,-115.0
2021-04-19,SEA,LAD,4.0,3.0,8.5,182.0,-215.0
2021-04-19,PHI,SFG,0.0,2.0,8.5,-106.0,-110.0
2021-04-20,CLE,CHW,5.0,8.0,7.0,-105.0,-115.0
2021-04-20,KCR,TBD,7.0,14.0,8.0,-105.0,-112.0
2021-04-20,ANA,TEX,6.0,2.0,8.5,-195.0,165.0
2021-04-20,BOS,TOR,4.0,2.0,8.0,-109.0,-110.0
2021-04-20,CHC,NYM,3.0,1.0,7.5,112.0,-128.0
2021-04-20,CIN,ARI,4.0,5.0,,,
2021-04-20,COL,HOU,6.0,2.0,10.5,105.0,-120.0
2021-04-20,WSN,STL,3.0,2.0,9.0,-115.0,-101.0
2021-04-20,OAK,MIN,7.0,0.0,6.5,-120.0,105.0
2021-04-20,NYY,ATL,3.0,1.0,8.5,-125.0,108.0
2021-04-20,PHI,SFG,7.0,10.0,8.5,-148.0,128.0
2021-04-20,SDP,MIL,0.0,6.0,6.5,-103.0,-114.0
2021-04-20,SEA,LAD,0.0,1.0,8.0,165.0,-195.0
2021-04-20,FLA,BAL,5.0,7.0,8.5,-120.0,103.0
2021-04-21,FLA,BAL,3.0,0.0,7.5,-166.0,143.0
2021-04-21,BOS,TOR,3.0,6.0,10.0,-130.0,110.0
2021-04-21,ANA,TEX,4.0,7.0,9.0,-180.0,155.0
2021-04-21,CIN,ARI,5.0,8.0,7.5,-149.0,130.0
2021-04-21,COL,HOU,6.0,3.0,10.0,125.0,-145.0
2021-04-21,DET,PIT,2.0,3.0,8.0,-125.0,109.0
2021-04-21,CHC,NYM,16.0,4.0,7.5,110.0,-130.0
2021-04-21,KCR,TBD,9.0,8.0,8.0,-107.0,-109.0
2021-04-21,OAK,MIN,13.0,12.0,7.5,-114.0,-103.0
2021-04-21,PHI,SFG,6.0,5.0,8.0,-125.0,108.0
2021-04-21,WSN,STL,1.0,0.0,7.5,-168.0,145.0
2021-04-21,NYY,ATL,1.0,4.0,8.5,-145.0,125.0
2021-04-21,SDP,MIL,2.0,4.0,7.5,-200.0,170.0
2021-04-22,BOS,SEA,3.0,7.0,9.5,-175.0,150.0
2021-04-22,CHC,NYM,4.0,3.0,9.5,-115.0,-105.0
2021-04-22,CIN,ARI,11.0,14.0,8.5,-143.0,128.0
2021-04-22,CLE,NYY,3.0,6.0,8.0,-110.0,-105.0
2021-04-22,HOU,ANA,8.0,2.0,9.0,-130.0,110.0
2021-04-22,LAD,SDP,2.0,3.0,7.5,-175.0,150.0
2021-04-22,SFG,FLA,3.0,0.0,8.0,-150.0,125.0
2021-04-22,DET,PIT,2.0,4.0,8.5,-119.0,102.0
2021-04-23,CLE,NYY,3.0,5.0,8.5,145.0,-167.0
2021-04-23,HOU,ANA,5.0,4.0,8.0,-165.0,144.0
2021-04-23,ATL,ARI,5.0,4.0,8.5,-159.0,140.0
2021-04-23,BAL,OAK,1.0,3.0,9.5,110.0,-129.0
2021-04-23,BOS,SEA,6.0,5.0,9.0,-146.0,130.0
2021-04-23,CHC,MIL,15.0,2.0,9.0,-160.0,136.0
2021-04-23,COL,PHI,5.0,4.0,10.5,-128.0,110.0
2021-04-23,LAD,SDP,1.0,6.0,6.5,-149.0,130.0
2021-04-23,CHW,TEX,9.0,7.0,8.0,-145.0,129.0
2021-04-23,DET,KCR,2.0,6.0,8.5,-102.0,-118.0
2021-04-23,MIN,PIT,2.0,0.0,8.0,-155.0,138.0
2021-04-23,NYM,WSN,6.0,0.0,7.0,-300.0,245.0
2021-04-23,SFG,FLA,5.0,3.0,7.0,-140.0,120.0
2021-04-23,STL,CIN,5.0,4.0,8.0,-113.0,-107.0
2021-04-23,TBD,TOR,3.0,5.0,7.0,-162.0,140.0
2021-04-24,BOS,SEA,2.0,8.0,9.0,-201.0,175.0
2021-04-24,CHC,MIL,3.0,4.0,7.5,-109.0,-109.0
2021-04-24,BAL,OAK,2.0,7.0,9.5,145.0,-168.0
2021-04-24,CLE,NYY,1.0,2.0,6.5,-105.0,-120.0
2021-04-24,COL,PHI,5.0,7.0,9.5,155.0,-177.0
2021-04-24,DET,KCR,1.0,2.0,8.0,-102.0,-117.0
2021-04-24,HOU,ANA,16.0,2.0,8.5,-150.0,130.0
2021-04-24,LAD,SDP,5.0,4.0,7.0,-150.0,128.0
2021-04-24,NYM,WSN,1.0,7.0,8.0,-195.0,170.0
2021-04-24,SFG,FLA,2.0,5.0,7.0,-160.0,136.0
2021-04-24,STL,CIN,2.0,0.0,8.5,-115.0,-105.0
2021-04-24,TBD,TOR,5.0,3.0,8.5,-140.0,122.0
2021-04-24,MIN,PIT,2.0,6.0,8.0,-225.0,185.0
2021-04-24,CHW,TEX,2.0,1.0,7.5,-172.0,145.0
2021-04-25,COL,PHI,12.0,2.0,11.5,-113.0,-105.0
2021-04-25,ATL,ARI,0.0,5.0,6.5,-130.0,113.0
2021-04-25,BAL,OAK,8.0,1.0,8.0,110.0,-130.0
2021-04-25,BOS,SEA,5.0,3.0,8.5,-200.0,170.0
2021-04-25,CHC,MIL,0.0,6.0,6.5,120.0,-136.0
2021-04-25,CHW,TEX,8.0,4.0,7.5,-182.0,155.0
2021-04-25,CLE,NYY,7.0,3.0,8.0,110.0,-130.0
2021-04-25,HOU,ANA,2.0,4.0,8.5,-145.0,125.0
2021-04-25,LAD,SDP,7.0,8.0,7.0,-127.0,110.0
2021-04-25,MIN,PIT,2.0,6.0,8.5,-195.0,167.0
2021-04-25,NYM,WSN,4.0,0.0,7.5,-150.0,130.0
2021-04-25,SFG,FLA,4.0,3.0,8.0,-165.0,141.0
2021-04-25,STL,CIN,5.0,2.0,7.0,-125.0,110.0
2021-04-25,TBD,TOR,0.0,1.0,7.5,104.0,-120.0
2021-04-25,DET,KCR,0.0,4.0,8.5,-100.0,-117.0
2021-04-26,ATL,CHC,8.0,7.0,8.5,-215.0,180.0
2021-04-26,BAL,NYY,4.0,2.0,9.0,145.0,-170.0
2021-04-26,CLE,MIN,5.0,3.0,8.0,108.0,-125.0
2021-04-26,DET,KCR,2.0,3.0,7.5,-112.0,-105.0
2021-04-26,HOU,SEA,5.0,2.0,9.0,-180.0,155.0
2021-04-26,SFG,COL,12.0,0.0,7.5,-175.0,148.0
2021-04-26,MIL,FLA,0.0,8.0,6.0,-170.0,145.0
2021-04-26,TBD,OAK,1.0,2.0,8.5,-105.0,-115.0
2021-04-26,TEX,ANA,4.0,9.0,9.0,138.0,-162.0
2021-04-26,STL,PHI,1.0,2.0,8.5,-110.0,-110.0
2021-04-26,LAD,CIN,3.0,5.0,7.0,-190.0,164.0
2021-04-27,ARI,SDP,5.0,1.0,9.0,135.0,-150.0
2021-04-27,BAL,NYY,1.0,5.0,10.0,155.0,-180.0
2021-04-27,CHW,DET,2.0,5.0,8.0,-263.0,215.0
2021-04-27,CLE,MIN,7.0,4.0,8.5,101.0,-115.0
2021-04-27,HOU,SEA,2.0,0.0,8.5,-200.0,175.0
2021-04-27,LAD,CIN,5.0,6.0,7.5,-280.0,234.0
2021-04-27,MIL,FLA,5.0,4.0,8.0,-150.0,131.0
2021-04-27,ATL,CHC,5.0,0.0,8.5,-165.0,144.0
2021-04-27,PIT,KCR,2.0,1.0,8.0,-117.0,102.0
2021-04-27,SFG,COL,5.0,7.0,8.0,-170.0,145.0
2021-04-27,STL,PHI,5.0,2.0,8.5,-105.0,-112.0
2021-04-27,TBD,OAK,4.0,3.0,8.5,-115.0,102.0
2021-04-27,TEX,ANA,6.0,1.0,9.0,140.0,-160.0
2021-04-27,TOR,WSN,9.0,5.0,8.5,102.0,-120.0
2021-04-27,NYM,BOS,1.0,2.0,8.5,-150.0,130.0
2021-04-28,ATL,CHC,10.0,0.0,8.5,-136.0,120.0
2021-04-28,NYM,BOS,0.0,1.0,7.0,-286.0,235.0
2021-04-28,ARI,SDP,3.0,12.0,9.0,135.0,-160.0
2021-04-28,BAL,NYY,0.0,7.0,9.5,130.0,-150.0
2021-04-28,CLE,MIN,2.0,10.0,9.5,107.0,-125.0
2021-04-28,HOU,SEA,7.0,5.0,8.5,-215.0,180.0
2021-04-28,LAD,CIN,8.0,0.0,7.5,-215.0,185.0
2021-04-28,TOR,WSN,2.0,8.0,9.5,-180.0,155.0
2021-04-28,PIT,KCR,6.0,9.0,8.0,110.0,-127.0
2021-04-28,SFG,COL,7.0,3.0,7.0,-143.0,125.0
2021-04-28,STL,PHI,3.0,5.0,8.5,-110.0,-109.0
2021-04-28,TBD,OAK,2.0,0.0,7.5,-180.0,155.0
2021-04-28,TEX,ANA,3.0,4.0,8.5,110.0,-129.0
2021-04-28,MIL,FLA,2.0,6.0,7.5,103.0,-120.0
2021-04-29,BAL,NYY,4.0,3.0,9.0,160.0,-182.0
2021-04-29,ARI,COL,5.0,3.0,9.0,-130.0,113.0
2021-04-29,ATL,CHC,3.0,9.0,9.0,-132.0,114.0
2021-04-29,HOU,SEA,0.0,1.0,9.0,-165.0,145.0
2021-04-29,CHW,DET,3.0,1.0,6.0,-210.0,180.0
2021-04-29,STL,PHI,4.0,3.0,6.5,105.0,-119.0
2021-04-29,TBD,OAK,2.0,3.0,8.0,-115.0,-105.0
2021-04-29,TEX,BOS,4.0,1.0,9.0,-104.0,-113.0
2021-04-29,MIL,LAD,2.0,1.0,7.5,185.0,-220.0
2021-04-30,ARI,COL,7.0,2.0,8.5,-129.0,110.0
2021-04-30,PIT,STL,3.0,7.0,7.5,-118.0,104.0
2021-04-30,CHW,CLE,3.0,5.0,6.5,125.0,-145.0
2021-04-30,CIN,CHC,8.0,6.0,9.0,-125.0,107.0
2021-04-30,MIN,KCR,9.0,1.0,7.5,-143.0,125.0
2021-04-30,NYY,DET,10.0,0.0,7.5,-425.0,335.0
2021-04-30,PHI,NYM,2.0,1.0,8.5,145.0,-167.0
2021-04-30,OAK,BAL,2.0,3.0,7.5,-135.0,116.0
2021-04-30,SDP,SFG,3.0,2.0,7.5,-200.0,170.0
2021-04-30,SEA,ANA,7.0,4.0,8.0,135.0,-155.0
2021-04-30,TBD,HOU,2.0,9.0,7.5,110.0,-130.0
2021-04-30,TEX,BOS,1.0,6.0,8.5,140.0,-164.0
2021-04-30,TOR,ATL,13.0,5.0,10.5,-130.0,112.0
2021-04-30,WSN,FLA,2.0,1.0,8.0,112.0,-130.0
2021-04-30,MIL,LAD,3.0,1.0,7.5,-113.0,-105.0
2021-05-01,OAK,BAL,4.0,8.0,8.0,-192.0,165.0
2021-05-01,ARI,COL,6.0,14.0,8.0,-182.0,155.0
2021-05-01,CHW,CLE,7.0,3.0,8.5,-184.0,155.0
2021-05-01,CIN,CHC,2.0,3.0,9.0,-156.0,137.0
2021-05-01,MIL,LAD,6.0,5.0,7.0,112.0,-130.0
2021-05-01,MIN,KCR,3.0,11.0,9.0,-145.0,126.0
2021-05-01,PHI,NYM,4.0,5.0,7.5,-110.0,-110.0
2021-05-01,WSN,FLA,7.0,2.0,8.5,-152.0,130.0
2021-05-01,SDP,SFG,6.0,2.0,7.0,-180.0,150.0
2021-05-01,SEA,ANA,5.0,10.0,8.5,118.0,-137.0
2021-05-01,TBD,HOU,1.0,3.0,8.5,102.0,-115.0
2021-05-01,TEX,BOS,8.0,6.0,8.5,155.0,-180.0
2021-05-01,TOR,ATL,6.0,5.0,10.5,120.0,-136.0
2021-05-01,PIT,STL,5.0,12.0,7.5,139.0,-160.0
2021-05-01,NYY,DET,6.0,4.0,8.5,-235.0,195.0
2021-05-02,ARI,COL,8.0,4.0,9.0,-148.0,126.0
2021-05-02,MIL,LAD,4.0,16.0,8.5,170.0,-200.0
2021-05-02,SEA,ANA,2.0,0.0,8.0,138.0,-160.0
2021-05-02,CHW,CLE,0.0,5.0,8.5,-165.0,140.0
2021-05-02,MIN,KCR,13.0,4.0,8.5,-217.0,186.0
2021-05-02,PHI,NYM,7.0,8.0,9.0,-125.0,108.0
2021-05-02,CIN,CHC,13.0,12.0,8.5,-172.0,145.0
2021-05-02,NYY,DET,2.0,0.0,9.0,-247.0,208.0
2021-05-02,TOR,ATL,7.0,2.0,10.5,113.0,-130.0
2021-05-02,TEX,BOS,5.0,3.0,9.0,108.0,-125.0
2021-05-02,PIT,STL,0.0,3.0,8.5,115.0,-134.0
2021-05-02,SDP,SFG,1.0,7.0,6.5,-179.0,157.0
2021-05-02,TBD,HOU,5.0,4.0,8.0,110.0,-130.0
2021-05-02,OAK,BAL,7.0,5.0,8.5,-210.0,180.0
2021-05-02,WSN,FLA,3.0,1.0,7.0,-162.0,141.0
2021-05-03,ANA,TBD,3.0,7.0,8.0,133.0,-155.0
2021-05-03,KCR,CLE,6.0,8.0,8.5,-101.0,-115.0
2021-05-03,MIN,TEX,6.0,5.0,8.5,-185.0,160.0
2021-05-03,OAK,TOR,5.0,4.0,8.5,-120.0,105.0
2021-05-03,PHI,MIL,4.0,3.0,8.5,-104.0,-113.0
2021-05-03,SEA,BAL,3.0,5.0,8.5,-130.0,110.0
2021-05-03,STL,NYM,6.0,5.0,8.5,-129.0,110.0
2021-05-03,SDP,PIT,2.0,0.0,8.0,-186.0,160.0
2021-05-04,BOS,DET,11.0,7.0,8.5,-180.0,155.0
2021-05-04,CHC,LAD,7.0,1.0,9.0,157.0,-185.0
2021-05-04,ANA,TBD,3.0,8.0,8.5,-115.0,-105.0
2021-05-04,COL,SFG,4.0,12.0,7.5,-129.0,110.0
2021-05-04,FLA,ARI,9.0,3.0,7.5,-145.0,127.0
2021-05-04,CIN,CHW,0.0,9.0,9.5,-112.0,-105.0
2021-05-04,MIN,TEX,3.0,6.0,8.5,-159.0,140.0
2021-05-04,OAK,TOR,4.0,1.0,8.5,-125.0,105.0
2021-05-04,SDP,PIT,1.0,2.0,7.5,-250.0,210.0
2021-05-04,SEA,BAL,5.0,2.0,8.5,-128.0,110.0
2021-05-04,WSN,ATL,1.0,6.0,9.0,115.0,-134.0
2021-05-04,NYY,HOU,7.0,3.0,8.5,-122.0,105.0
2021-05-04,KCR,CLE,3.0,7.0,9.0,-143.0,124.0
2021-05-04,PHI,MIL,6.0,5.0,7.5,-167.0,145.0
2021-05-05,CIN,CHW,1.0,0.0,8.0,-131.0,115.0
2021-05-05,BOS,DET,5.0,6.0,9.0,-180.0,160.0
2021-05-05,CHC,LAD,6.0,5.0,7.5,150.0,-175.0
2021-05-05,COL,SFG,6.0,5.0,10.0,-114.0,-103.0
2021-05-05,NYY,HOU,6.0,3.0,9.5,-136.0,120.0
2021-05-05,ANA,TBD,1.0,3.0,8.5,-108.0,-110.0
2021-05-05,KCR,CLE,4.0,5.0,7.0,143.0,-162.0
2021-05-05,FLA,ARI,8.0,0.0,7.5,-110.0,-105.0
2021-05-05,OAK,TOR,4.0,9.0,8.0,-139.0,120.0
2021-05-05,MIN,TEX,1.0,3.0,8.5,-185.0,163.0
2021-05-05,PHI,MIL,5.0,4.0,7.5,115.0,-136.0
2021-05-05,SDP,PIT,4.0,2.0,6.5,-225.0,190.0
2021-05-05,SEA,BAL,0.0,6.0,7.5,-115.0,-103.0
2021-05-05,STL,NYM,4.0,1.0,6.0,-104.0,-117.0
2021-05-05,WSN,ATL,3.0,5.0,8.5,115.0,-130.0
2021-05-06,ANA,TBD,3.0,8.0,8.5,-150.0,130.0
2021-05-06,NYY,HOU,4.0,7.0,7.5,-200.0,170.0
2021-05-06,BOS,DET,12.0,9.0,8.0,-205.0,175.0
2021-05-06,KCR,CLE,0.0,4.0,8.0,-136.0,120.0
2021-05-06,MIN,TEX,3.0,4.0,8.5,-175.0,150.0
2021-05-06,FLA,ARI,3.0,1.0,7.5,-139.0,122.0
2021-05-06,OAK,TOR,4.0,10.0,8.5,120.0,-140.0
2021-05-06,STL,NYM,1.0,4.0,8.0,-105.0,-110.0
2021-05-06,PHI,MIL,2.0,0.0,6.5,108.0,-125.0
2021-05-06,WSN,ATL,2.0,3.0,9.0,-104.0,-112.0
2021-05-07,ANA,LAD,9.0,2.0,8.5,147.0,-171.0
2021-05-07,ATL,PHI,2.0,12.0,8.0,-146.0,126.0
2021-05-07,HOU,TOR,10.0,4.0,9.5,-146.0,125.0
2021-05-07,BAL,BOS,2.0,6.0,9.0,135.0,-152.0
2021-05-07,CHC,PIT,3.0,2.0,7.5,-152.0,130.0
2021-05-07,CLE,CIN,0.0,3.0,8.0,-143.0,125.0
2021-05-07,DET,MIN,3.0,7.0,9.0,128.0,-148.0
2021-05-07,FLA,MIL,6.0,1.0,6.5,-135.0,115.0
2021-05-07,STL,COL,5.0,0.0,7.5,-230.0,190.0
2021-05-07,KCR,CHW,0.0,3.0,8.5,130.0,-150.0
2021-05-07,NYY,WSN,4.0,11.0,9.0,-185.0,158.0
2021-05-07,OAK,TBD,2.0,1.0,7.5,-130.0,112.0
2021-05-07,SFG,SDP,5.0,4.0,7.5,125.0,-143.0
2021-05-07,TEX,SEA,4.0,5.0,8.5,-121.0,105.0
2021-05-07,NYM,ARI,5.0,4.0,7.0,-130.0,115.0
2021-05-08,ANA,LAD,11.0,14.0,8.0,130.0,-152.0
2021-05-08,HOU,TOR,4.0,8.0,9.0,-150.0,130.0
2021-05-08,ATL,PHI,8.0,7.0,9.0,-160.0,140.0
2021-05-08,BAL,BOS,6.0,11.0,9.0,123.0,-143.0
2021-05-08,CHC,PIT,3.0,2.0,8.0,-200.0,170.0
2021-05-08,CLE,CIN,9.0,2.0,8.0,-120.0,101.0
2021-05-08,FLA,MIL,2.0,6.0,7.5,107.0,-125.0
2021-05-08,DET,MIN,7.0,3.0,7.5,160.0,-182.0
2021-05-08,KCR,CHW,1.0,9.0,9.0,145.0,-170.0
2021-05-08,NYY,WSN,4.0,3.0,8.0,-116.0,100.0
2021-05-08,SFG,SDP,7.0,1.0,7.0,115.0,-135.0
2021-05-08,STL,COL,9.0,8.0,7.5,-192.0,163.0
2021-05-08,TEX,SEA,9.0,8.0,9.5,-110.0,-110.0
2021-05-08,NYM,ARI,4.0,2.0,8.0,-150.0,130.0
2021-05-08,OAK,TBD,6.0,3.0,7.5,115.0,-135.0
2021-05-09,KCR,CHW,3.0,9.0,7.5,126.0,-145.0
2021-05-09,ANA,LAD,2.0,1.0,9.0,165.0,-194.0
2021-05-09,ATL,PHI,6.0,1.0,8.0,-110.0,-105.0
2021-05-09,BAL,BOS,3.0,4.0,9.0,120.0,-138.0
2021-05-09,CHC,PIT,5.0,6.0,6.0,-166.0,144.0
2021-05-09,FLA,MIL,1.0,2.0,7.0,-145.0,125.0
2021-05-09,HOU,TOR,7.0,4.0,9.0,-161.0,138.0
2021-05-09,NYY,WSN,3.0,2.0,9.0,-153.0,132.0
2021-05-09,NYM,ARI,4.0,2.0,6.5,-315.0,260.0
2021-05-09,SFG,SDP,1.0,11.0,8.0,115.0,-130.0
2021-05-09,STL,COL,2.0,0.0,7.0,-159.0,135.0
2021-05-09,TEX,SEA,10.0,2.0,8.0,-140.0,120.0
2021-05-09,OAK,TBD,3.0,4.0,7.5,-121.0,105.0
2021-05-10,ARI,FLA,5.0,2.0,9.0,-125.0,108.0
2021-05-10,HOU,ANA,4.0,5.0,9.5,-182.0,155.0
2021-05-10,BAL,BOS,4.0,1.0,9.5,115.0,-132.0
2021-05-10,SFG,TEX,3.0,1.0,7.0,-143.0,125.0
2021-05-10,PIT,CIN,1.0,14.0,7.5,140.0,-164.0
2021-05-11,DET,KCR,8.0,7.0,8.0,115.0,-133.0
2021-05-11,HOU,ANA,5.0,1.0,8.5,-150.0,130.0
2021-05-11,WSN,PHI,2.0,6.0,9.0,-125.0,110.0
2021-05-11,MIL,STL,1.0,6.0,7.0,-130.0,112.0
2021-05-11,SFG,TEX,4.0,2.0,8.5,-148.0,126.0
2021-05-11,PIT,CIN,7.0,2.0,7.5,-125.0,108.0
2021-05-11,NYM,BAL,3.0,2.0,6.5,-160.0,140.0
2021-05-11,LAD,SEA,6.0,4.0,7.5,-235.0,198.0
2021-05-11,TBD,NYY,1.0,3.0,8.0,105.0,-121.0
2021-05-11,COL,SDP,1.0,8.0,9.5,148.0,-170.0
2021-05-11,CLE,CHC,3.0,2.0,7.0,-190.0,164.0
2021-05-11,CHW,MIN,9.0,3.0,7.5,-115.0,-101.0
2021-05-11,BOS,OAK,2.0,3.0,8.5,-128.0,110.0
2021-05-11,ATL,TOR,3.0,5.0,9.5,-105.0,-110.0
2021-05-11,ARI,FLA,11.0,3.0,8.0,-115.0,-104.0
2021-05-12,CHW,MIN,13.0,8.0,8.0,-135.0,115.0
2021-05-12,CLE,CHC,2.0,1.0,8.5,-135.0,116.0
2021-05-12,BOS,OAK,1.0,4.0,9.5,-155.0,135.0
2021-05-12,COL,SDP,3.0,5.0,6.5,133.0,-155.0
2021-05-12,ATL,TOR,1.0,4.0,8.0,-115.0,104.0
2021-05-12,DET,KCR,4.0,2.0,8.0,130.0,-150.0
2021-05-12,ARI,FLA,2.0,3.0,9.0,-127.0,110.0
2021-05-12,WSN,PHI,2.0,5.0,8.0,115.0,-135.0
2021-05-12,MIL,STL,4.0,1.0,7.5,-185.0,159.0
2021-05-12,LAD,SEA,7.0,1.0,8.0,-270.0,230.0
2021-05-12,HOU,ANA,9.0,1.0,8.5,-168.0,144.0
2021-05-12,NYM,BAL,7.0,1.0,7.5,-186.0,160.0
2021-05-12,PIT,CIN,1.0,5.0,7.5,150.0,-175.0
2021-05-12,TBD,NYY,0.0,1.0,7.0,170.0,-200.0
2021-05-13,DET,KCR,4.0,3.0,9.0,-110.0,-105.0
2021-05-13,ARI,FLA,1.0,5.0,8.5,110.0,-125.0
2021-05-13,ATL,TOR,4.0,8.0,8.5,-167.0,144.0
2021-05-13,BOS,OAK,8.0,1.0,9.0,-113.0,-104.0
2021-05-13,CHW,MIN,4.0,2.0,7.5,-128.0,110.0
2021-05-13,HOU,TEX,4.0,3.0,9.0,-220.0,184.0
2021-05-13,COL,CIN,13.0,8.0,11.5,138.0,-160.0
2021-05-13,PIT,SFG,1.0,3.0,7.5,135.0,-155.0
2021-05-13,SEA,CLE,2.0,4.0,7.5,105.0,-124.0
2021-05-13,TBD,NYY,9.0,1.0,8.0,105.0,-121.0
2021-05-13,WSN,PHI,5.0,1.0,8.0,-108.0,-109.0
2021-05-13,MIL,STL,0.0,2.0,6.5,-143.0,125.0
2021-05-14,DET,CHC,2.0,4.0,9.0,126.0,-148.0
2021-05-14,BAL,NYY,4.0,5.0,8.5,150.0,-176.0
2021-05-14,LAD,FLA,9.0,6.0,6.5,-245.0,200.0
2021-05-14,BOS,ANA,4.0,3.0,9.5,-115.0,-104.0
2021-05-14,ARI,WSN,2.0,17.0,9.0,170.0,-200.0
2021-05-14,CHW,KCR,2.0,6.0,8.5,-137.0,115.0
2021-05-14,COL,CIN,9.0,6.0,10.5,-106.0,-108.0
2021-05-14,HOU,TEX,10.0,4.0,9.0,-225.0,193.0
2021-05-14,TOR,PHI,1.0,5.0,10.5,-155.0,132.0
2021-05-14,MIL,ATL,3.0,6.0,7.5,-139.0,120.0
2021-05-14,PIT,SFG,3.0,2.0,7.5,168.0,-195.0
2021-05-14,SDP,STL,5.0,4.0,7.0,-184.0,154.0
2021-05-14,SEA,CLE,7.0,3.0,7.5,-102.0,-118.0
2021-05-14,MIN,OAK,1.0,6.0,9.0,-109.0,-107.0
2021-05-14,TBD,NYM,3.0,2.0,6.5,-160.0,138.0
2021-05-15,DET,CHC,9.0,8.0,9.0,135.0,-155.0
2021-05-15,MIL,ATL,1.0,5.0,8.0,-105.0,-115.0
2021-05-15,ARI,WSN,11.0,4.0,10.0,110.0,-127.0
2021-05-15,BAL,NYY,2.0,8.0,8.5,145.0,-170.0
2021-05-15,BOS,ANA,9.0,0.0,10.0,102.0,-118.0
2021-05-15,CHW,KCR,1.0,5.0,7.5,-210.0,174.0
2021-05-15,COL,CIN,5.0,6.0,11.0,155.0,-180.0
2021-05-15,HOU,TEX,6.0,5.0,8.5,-162.0,141.0
2021-05-15,MIN,OAK,5.0,4.0,8.5,-140.0,120.0
2021-05-15,PIT,SFG,8.0,6.0,7.5,106.0,-124.0
2021-05-15,SDP,STL,13.0,3.0,7.0,-120.0,-105.0
2021-05-15,SEA,CLE,7.0,3.0,8.5,-105.0,-110.0
2021-05-15,TBD,NYM,12.0,5.0,7.5,-152.0,132.0
2021-05-15,TOR,PHI,4.0,0.0,10.0,125.0,-148.0
2021-05-15,LAD,FLA,7.0,0.0,7.5,-285.0,230.0
2021-05-16,BOS,ANA,5.0,6.0,9.5,-161.0,140.0
2021-05-16,MIL,ATL,10.0,9.0,7.0,-140.0,120.0
2021-05-16,ARI,WSN,0.0,3.0,9.0,-110.0,-108.0
2021-05-16,BAL,NYY,10.0,6.0,9.0,144.0,-167.0
2021-05-16,CHW,KCR,4.0,3.0,8.5,-180.0,150.0
2021-05-16,DET,CHC,1.0,5.0,8.0,130.0,-145.0
2021-05-16,LAD,FLA,2.0,3.0,7.5,-150.0,130.0
2021-05-16,HOU,TEX,6.0,2.0,7.5,-177.0,153.0
2021-05-16,MIN,OAK,6.0,7.0,8.5,-116.0,104.0
2021-05-16,SDP,STL,5.0,3.0,7.5,-118.0,101.0
2021-05-16,SEA,CLE,3.0,2.0,7.5,180.0,-210.0
2021-05-16,TBD,NYM,7.0,1.0,7.5,-108.0,-108.0
2021-05-16,TOR,PHI,10.0,8.0,10.0,-205.0,175.0
2021-05-16,PIT,SFG,1.0,4.0,7.5,153.0,-180.0
2021-05-16,COL,CIN,6.0,7.0,11.0,-108.0,-110.0
2021-05-17,ANA,CLE,7.0,4.0,9.5,-137.0,121.0
2021-05-17,ATL,NYM,1.0,3.0,8.0,-171.0,146.0
2021-05-17,CHC,WSN,7.0,3.0,8.0,-160.0,140.0
2021-05-17,CIN,SFG,3.0,6.0,8.0,-139.0,120.0
2021-05-17,TEX,NYY,5.0,2.0,7.5,230.0,-275.0
2021-05-17,SDP,COL,7.0,0.0,6.5,-230.0,196.0
2021-05-17,SEA,DET,1.0,4.0,7.5,-185.0,156.0
2021-05-17,LAD,ARI,3.0,1.0,7.0,-225.0,190.0
2021-05-17,MIN,CHW,4.0,16.0,9.5,-115.0,-101.0
2021-05-18,CHC,WSN,6.0,3.0,9.0,-108.0,-108.0
2021-05-18,OAK,HOU,6.0,5.0,8.0,104.0,-118.0
2021-05-18,BAL,TBD,6.0,13.0,9.0,136.0,-155.0
2021-05-18,LAD,ARI,9.0,1.0,7.5,-277.0,227.0
2021-05-18,CIN,SFG,2.0,4.0,8.0,-121.0,105.0
2021-05-18,KCR,MIL,2.0,0.0,7.5,155.0,-175.0
2021-05-18,ANA,CLE,5.0,6.0,7.5,-115.0,103.0
2021-05-18,MIN,CHW,5.0,4.0,8.5,130.0,-148.0
2021-05-18,ATL,NYM,3.0,4.0,8.5,-153.0,135.0
2021-05-18,PHI,FLA,8.0,3.0,7.5,-184.0,162.0
2021-05-18,SEA,DET,0.0,5.0,8.0,-120.0,104.0
2021-05-18,STL,PIT,5.0,2.0,7.5,-124.0,107.0
2021-05-18,TEX,NYY,4.0,7.0,8.5,134.0,-154.0
2021-05-18,TOR,BOS,8.0,0.0,9.0,-133.0,116.0
2021-05-18,SDP,COL,2.0,1.0,7.0,-230.0,194.0
2021-05-19,MIN,CHW,1.0,2.0,9.0,107.0,-125.0
2021-05-19,ATL,NYM,5.0,4.0,7.5,-205.0,175.0
2021-05-19,BAL,TBD,7.0,9.0,8.0,-110.0,-105.0
2021-05-19,CHC,WSN,3.0,4.0,9.0,142.0,-165.0
2021-05-19,CIN,SFG,0.0,4.0,8.5,-102.0,-120.0
2021-05-19,KCR,MIL,6.0,4.0,7.5,170.0,-200.0
2021-05-19,LAD,ARI,4.0,2.0,7.5,-330.0,265.0
2021-05-19,ANA,CLE,2.0,3.0,8.5,-125.0,105.0
2021-05-19,OAK,HOU,1.0,8.0,8.5,106.0,-122.0
2021-05-19,PHI,FLA,1.0,3.0,7.5,-125.0,106.0
2021-05-19,SDP,COL,3.0,0.0,8.0,-287.0,240.0
2021-05-19,SEA,DET,2.0,6.0,8.0,-155.0,135.0
2021-05-19,STL,PIT,8.0,5.0,7.0,-235.0,200.0
2021-05-19,TOR,BOS,3.0,7.0,9.5,-120.0,104.0
2021-05-19,TEX,NYY,0.0,2.0,9.0,150.0,-175.0
2021-05-20,ANA,MIN,3.0,6.0,9.5,-120.0,106.0
2021-05-20,CIN,SFG,4.0,19.0,8.5,-150.0,130.0
2021-05-20,ATL,PIT,4.0,6.0,9.0,-215.0,180.0
2021-05-20,BAL,TBD,1.0,10.0,9.0,140.0,-162.0
2021-05-20,CHC,WSN,5.0,2.0,10.5,-117.0,101.0
2021-05-20,LAD,ARI,3.0,2.0,8.5,-220.0,185.0
2021-05-20,PHI,FLA,0.0,6.0,8.0,-125.0,110.0
2021-05-20,TEX,NYY,0.0,2.0,7.5,100.0,-119.0
2021-05-20,TOR,BOS,7.0,8.0,9.5,-124.0,110.0
2021-05-20,OAK,HOU,4.0,8.0,8.5,102.0,-120.0
2021-05-21,NYY,CHW,2.0,1.0,8.5,-114.0,104.0
2021-05-21,FLA,NYM,5.0,6.0,7.0,-108.0,-108.0
2021-05-21,ANA,OAK,4.0,8.0,9.0,-113.0,-105.0
2021-05-21,ATL,PIT,20.0,1.0,8.0,-200.0,170.0
2021-05-21,CIN,MIL,9.0,4.0,9.5,116.0,-135.0
2021-05-21,CLE,MIN,0.0,10.0,9.0,-133.0,115.0
2021-05-21,COL,ARI,7.0,1.0,11.5,-165.0,143.0
2021-05-21,KCR,DET,5.0,7.0,8.5,-170.0,149.0
2021-05-21,SFG,LAD,1.0,2.0,7.0,106.0,-125.0
2021-05-21,STL,CHC,3.0,12.0,8.5,106.0,-122.0
2021-05-21,TEX,HOU,7.0,5.0,9.0,110.0,-129.0
2021-05-21,TOR,TBD,7.0,9.0,9.0,135.0,-160.0
2021-05-21,WSN,BAL,4.0,2.0,8.5,-200.0,174.0
2021-05-21,SDP,SEA,16.0,1.0,7.5,-225.0,193.0
2021-05-21,PHI,BOS,3.0,11.0,8.5,-150.0,134.0
2021-05-22,CIN,MIL,3.0,4.0,9.0,-160.0,140.0
2021-05-22,NYY,CHW,7.0,0.0,7.5,-205.0,175.0
2021-05-22,ANA,OAK,2.0,6.0,8.5,118.0,-139.0
2021-05-22,ATL,PIT,6.0,1.0,9.5,-215.0,181.0
2021-05-22,CLE,MIN,5.0,3.0,7.5,-168.0,145.0
2021-05-22,COL,ARI,7.0,6.0,11.0,-104.0,-120.0
2021-05-22,FLA,NYM,3.0,1.0,7.0,-157.0,138.0
2021-05-22,KCR,DET,7.0,5.0,8.5,-148.0,127.0
2021-05-22,WSN,BAL,12.0,9.0,9.5,-159.0,136.0
2021-05-22,PHI,BOS,3.0,4.0,9.0,117.0,-137.0
2021-05-22,SDP,SEA,6.0,4.0,7.5,-200.0,175.0
2021-05-22,SFG,LAD,3.0,6.0,7.5,138.0,-159.0
2021-05-22,STL,CHC,2.0,1.0,8.5,105.0,-121.0
2021-05-22,TEX,HOU,8.0,4.0,9.0,151.0,-173.0
2021-05-22,TOR,TBD,1.0,3.0,9.0,-120.0,104.0
2021-05-23,ATL,PIT,7.0,1.0,8.0,-215.0,185.0
2021-05-23,CIN,MIL,4.0,9.0,8.0,-105.0,-120.0
2021-05-23,CLE,MIN,5.0,8.0,9.0,-142.0,125.0
2021-05-23,COL,ARI,4.0,3.0,12.0,-134.0,115.0
2021-05-23,FLA,NYM,5.0,1.0,7.0,-154.0,134.0
2021-05-23,NYY,CHW,5.0,4.0,9.5,-155.0,134.0
2021-05-23,KCR,DET,3.0,2.0,9.0,-145.0,126.0
2021-05-23,ANA,OAK,6.0,5.0,8.5,105.0,-122.0
2021-05-23,SFG,LAD,5.0,11.0,7.5,116.0,-135.0
2021-05-23,STL,CHC,1.0,2.0,9.0,-135.0,115.0
2021-05-23,TEX,HOU,3.0,2.0,9.0,129.0,-147.0
2021-05-23,TOR,TBD,4.0,6.0,9.0,-167.0,145.0
2021-05-23,WSN,BAL,6.0,5.0,9.5,-190.0,160.0
2021-05-23,SDP,SEA,9.0,2.0,7.0,-292.0,240.0
2021-05-23,PHI,BOS,6.0,2.0,7.5,-128.0,110.0
2021-05-24,DET,CLE,5.0,6.0,8.5,-130.0,114.0
2021-05-24,MIN,BAL,8.0,3.0,9.0,-105.0,-112.0
2021-05-24,CHW,STL,5.0,1.0,8.5,-185.0,160.0
2021-05-24,MIL,SDP,5.0,3.0,7.0,-116.0,103.0
2021-05-24,FLA,PHI,9.0,6.0,7.0,-139.0,120.0
2021-05-24,TOR,TBD,8.0,14.0,11.0,-105.0,-111.0
2021-05-24,OAK,SEA,2.0,4.0,7.5,-179.0,155.0
2021-05-24,NYM,COL,2.0,3.0,6.5,-144.0,125.0
2021-05-25,ANA,TEX,11.0,5.0,8.5,-180.0,155.0
2021-05-25,ARI,SFG,0.0,8.0,9.0,145.0,-167.0
2021-05-25,BOS,ATL,1.0,3.0,10.0,-108.0,-108.0
2021-05-25,CHW,STL,8.0,3.0,8.0,-134.0,115.0
2021-05-25,DET,CLE,1.0,4.0,9.0,130.0,-150.0
2021-05-25,FLA,PHI,0.0,2.0,7.0,-142.0,125.0
2021-05-25,HOU,LAD,2.0,9.0,8.5,101.0,-115.0
2021-05-25,MIL,SDP,1.0,7.0,7.0,-130.0,110.0
2021-05-25,MIN,BAL,7.0,4.0,9.5,-200.0,172.0
2021-05-25,NYY,TOR,2.0,6.0,9.0,-177.0,150.0
2021-05-25,OAK,SEA,3.0,4.0,8.5,-180.0,150.0
2021-05-25,PIT,CHC,3.0,4.0,9.0,117.0,-136.0
2021-05-25,TBD,KCR,1.0,2.0,8.5,-200.0,175.0
2021-05-25,WSN,CIN,1.0,2.0,7.5,-220.0,187.0
2021-05-25,NYM,COL,3.0,1.0,6.0,-250.0,210.0
2021-05-26,MIL,SDP,1.0,2.0,8.0,105.0,-120.0
2021-05-26,ANA,TEX,9.0,8.0,9.0,-105.0,-113.0
2021-05-26,BOS,ATL,9.0,5.0,11.0,-142.0,125.0
2021-05-26,CHW,STL,0.0,4.0,9.0,-220.0,185.0
2021-05-26,DET,CLE,1.0,0.0,9.5,110.0,-128.0
2021-05-26,FLA,PHI,4.0,2.0,7.0,145.0,-167.0
2021-05-26,HOU,LAD,5.0,2.0,8.5,143.0,-165.0
2021-05-26,ARI,SFG,4.0,5.0,9.0,102.0,-115.0
2021-05-26,PIT,CHC,1.0,4.0,8.5,110.0,-127.0
2021-05-26,TBD,KCR,2.0,1.0,7.0,-210.0,179.0
2021-05-26,WSN,CIN,5.0,3.0,,,
2021-05-26,OAK,SEA,6.0,3.0,8.5,-184.0,155.0
2021-05-26,MIN,BAL,3.0,2.0,8.5,-200.0,170.0
2021-05-27,LAD,SFG,4.0,3.0,7.5,-144.0,127.0
2021-05-27,NYM,COL,4.0,2.0,6.5,-133.0,115.0
2021-05-27,ARI,STL,4.0,5.0,9.5,-104.0,-113.0
2021-05-27,CHW,BAL,5.0,1.0,8.5,-222.0,185.0
2021-05-27,DET,CLE,2.0,5.0,7.0,145.0,-168.0
2021-05-27,FLA,PHI,2.0,3.0,7.0,-144.0,125.0
2021-05-27,MIL,SDP,6.0,5.0,8.0,-103.0,-115.0
2021-05-27,OAK,ANA,5.0,0.0,8.0,-195.0,170.0
2021-05-27,PIT,CHC,3.0,5.0,7.5,130.0,-148.0
2021-05-27,SEA,TEX,5.0,0.0,8.5,-109.0,-107.0
2021-05-27,TBD,KCR,7.0,2.0,7.5,-175.0,150.0
2021-05-27,WSN,CIN,0.0,3.0,10.0,-143.0,125.0
2021-05-27,NYY,TOR,5.0,3.0,9.5,-147.0,127.0
2021-05-28,HOU,SDP,3.0,10.0,8.0,-114.0,-102.0
2021-05-28,ARI,STL,6.0,8.0,9.5,-137.0,116.0
2021-05-28,CHC,CIN,1.0,0.0,6.5,-180.0,160.0
2021-05-28,CLE,TOR,2.0,11.0,7.5,145.0,-167.0
2021-05-28,DET,NYY,3.0,2.0,7.0,240.0,-286.0
2021-05-28,BOS,FLA,5.0,2.0,8.5,-167.0,146.0
2021-05-28,LAD,SFG,5.0,8.0,7.5,-213.0,183.0
2021-05-28,OAK,ANA,3.0,1.0,7.5,-150.0,130.0
2021-05-28,SEA,TEX,3.0,2.0,8.5,-125.0,108.0
2021-05-28,MIN,KCR,3.0,8.0,9.0,-167.0,145.0
2021-05-29,BOS,FLA,3.0,1.0,7.5,-170.0,145.0
2021-05-29,CHC,CIN,10.0,2.0,7.0,-115.0,102.0
2021-05-29,ARI,STL,4.0,7.0,10.0,128.0,-148.0
2021-05-29,CHW,BAL,7.0,4.0,7.0,-225.0,185.0
2021-05-29,DET,NYY,6.0,1.0,8.5,110.0,-130.0
2021-05-29,HOU,SDP,8.0,11.0,8.0,135.0,-160.0
2021-05-29,LAD,SFG,6.0,11.0,7.5,-200.0,170.0
2021-05-29,TBD,PHI,5.0,3.0,7.0,-125.0,107.0
2021-05-29,NYM,ATL,13.0,2.0,6.5,130.0,-153.0
2021-05-29,PIT,COL,7.0,0.0,7.5,-105.0,-112.0
2021-05-29,SEA,TEX,3.0,2.0,8.5,-110.0,-110.0
2021-05-29,WSN,MIL,1.0,4.0,9.0,-120.0,-100.0
2021-05-29,MIN,KCR,6.0,5.0,9.5,-161.0,136.0
2021-05-29,OAK,ANA,0.0,4.0,8.0,-140.0,123.0
2021-05-30,CLE,TOR,1.0,4.0,6.5,-112.0,-105.0
2021-05-30,CHW,BAL,3.0,1.0,8.0,-225.0,185.0
2021-05-30,DET,NYY,6.0,2.0,9.0,163.0,-190.0
2021-05-30,ARI,STL,9.0,2.0,9.0,-113.0,-105.0
2021-05-30,CHC,CIN,1.0,5.0,8.0,-118.0,-102.0
2021-05-30,HOU,SDP,7.0,4.0,8.5,-120.0,102.0
2021-05-30,LAD,SFG,4.0,5.0,7.0,-170.0,145.0
2021-05-30,MIN,KCR,3.0,6.0,9.0,-130.0,112.0
2021-05-30,PIT,COL,3.0,4.0,7.5,-120.0,-102.0
2021-05-30,SEA,TEX,4.0,2.0,8.0,-155.0,133.0
2021-05-30,TBD,PHI,6.0,2.0,7.5,-145.0,125.0
2021-05-30,OAK,ANA,2.0,4.0,9.0,-143.0,123.0
2021-05-30,WSN,MIL,0.0,3.0,6.0,-114.0,-105.0
2021-05-31,CLE,CHW,6.0,8.0,5.5,149.0,-169.0
2021-05-31,CIN,PHI,11.0,1.0,8.5,-112.0,-106.0
2021-05-31,HOU,BOS,11.0,2.0,9.0,-103.0,-114.0
2021-05-31,BAL,MIN,2.0,3.0,8.5,137.0,-157.0
2021-05-31,ARI,NYM,2.0,6.0,7.0,156.0,-180.0
2021-05-31,ATL,WSN,5.0,3.0,8.5,-195.0,165.0
2021-05-31,CHC,SDP,7.0,2.0,10.0,123.0,-141.0
2021-05-31,MIL,DET,3.0,2.0,7.0,-305.0,255.0
2021-05-31,NYY,TBD,1.0,3.0,8.5,-131.0,114.0
2021-05-31,SEA,OAK,6.0,5.0,8.5,118.0,-135.0
2021-05-31,SFG,ANA,6.0,1.0,8.0,-155.0,135.0
2021-05-31,LAD,STL,9.0,4.0,7.0,-200.0,170.0
2021-05-31,KCR,PIT,7.0,3.0,8.0,-195.0,170.0
2021-06-01,CIN,PHI,3.0,17.0,7.5,-115.0,-101.0
2021-06-01,CLE,CHW,6.0,5.0,7.0,-165.0,140.0
2021-06-01,CHC,SDP,4.0,3.0,8.5,-130.0,110.0
2021-06-01,SEA,OAK,6.0,12.0,7.5,135.0,-159.0
2021-06-01,BAL,MIN,7.0,4.0,9.0,145.0,-170.0
2021-06-01,ATL,WSN,6.0,11.0,9.0,-140.0,120.0
2021-06-01,HOU,BOS,5.0,1.0,9.0,-162.0,140.0
2021-06-01,ARI,NYM,6.0,5.0,9.0,-104.0,-115.0
2021-06-01,TOR,FLA,5.0,1.0,8.5,-162.0,135.0
2021-06-01,KCR,PIT,10.0,5.0,8.5,-170.0,145.0
2021-06-01,LAD,STL,2.0,3.0,8.5,-198.0,170.0
2021-06-01,MIL,DET,7.0,10.0,7.5,-180.0,150.0
2021-06-01,NYY,TBD,5.0,3.0,7.5,115.0,-135.0
2021-06-01,SFG,ANA,1.0,8.0,7.0,-161.0,138.0
2021-06-01,COL,TEX,3.0,2.0,9.5,-110.0,109.0
2021-06-02,BAL,MIN,6.0,3.0,9.5,110.0,-129.0
2021-06-02,HOU,BOS,2.0,1.0,9.0,-143.0,122.0
2021-06-02,ARI,NYM,6.0,7.0,8.5,-118.0,102.0
2021-06-02,ATL,WSN,3.0,5.0,9.5,-152.0,132.0
2021-06-02,CHC,SDP,6.0,1.0,7.0,-122.0,106.0
2021-06-02,COL,TEX,6.0,3.0,11.0,-101.0,-115.0
2021-06-02,LAD,STL,14.0,3.0,8.0,-245.0,205.0
2021-06-02,TOR,FLA,6.0,5.0,8.0,-170.0,145.0
2021-06-02,NYY,TBD,4.0,3.0,8.5,-139.0,120.0
2021-06-02,SEA,OAK,0.0,6.0,8.0,135.0,-159.0
2021-06-03,COL,TEX,11.0,6.0,10.5,-135.0,115.0
2021-06-03,MIL,ARI,7.0,4.0,9.5,-175.0,150.0
2021-06-03,ANA,SEA,2.0,6.0,9.0,-160.0,140.0
2021-06-03,ATL,WSN,5.0,1.0,10.0,-136.0,117.0
2021-06-03,CHW,DET,4.0,1.0,8.0,-222.0,187.0
2021-06-03,KCR,MIN,6.0,5.0,9.5,-120.0,103.0
2021-06-03,HOU,BOS,1.0,5.0,9.0,-117.0,-103.0
2021-06-03,SDP,NYM,4.0,3.0,6.5,-194.0,165.0
2021-06-03,SFG,CHC,7.0,2.0,8.0,-125.0,110.0
2021-06-03,STL,CIN,2.0,4.0,8.0,-147.0,125.0
2021-06-03,PIT,FLA,5.0,3.0,7.5,-110.0,-109.0
2021-06-03,NYY,TBD,2.0,9.0,7.5,-205.0,172.0
2021-06-04,KCR,MIN,14.0,5.0,9.5,-134.0,115.0
2021-06-04,ANA,SEA,3.0,2.0,8.5,-167.0,145.0
2021-06-04,ATL,LAD,5.0,9.0,8.5,125.0,-148.0
2021-06-04,BAL,CLE,3.0,1.0,8.5,-110.0,-108.0
2021-06-04,CHW,DET,9.0,8.0,8.5,-158.0,135.0
2021-06-04,COL,OAK,5.0,9.0,11.0,130.0,-149.0
2021-06-04,NYY,BOS,2.0,5.0,9.0,-108.0,-110.0
2021-06-04,MIL,ARI,5.0,1.0,8.5,-200.0,170.0
2021-06-04,PHI,WSN,1.0,2.0,7.0,-104.0,-115.0
2021-06-04,PIT,FLA,9.0,2.0,8.0,-110.0,-110.0
2021-06-04,SDP,NYM,2.0,0.0,7.0,-182.0,155.0
2021-06-04,SFG,CHC,8.0,5.0,8.5,-110.0,-109.0
2021-06-04,STL,CIN,4.0,6.0,8.5,-134.0,115.0
2021-06-04,TEX,TBD,5.0,4.0,8.0,112.0,-132.0
2021-06-04,TOR,HOU,1.0,13.0,8.5,-140.0,120.0
2021-06-05,PHI,WSN,5.0,2.0,10.0,-122.0,105.0
2021-06-05,ANA,SEA,12.0,5.0,8.0,-160.0,135.0
2021-06-05,ATL,LAD,6.0,4.0,8.0,115.0,-130.0
2021-06-05,BAL,CLE,4.0,10.0,8.5,-127.0,110.0
2021-06-05,CHW,DET,3.0,4.0,8.0,-250.0,200.0
2021-06-05,COL,OAK,3.0,6.0,12.0,115.0,-133.0
2021-06-05,KCR,MIN,4.0,5.0,9.0,-109.0,-110.0
2021-06-05,NYY,BOS,3.0,7.0,9.5,-142.0,120.0
2021-06-05,SDP,NYM,0.0,4.0,5.5,105.0,-120.0
2021-06-05,PIT,FLA,8.0,7.0,7.5,108.0,-124.0
2021-06-05,SFG,CHC,4.0,3.0,7.5,-162.0,139.0
2021-06-05,STL,CIN,2.0,5.0,9.0,-105.0,-115.0
2021-06-05,TEX,TBD,0.0,3.0,8.0,130.0,-150.0
2021-06-05,TOR,HOU,6.0,2.0,10.0,-106.0,-110.0
2021-06-05,MIL,ARI,7.0,5.0,8.0,-240.0,205.0
2021-06-06,KCR,MIN,1.0,2.0,9.0,-140.0,120.0
2021-06-06,COL,OAK,3.0,1.0,11.0,-112.0,-105.0
2021-06-06,CHW,DET,3.0,0.0,9.0,-215.0,180.0
2021-06-06,MIL,ARI,2.0,0.0,8.0,-265.0,220.0
2021-06-06,ANA,SEA,5.0,9.0,9.0,-160.0,138.0
2021-06-06,ATL,LAD,4.0,2.0,8.5,125.0,-143.0
2021-06-06,BAL,CLE,18.0,5.0,9.0,-103.0,-116.0
2021-06-06,NYY,BOS,5.0,6.0,9.5,-155.0,132.0
2021-06-06,SFG,CHC,3.0,4.0,8.0,-106.0,-112.0
2021-06-06,PIT,FLA,1.0,3.0,8.5,108.0,-124.0
2021-06-06,TEX,TBD,1.0,7.0,8.0,113.0,-131.0
2021-06-06,TOR,HOU,3.0,6.0,9.5,-114.0,-105.0
2021-06-06,SDP,NYM,2.0,6.0,7.0,-150.0,130.0
2021-06-06,STL,CIN,7.0,8.0,8.5,-120.0,105.0
2021-06-06,PHI,WSN,12.0,6.0,9.5,-125.0,107.0
2021-06-07,ANA,KCR,8.0,3.0,9.0,-154.0,130.0
2021-06-07,BOS,FLA,5.0,3.0,7.0,-155.0,135.0
2021-06-07,SDP,CHC,9.0,4.0,8.0,-120.0,102.0
2021-06-08,DET,SEA,5.0,3.0,8.5,-138.0,118.0
2021-06-08,MIN,NYY,4.0,8.0,9.5,-105.0,-115.0
2021-06-08,BAL,NYM,10.0,3.0,9.5,-105.0,-115.0
2021-06-08,BOS,HOU,1.0,7.0,10.0,105.0,-125.0
2021-06-08,CHW,TOR,6.0,1.0,8.5,-150.0,130.0
2021-06-08,ANA,KCR,8.0,1.0,8.5,-164.0,144.0
2021-06-08,CIN,MIL,1.0,5.0,8.5,-149.0,125.0
2021-06-08,FLA,COL,6.0,2.0,7.0,-190.0,160.0
2021-06-08,OAK,ARI,5.0,2.0,8.5,-240.0,200.0
2021-06-08,PHI,ATL,5.0,9.0,9.0,-162.0,138.0
2021-06-08,PIT,LAD,3.0,5.0,8.5,170.0,-200.0
2021-06-08,SDP,CHC,1.0,7.0,8.0,-195.0,165.0
2021-06-08,TBD,WSN,3.0,1.0,7.5,-240.0,200.0
2021-06-08,TEX,SFG,4.0,9.0,8.5,130.0,-150.0
2021-06-08,STL,CLE,1.0,10.0,7.0,145.0,-166.0
2021-06-09,DET,SEA,6.0,9.0,9.0,-134.0,115.0
2021-06-09,OAK,ARI,4.0,0.0,8.5,-195.0,168.0
2021-06-09,ANA,KCR,6.0,1.0,9.0,-157.0,135.0
2021-06-09,BAL,NYM,1.0,14.0,9.5,120.0,-139.0
2021-06-09,BOS,HOU,3.0,8.0,10.0,-140.0,120.0
2021-06-09,CHW,TOR,2.0,6.0,8.0,-157.0,135.0
2021-06-09,MIN,NYY,6.0,9.0,8.5,170.0,-200.0
2021-06-09,CIN,MIL,7.0,3.0,9.5,-120.0,-103.0
2021-06-09,PHI,ATL,2.0,1.0,9.0,-136.0,120.0
2021-06-09,PIT,LAD,1.0,2.0,9.0,163.0,-190.0
2021-06-09,FLA,COL,3.0,4.0,7.5,-119.0,-102.0
2021-06-09,SDP,CHC,1.0,3.0,8.0,-270.0,220.0
2021-06-09,STL,CLE,8.0,2.0,8.0,-134.0,115.0
2021-06-09,TBD,WSN,7.0,9.0,7.5,-175.0,145.0
2021-06-09,TEX,SFG,4.0,3.0,7.5,-110.0,-110.0
2021-06-10,CHW,TOR,5.0,2.0,9.0,-102.0,-116.0
2021-06-10,MIN,NYY,7.0,5.0,11.0,128.0,-148.0
2021-06-10,CIN,MIL,2.0,7.0,8.0,-104.0,-112.0
2021-06-10,BOS,HOU,12.0,8.0,9.0,-108.0,-110.0
2021-06-10,FLA,COL,11.0,4.0,7.5,-210.0,175.0
2021-06-10,DET,SEA,8.0,3.0,9.5,-120.0,102.0
2021-06-10,OAK,KCR,1.0,6.0,8.0,-152.0,134.0
2021-06-10,PIT,LAD,3.0,6.0,8.0,215.0,-250.0
2021-06-10,PHI,ATL,4.0,3.0,7.5,-134.0,115.0
2021-06-11,ARI,ANA,5.0,6.0,9.0,128.0,-150.0
2021-06-11,BOS,TOR,6.0,5.0,9.5,-120.0,-104.0
2021-06-11,LAD,TEX,12.0,1.0,8.0,-345.0,280.0
2021-06-11,CHC,STL,8.0,5.0,9.5,-149.0,130.0
2021-06-11,CIN,COL,11.0,5.0,9.5,-210.0,180.0
2021-06-11,CLE,SEA,7.0,0.0,9.0,-159.0,138.0
2021-06-11,DET,CHW,4.0,5.0,8.5,130.0,-150.0
2021-06-11,TBD,BAL,4.0,2.0,8.0,-180.0,155.0
2021-06-11,MIN,HOU,4.0,6.0,10.5,125.0,-145.0
2021-06-11,MIL,PIT,7.0,4.0,7.5,-325.0,265.0
2021-06-11,NYM,SDP,3.0,2.0,6.0,-172.0,145.0
2021-06-11,OAK,KCR,4.0,3.0,8.5,-135.0,115.0
2021-06-11,WSN,SFG,0.0,1.0,7.5,-185.0,155.0
2021-06-11,FLA,ATL,4.0,3.0,7.0,102.0,-120.0
2021-06-12,MIL,PIT,7.0,4.0,7.5,-300.0,250.0
2021-06-12,FLA,ATL,4.0,2.0,8.0,145.0,-170.0
2021-06-12,ARI,ANA,7.0,8.0,9.0,102.0,-118.0
2021-06-12,CHC,STL,7.0,2.0,8.5,-182.0,155.0
2021-06-12,CLE,SEA,5.0,4.0,8.0,-120.0,-102.0
2021-06-12,DET,CHW,2.0,15.0,9.0,155.0,-185.0
2021-06-12,LAD,TEX,1.0,12.0,8.0,-280.0,233.0
2021-06-12,BOS,TOR,2.0,7.0,9.5,-124.0,105.0
2021-06-12,MIN,HOU,5.0,2.0,9.5,-103.0,-114.0
2021-06-12,OAK,KCR,11.0,2.0,9.0,-162.0,138.0
2021-06-12,PHI,NYY,8.0,7.0,9.0,106.0,-125.0
2021-06-12,TBD,BAL,5.0,4.0,8.0,-225.0,188.0
2021-06-12,WSN,SFG,2.0,0.0,7.5,-180.0,162.0
2021-06-12,CIN,COL,10.0,3.0,9.0,-157.0,135.0
2021-06-12,NYM,SDP,4.0,1.0,7.0,120.0,-138.0
2021-06-13,LAD,TEX,5.0,3.0,8.0,-227.0,188.0
2021-06-13,ARI,ANA,3.0,10.0,9.5,115.0,-134.0
2021-06-13,CHC,STL,2.0,0.0,9.5,-133.0,114.0
2021-06-13,CIN,COL,6.0,2.0,10.0,-158.0,138.0
2021-06-13,CLE,SEA,2.0,6.0,7.5,-240.0,195.0
2021-06-13,DET,CHW,1.0,4.0,9.0,190.0,-235.0
2021-06-13,FLA,ATL,4.0,6.0,8.0,-129.0,110.0
2021-06-13,BOS,TOR,4.0,18.0,10.5,110.0,-130.0
2021-06-13,MIL,PIT,5.0,2.0,8.5,-184.0,155.0
2021-06-13,NYM,SDP,3.0,7.0,8.0,112.0,-130.0
2021-06-13,OAK,KCR,6.0,3.0,8.5,-205.0,175.0
2021-06-13,PHI,NYY,7.0,0.0,8.0,-127.0,106.0
2021-06-13,TBD,BAL,7.0,1.0,8.0,-178.0,150.0
2021-06-13,MIN,HOU,3.0,14.0,9.5,135.0,-158.0
2021-06-13,WSN,SFG,5.0,0.0,9.0,-110.0,-108.0
2021-06-14,BOS,TOR,2.0,1.0,9.5,-132.0,112.0
2021-06-14,CHW,TBD,2.0,5.0,7.0,105.0,-119.0
2021-06-14,CLE,BAL,4.0,3.0,8.5,-160.0,142.0
2021-06-14,COL,SDP,3.0,2.0,11.5,135.0,-157.0
2021-06-14,KCR,DET,3.0,10.0,9.5,-161.0,135.0
2021-06-14,LAD,PHI,3.0,1.0,9.5,-180.0,155.0
2021-06-14,MIL,CIN,2.0,10.0,9.5,-140.0,120.0
2021-06-14,NYM,CHC,5.0,2.0,8.5,-134.0,115.0
2021-06-14,SEA,MIN,4.0,3.0,8.0,125.0,-144.0
2021-06-14,SFG,ARI,5.0,2.0,8.0,-180.0,157.0
2021-06-14,STL,FLA,4.0,2.0,8.5,-200.0,173.0
2021-06-14,WSN,PIT,3.0,2.0,8.5,-130.0,110.0
2021-06-14,OAK,ANA,8.0,5.0,8.0,-148.0,128.0
2021-06-15,ATL,BOS,8.0,10.0,9.5,-116.0,103.0
2021-06-15,LAD,PHI,5.0,3.0,8.5,-165.0,145.0
2021-06-15,CLE,BAL,7.0,2.0,8.5,-177.0,152.0
2021-06-15,COL,SDP,8.0,4.0,11.5,205.0,-245.0
2021-06-15,HOU,TEX,6.0,3.0,8.5,-190.0,160.0
2021-06-15,KCR,DET,3.0,4.0,8.5,-135.0,116.0
2021-06-15,NYM,CHC,3.0,2.0,8.5,-140.0,120.0
2021-06-15,MIL,CIN,1.0,2.0,9.0,-107.0,-110.0
2021-06-15,SEA,MIN,10.0,0.0,8.5,115.0,-135.0
2021-06-15,OAK,ANA,6.0,4.0,8.0,-127.0,110.0
2021-06-15,SFG,ARI,9.0,8.0,7.5,-192.0,166.0
2021-06-15,STL,FLA,2.0,1.0,7.5,-130.0,110.0
2021-06-15,TOR,NYY,5.0,6.0,9.5,-125.0,108.0
2021-06-15,WSN,PIT,8.0,1.0,8.5,-170.0,146.0
2021-06-15,CHW,TBD,3.0,0.0,8.5,-115.0,-102.0
2021-06-16,ATL,BOS,8.0,10.0,9.5,-150.0,133.0
2021-06-16,MIL,CIN,1.0,2.0,7.5,-144.0,125.0
2021-06-16,CHW,TBD,8.0,7.0,7.5,-134.0,114.0
2021-06-16,COL,SDP,8.0,7.0,12.0,170.0,-200.0
2021-06-16,HOU,TEX,8.0,4.0,9.0,-250.0,210.0
2021-06-16,KCR,DET,5.0,6.0,9.0,-150.0,130.0
2021-06-16,LAD,PHI,0.0,2.0,7.0,-149.0,128.0
2021-06-16,CLE,BAL,8.0,7.0,8.0,-157.0,140.0
2021-06-16,NYM,CHC,6.0,3.0,6.5,-300.0,255.0
2021-06-16,SEA,MIN,2.0,7.0,8.5,120.0,-140.0
2021-06-16,SFG,ARI,13.0,7.0,8.0,-182.0,155.0
2021-06-16,STL,FLA,1.0,0.0,7.5,-112.0,-105.0
2021-06-16,TOR,NYY,2.0,3.0,8.5,145.0,-170.0
2021-06-16,OAK,ANA,8.0,4.0,9.0,-122.0,105.0
2021-06-16,WSN,PIT,3.0,1.0,9.0,-170.0,145.0
2021-06-17,ANA,DET,7.0,5.0,8.5,-230.0,195.0
2021-06-17,ATL,STL,4.0,0.0,9.5,-190.0,163.0
2021-06-17,CLE,BAL,10.0,3.0,9.5,-120.0,-102.0
2021-06-17,COL,MIL,7.0,3.0,10.5,138.0,-160.0
2021-06-17,HOU,CHW,10.0,2.0,9.0,-132.0,110.0
2021-06-17,SDP,CIN,6.0,4.0,7.5,-195.0,161.0
2021-06-17,SEA,TBD,6.0,5.0,8.5,150.0,-180.0
2021-06-17,SFG,ARI,10.0,3.0,7.5,-225.0,188.0
2021-06-17,TOR,NYY,4.0,8.0,10.5,-108.0,-108.0
2021-06-17,NYM,CHC,0.0,2.0,7.5,-114.0,102.0
2021-06-18,KCR,BOS,5.0,3.0,10.5,138.0,-160.0
2021-06-18,COL,MIL,6.0,5.0,10.5,165.0,-191.0
2021-06-18,ARI,LAD,0.0,3.0,9.5,179.0,-210.0
2021-06-18,ATL,STL,9.0,1.0,9.5,-164.0,140.0
2021-06-18,BAL,TOR,7.0,1.0,10.0,185.0,-210.0
2021-06-18,CHC,FLA,2.0,10.0,9.0,-175.0,148.0
2021-06-18,HOU,CHW,2.0,1.0,8.0,105.0,-115.0
2021-06-18,ANA,DET,11.0,3.0,9.5,-225.0,188.0
2021-06-18,NYY,OAK,3.0,5.0,9.5,-141.0,120.0
2021-06-18,PIT,CLE,11.0,10.0,9.0,115.0,-132.0
2021-06-18,SDP,CIN,8.0,2.0,9.0,-200.0,170.0
2021-06-18,SFG,PHI,5.0,3.0,8.5,-148.0,128.0
2021-06-18,TEX,MIN,5.0,7.0,9.0,143.0,-165.0
2021-06-18,WSN,NYM,1.0,0.0,9.0,-130.0,-115.0
2021-06-18,SEA,TBD,5.0,1.0,7.5,-106.0,-110.0
2021-06-19,NYY,OAK,7.0,5.0,9.5,-125.0,107.0
2021-06-19,ANA,DET,8.0,3.0,9.5,-210.0,180.0
2021-06-19,BAL,TOR,7.0,10.0,10.0,145.0,-170.0
2021-06-19,CHC,FLA,1.0,11.0,9.0,-130.0,110.0
2021-06-19,COL,MIL,5.0,6.0,10.5,-118.0,101.0
2021-06-19,HOU,CHW,7.0,3.0,7.5,-128.0,110.0
2021-06-19,KCR,BOS,1.0,7.0,11.0,105.0,-122.0
2021-06-19,ARI,LAD,3.0,9.0,9.0,210.0,-250.0
2021-06-19,SDP,CIN,7.0,5.0,9.0,-157.0,135.0
2021-06-19,SEA,TBD,6.0,5.0,8.0,128.0,-148.0
2021-06-19,SFG,PHI,6.0,13.0,7.5,-118.0,100.0
2021-06-19,TEX,MIN,2.0,3.0,9.0,-110.0,-105.0
2021-06-19,WSN,NYM,1.0,5.0,6.5,138.0,-158.0
2021-06-19,PIT,CLE,6.0,3.0,8.5,102.0,-120.0
2021-06-20,ANA,DET,3.0,5.0,9.5,-158.0,140.0
2021-06-20,KCR,BOS,7.0,3.0,9.5,120.0,-138.0
2021-06-20,ATL,STL,1.0,9.0,9.5,-120.0,103.0
2021-06-20,BAL,TOR,4.0,7.0,10.5,155.0,-186.0
2021-06-20,CHC,FLA,2.0,0.0,9.0,-155.0,135.0
2021-06-20,COL,MIL,6.0,7.0,12.0,120.0,-136.0
2021-06-20,HOU,CHW,8.0,2.0,8.5,-143.0,125.0
2021-06-20,ARI,LAD,8.0,9.0,9.0,155.0,-180.0
2021-06-20,SEA,TBD,6.0,2.0,8.5,140.0,-162.0
2021-06-20,SDP,CIN,3.0,2.0,8.0,-130.0,110.0
2021-06-20,SFG,PHI,11.0,2.0,8.0,-125.0,110.0
2021-06-20,TEX,MIN,2.0,4.0,8.5,110.0,-130.0
2021-06-20,WSN,NYM,5.0,2.0,8.5,-115.0,103.0
2021-06-20,PIT,CLE,1.0,2.0,8.0,-134.0,115.0
2021-06-20,NYY,OAK,2.0,1.0,10.0,-144.0,124.0
2021-06-21,BAL,HOU,2.0,10.0,10.5,150.0,-177.0
2021-06-21,CHC,CLE,0.0,4.0,7.0,-145.0,125.0
2021-06-21,MIN,CIN,7.0,5.0,9.5,101.0,-115.0
2021-06-21,ARI,MIL,5.0,1.0,9.5,108.0,-126.0
2021-06-21,SDP,LAD,6.0,2.0,7.0,-140.0,120.0
2021-06-21,TEX,OAK,8.0,3.0,8.0,106.0,-125.0
2021-06-21,NYM,ATL,4.0,2.0,5.0,-265.0,234.0
2021-06-22,NYM,ATL,0.0,3.0,7.0,-105.0,-110.0
2021-06-22,ANA,SFG,0.0,5.0,9.0,-125.0,110.0
2021-06-22,ARI,MIL,0.0,5.0,8.0,125.0,-145.0
2021-06-22,BAL,HOU,1.0,3.0,9.5,163.0,-190.0
2021-06-22,CHC,CLE,7.0,1.0,8.5,-200.0,170.0
2021-06-22,DET,STL,8.0,2.0,9.0,-100.0,-116.0
2021-06-22,MIN,CIN,7.0,10.0,9.0,-125.0,108.0
2021-06-22,FLA,TOR,1.0,2.0,7.5,-116.0,102.0
2021-06-22,NYY,KCR,5.0,6.0,7.5,-283.0,232.0
2021-06-22,PIT,CHW,6.0,3.0,7.5,150.0,-173.0
2021-06-22,SDP,LAD,3.0,2.0,7.5,110.0,-124.0
2021-06-22,SEA,COL,2.0,1.0,8.5,-170.0,146.0
2021-06-22,TBD,BOS,5.0,9.0,8.0,-120.0,101.0
2021-06-22,TEX,OAK,6.0,13.0,9.5,116.0,-132.0
2021-06-22,PHI,WSN,2.0,3.0,6.5,-115.0,-101.0
2021-06-23,ANA,SFG,3.0,9.0,8.0,107.0,-125.0
2021-06-23,PHI,WSN,12.0,13.0,9.0,-108.0,-107.0
2021-06-23,ARI,MIL,2.0,3.0,7.5,188.0,-225.0
2021-06-23,BAL,HOU,0.0,13.0,9.5,185.0,-220.0
2021-06-23,DET,STL,6.0,2.0,9.0,104.0,-120.0
2021-06-23,NYM,ATL,7.0,3.0,8.5,-150.0,130.0
2021-06-23,FLA,TOR,1.0,3.0,7.5,106.0,-125.0
2021-06-23,SDP,LAD,5.0,3.0,7.5,-115.0,102.0
2021-06-23,SEA,COL,2.0,5.0,8.5,-105.0,-110.0
2021-06-23,TBD,BOS,8.0,2.0,9.0,-152.0,130.0
2021-06-23,TEX,OAK,5.0,3.0,9.0,128.0,-145.0
2021-06-23,NYY,KCR,6.0,5.0,10.0,-180.0,155.0
2021-06-23,PIT,CHW,3.0,4.0,8.5,145.0,-170.0
2021-06-24,DET,HOU,3.0,12.0,10.0,200.0,-240.0
2021-06-24,NYY,KCR,8.0,1.0,9.0,-217.0,185.0
2021-06-24,CIN,ATL,5.0,3.0,10.5,-135.0,116.0
2021-06-24,LAD,CHC,0.0,4.0,8.5,-270.0,220.0
2021-06-24,MIN,CLE,1.0,4.0,9.5,-200.0,165.0
2021-06-24,FLA,WSN,3.0,7.0,8.5,108.0,-121.0
2021-06-24,TOR,BAL,9.0,0.0,10.5,-205.0,175.0
2021-06-24,TBD,BOS,1.0,0.0,9.0,-114.0,-105.0
2021-06-24,TEX,OAK,1.0,5.0,8.0,130.0,-150.0
2021-06-24,STL,PIT,2.0,8.0,9.0,-162.0,140.0
2021-06-25,BOS,NYY,5.0,3.0,10.5,110.0,-126.0
2021-06-25,LAD,CHC,6.0,2.0,9.5,-181.0,155.0
2021-06-25,CHW,SEA,3.0,9.0,7.5,-200.0,172.0
2021-06-25,NYM,PHI,2.0,1.0,5.5,-125.0,108.0
2021-06-25,CIN,ATL,2.0,3.0,11.0,-110.0,-105.0
2021-06-25,FLA,WSN,11.0,2.0,7.5,-146.0,128.0
2021-06-25,MIL,COL,5.0,4.0,7.5,-290.0,235.0
2021-06-25,TEX,KCR,9.0,4.0,8.0,-121.0,105.0
2021-06-25,SDP,ARI,11.0,5.0,8.5,-333.0,270.0
2021-06-25,SFG,OAK,2.0,0.0,8.0,-105.0,-115.0
2021-06-25,STL,PIT,4.0,5.0,9.0,-175.0,150.0
2021-06-25,TBD,ANA,4.0,3.0,8.0,-175.0,149.0
2021-06-25,TOR,BAL,5.0,6.0,11.0,-275.0,225.0
2021-06-25,MIN,CLE,8.0,7.0,9.5,-130.0,110.0
2021-06-26,NYM,PHI,4.0,3.0,6.5,-270.0,222.0
2021-06-26,CHW,SEA,2.0,3.0,,,
2021-06-26,DET,HOU,3.0,1.0,9.5,230.0,-280.0
2021-06-26,FLA,WSN,3.0,2.0,7.5,-108.0,-109.0
2021-06-26,LAD,CHC,3.0,2.0,9.0,-205.0,175.0
2021-06-26,MIL,COL,10.0,4.0,8.0,-180.0,155.0
2021-06-26,CIN,ATL,4.0,1.0,9.0,-124.0,105.0
2021-06-26,BOS,NYY,4.0,2.0,10.0,-120.0,102.0
2021-06-26,STL,PIT,3.0,1.0,8.0,-170.0,145.0
2021-06-26,TBD,ANA,13.0,3.0,7.5,-160.0,140.0
2021-06-26,TEX,KCR,8.0,0.0,8.0,-157.0,135.0
2021-06-26,TOR,BAL,12.0,4.0,10.5,-275.0,230.0
2021-06-26,SFG,OAK,6.0,5.0,8.0,-121.0,105.0
2021-06-26,SDP,ARI,1.0,10.0,8.0,-270.0,222.0
2021-06-27,MIL,COL,5.0,0.0,9.0,-195.0,165.0
2021-06-27,FLA,WSN,1.0,5.0,6.5,110.0,-130.0
2021-06-27,LAD,CHC,7.0,1.0,8.0,-210.0,180.0
2021-06-27,NYM,PHI,2.0,4.0,7.0,-119.0,105.0
2021-06-27,DET,HOU,2.0,1.0,9.0,148.0,-175.0
2021-06-27,CHW,SEA,7.0,5.0,8.5,-200.0,172.0
2021-06-27,BOS,NYY,9.0,2.0,9.5,130.0,-150.0
2021-06-27,MIN,CLE,8.0,2.0,9.5,-135.0,115.0
2021-06-27,SDP,ARI,5.0,4.0,7.5,-270.0,230.0
2021-06-27,STL,PIT,2.0,7.0,9.0,-143.0,125.0
2021-06-27,TBD,ANA,4.0,6.0,8.0,-159.0,135.0
2021-06-27,TEX,KCR,4.0,1.0,9.0,-107.0,-110.0
2021-06-27,SFG,OAK,2.0,6.0,8.5,-170.0,145.0
2021-06-27,TOR,BAL,5.0,2.0,10.5,-265.0,220.0
2021-06-27,CIN,ATL,0.0,4.0,9.5,-141.0,125.0
2021-06-28,LAD,SFG,3.0,2.0,8.5,-170.0,150.0
2021-06-28,BOS,KCR,6.0,5.0,11.0,-160.0,138.0
2021-06-28,CIN,PHI,12.0,4.0,8.5,-115.0,-102.0
2021-06-28,CLE,DET,13.0,5.0,9.5,-161.0,140.0
2021-06-28,COL,PIT,2.0,0.0,11.5,-120.0,-100.0
2021-06-28,MIL,CHC,14.0,4.0,7.0,-154.0,134.0
2021-06-28,STL,ARI,7.0,1.0,8.5,-178.0,150.0
2021-06-28,NYY,ANA,3.0,5.0,10.5,-168.0,144.0
2021-06-28,WSN,NYM,8.0,4.0,,,
2021-06-28,HOU,BAL,7.0,9.0,9.0,-355.0,290.0
2021-06-29,MIL,CHC,2.0,1.0,7.5,-245.0,205.0
2021-06-29,ATL,NYM,3.0,4.0,9.0,-165.0,140.0
2021-06-29,BOS,KCR,7.0,6.0,10.5,-240.0,200.0
2021-06-29,CIN,SDP,4.0,5.0,10.5,117.0,-139.0
2021-06-29,COL,PIT,8.0,0.0,10.5,-180.0,155.0
2021-06-29,LAD,SFG,3.0,1.0,7.5,-160.0,135.0
2021-06-29,HOU,BAL,3.0,13.0,9.0,-310.0,255.0
2021-06-29,CHW,MIN,7.0,6.0,8.5,-130.0,115.0
2021-06-29,PHI,FLA,4.0,3.0,9.0,-110.0,-105.0
2021-06-29,STL,ARI,3.0,2.0,9.0,-159.0,140.0
2021-06-29,TOR,SEA,9.0,3.0,9.5,-235.0,200.0
2021-06-29,WSN,TBD,4.0,3.0,9.5,-114.0,-104.0
2021-06-29,OAK,TEX,4.0,5.0,8.5,-200.0,170.0
2021-06-29,NYY,ANA,11.0,5.0,10.0,-159.0,137.0
2021-06-30,ATL,NYM,20.0,2.0,9.0,-159.0,136.0
2021-06-30,HOU,BAL,2.0,5.0,9.5,-300.0,245.0
2021-06-30,BOS,KCR,6.0,2.0,11.0,-149.0,130.0
2021-06-30,CHW,MIN,13.0,3.0,9.0,-126.0,110.0
2021-06-30,CIN,SDP,5.0,7.0,10.0,170.0,-195.0
2021-06-30,CLE,DET,4.0,9.0,7.5,-195.0,165.0
2021-06-30,COL,PIT,6.0,2.0,11.0,-163.0,140.0
2021-06-30,OAK,TEX,3.0,1.0,8.0,-200.0,170.0
2021-06-30,PHI,FLA,6.0,11.0,8.5,-235.0,195.0
2021-06-30,STL,ARI,7.0,4.0,8.5,-220.0,180.0
2021-06-30,TOR,SEA,7.0,9.0,10.5,-255.0,216.0
2021-06-30,WSN,TBD,15.0,6.0,9.5,112.0,-130.0
2021-06-30,NYY,ANA,8.0,11.0,9.5,-125.0,-105.0
2021-06-30,MIL,CHC,15.0,7.0,8.5,-160.0,138.0
2021-07-01,CIN,SDP,5.0,4.0,9.5,-125.0,110.0
2021-07-01,ARI,SFG,5.0,3.0,9.0,133.0,-152.0
2021-07-01,BOS,KCR,15.0,1.0,10.0,-245.0,205.0
2021-07-01,CHW,MIN,8.0,5.0,8.5,-150.0,128.0
2021-07-01,CLE,HOU,2.0,7.0,8.5,159.0,-181.0
2021-07-01,ATL,NYM,4.0,3.0,7.0,145.0,-170.0
2021-07-01,OAK,TEX,3.0,8.0,8.0,-185.0,160.0
2021-07-01,PIT,MIL,2.0,7.0,8.0,210.0,-250.0
2021-07-01,TOR,SEA,2.0,7.0,10.0,-190.0,168.0
2021-07-01,WSN,LAD,2.0,6.0,9.5,123.0,-142.0
2021-07-01,COL,STL,5.0,2.0,11.0,115.0,-133.0
2021-07-02,KCR,MIN,7.0,4.0,10.0,-114.0,-105.0
2021-07-02,ANA,BAL,8.0,7.0,10.0,-186.0,163.0
2021-07-02,ARI,SFG,4.0,11.0,8.5,135.0,-157.0
2021-07-02,CIN,CHC,2.0,1.0,10.0,-150.0,129.0
2021-07-02,CLE,HOU,3.0,6.0,9.0,140.0,-164.0
2021-07-02,COL,STL,3.0,9.0,13.0,-105.0,-115.0
2021-07-02,ATL,FLA,1.0,0.0,9.0,-115.0,104.0
2021-07-02,DET,CHW,2.0,8.0,8.5,130.0,-153.0
2021-07-02,PHI,SDP,4.0,3.0,8.5,-118.0,102.0
2021-07-02,PIT,MIL,2.0,7.0,7.5,-102.0,-120.0
2021-07-02,SEA,TEX,5.0,4.0,8.0,-125.0,108.0
2021-07-02,TOR,TBD,11.0,1.0,10.0,-128.0,109.0
2021-07-02,WSN,LAD,5.0,10.0,8.0,105.0,-121.0
2021-07-02,OAK,BOS,2.0,3.0,8.5,-102.0,-117.0
2021-07-03,KCR,MIN,6.0,3.0,10.0,-125.0,105.0
2021-07-03,CIN,CHC,3.0,2.0,9.5,-130.0,112.0
2021-07-03,COL,STL,3.0,2.0,12.0,-110.0,-105.0
2021-07-03,CLE,HOU,2.0,3.0,9.5,126.0,-144.0
2021-07-03,ANA,BAL,4.0,1.0,9.5,-213.0,180.0
2021-07-03,ATL,FLA,2.0,3.0,9.0,-125.0,107.0
2021-07-03,ARI,SFG,5.0,6.0,9.0,142.0,-168.0
2021-07-03,DET,CHW,11.0,5.0,9.0,-110.0,-108.0
2021-07-03,OAK,BOS,7.0,6.0,9.5,-140.0,120.0
2021-07-03,NYY,NYM,3.0,8.0,8.5,-155.0,137.0
2021-07-03,PHI,SDP,4.0,2.0,8.0,135.0,-160.0
2021-07-03,PIT,MIL,2.0,11.0,9.5,135.0,-160.0
2021-07-03,SEA,TEX,3.0,7.0,9.0,-164.0,145.0
2021-07-03,TOR,TBD,6.0,3.0,10.0,-122.0,105.0
2021-07-03,WSN,LAD,3.0,5.0,8.5,210.0,-245.0
2021-07-04,COL,STL,3.0,2.0,11.0,-162.0,139.0
2021-07-04,NYY,NYM,5.0,10.0,9.0,-153.0,134.0
2021-07-04,ANA,BAL,6.0,5.0,10.5,-240.0,200.0
2021-07-04,ARI,SFG,2.0,5.0,9.0,164.0,-190.0
2021-07-04,ATL,FLA,8.0,7.0,8.5,-178.0,154.0
2021-07-04,CIN,CHC,3.0,2.0,9.5,-115.0,100.0
2021-07-04,CLE,HOU,3.0,4.0,9.0,128.0,-148.0
2021-07-04,DET,CHW,6.0,5.0,9.5,160.0,-185.0
2021-07-04,OAK,BOS,0.0,1.0,9.0,-112.0,-104.0
2021-07-04,PHI,SDP,1.0,11.0,9.0,117.0,-136.0
2021-07-04,PIT,MIL,2.0,0.0,7.5,170.0,-200.0
2021-07-04,SEA,TEX,4.0,1.0,9.0,-145.0,125.0
2021-07-04,TOR,TBD,1.0,5.0,10.0,-174.0,150.0
2021-07-04,WSN,LAD,1.0,5.0,9.0,115.0,-135.0
2021-07-04,KCR,MIN,2.0,6.0,10.0,120.0,-139.0
2021-07-05,CHC,PHI,3.0,13.0,11.0,-155.0,134.0
2021-07-05,PIT,ATL,11.0,1.0,9.0,165.0,-195.0
2021-07-05,FLA,LAD,5.0,4.0,6.5,113.0,-130.0
2021-07-05,KCR,CIN,2.0,6.0,10.5,-129.0,115.0
2021-07-05,MIN,CHW,8.0,5.0,10.0,110.0,-128.0
2021-07-05,NYM,MIL,4.0,2.0,7.5,114.0,-130.0
2021-07-05,ANA,BOS,4.0,5.0,10.0,112.0,-132.0
2021-07-05,SDP,WSN,5.0,7.0,8.5,-260.0,218.0
2021-07-05,TBD,CLE,9.0,8.0,8.5,-205.0,170.0
2021-07-05,TEX,DET,3.0,7.0,9.0,-167.0,143.0
2021-07-05,SFG,STL,3.0,5.0,7.5,-220.0,188.0
2021-07-06,ARI,COL,4.0,3.0,8.5,-134.0,115.0
2021-07-06,MIN,CHW,1.0,4.0,8.0,108.0,-125.0
2021-07-06,BAL,TOR,7.0,5.0,11.0,170.0,-200.0
2021-07-06,ANA,BOS,5.0,3.0,8.5,-102.0,-118.0
2021-07-06,FLA,LAD,2.0,1.0,8.0,120.0,-140.0
2021-07-06,HOU,OAK,9.0,6.0,8.5,-165.0,141.0
2021-07-06,KCR,CIN,7.0,6.0,9.5,138.0,-160.0
2021-07-06,SDP,WSN,7.0,4.0,9.0,-170.0,150.0
2021-07-06,PIT,ATL,2.0,1.0,9.0,162.0,-190.0
2021-07-06,SEA,NYY,1.0,12.0,9.5,145.0,-170.0
2021-07-06,SFG,STL,5.0,6.0,8.0,-140.0,120.0
2021-07-06,TEX,DET,10.0,5.0,9.0,-178.0,155.0
2021-07-06,CHC,PHI,10.0,15.0,10.0,125.0,-144.0
2021-07-07,CHC,PHI,8.0,3.0,7.0,125.0,-145.0
2021-07-07,FLA,LAD,9.0,6.0,9.0,149.0,-170.0
2021-07-07,BAL,TOR,2.0,10.0,11.0,165.0,-200.0
2021-07-07,HOU,OAK,4.0,3.0,8.5,-160.0,140.0
2021-07-07,ANA,BOS,5.0,4.0,9.0,112.0,-130.0
2021-07-07,NYM,MIL,0.0,5.0,7.0,-119.0,104.0
2021-07-07,ARI,COL,6.0,4.0,9.5,-110.0,-110.0
2021-07-07,KCR,CIN,2.0,5.0,9.5,114.0,-133.0
2021-07-07,MIN,CHW,1.0,6.0,8.5,-103.0,-111.0
2021-07-07,PIT,ATL,3.0,14.0,9.5,133.0,-157.0
2021-07-07,SDP,WSN,5.0,15.0,8.5,-180.0,150.0
2021-07-07,SEA,NYY,4.0,5.0,8.5,-122.0,105.0
2021-07-07,SFG,STL,5.0,2.0,8.5,-180.0,155.0
2021-07-07,TBD,CLE,8.0,1.0,7.0,-160.0,135.0
2021-07-07,TEX,DET,3.0,5.0,8.0,-150.0,131.0
2021-07-08,CLE,KCR,7.0,4.0,9.5,-140.0,120.0
2021-07-08,FLA,LAD,1.0,6.0,7.0,140.0,-167.0
2021-07-08,MIL,CIN,5.0,3.0,8.5,-117.0,-100.0
2021-07-08,ARI,COL,3.0,9.0,9.5,-120.0,-102.0
2021-07-08,HOU,OAK,1.0,2.0,9.0,-180.0,155.0
2021-07-08,MIN,DET,5.0,3.0,9.5,-136.0,120.0
2021-07-08,SEA,NYY,4.0,0.0,8.5,120.0,-140.0
2021-07-08,SDP,WSN,9.0,8.0,7.0,-158.0,135.0
2021-07-08,CHC,PHI,0.0,8.0,7.0,-110.0,-106.0
2021-07-09,HOU,NYY,0.0,4.0,9.0,-135.0,115.0
2021-07-09,NYM,PIT,13.0,4.0,8.0,-215.0,180.0
2021-07-09,MIL,CIN,0.0,2.0,8.5,-125.0,105.0
2021-07-09,BOS,PHI,11.0,5.0,11.5,-135.0,116.0
2021-07-09,CHC,STL,10.0,5.0,8.0,-159.0,135.0
2021-07-09,CLE,KCR,2.0,1.0,9.5,-146.0,125.0
2021-07-09,FLA,ATL,0.0,5.0,8.0,135.0,-154.0
2021-07-09,LAD,ARI,2.0,5.0,9.0,-295.0,240.0
2021-07-09,TBD,TOR,7.0,1.0,8.5,-127.0,110.0
2021-07-09,MIN,DET,4.0,2.0,9.5,-235.0,205.0
2021-07-09,SDP,COL,4.0,2.0,9.0,-210.0,176.0
2021-07-09,SFG,WSN,5.0,3.0,8.5,-151.0,134.0
2021-07-09,TEX,OAK,3.0,2.0,9.5,114.0,-132.0
2021-07-09,BAL,CHW,1.0,12.0,10.0,120.0,-139.0
2021-07-09,SEA,ANA,7.0,3.0,9.0,107.0,-125.0
2021-07-10,FLA,ATL,4.0,5.0,7.0,-110.0,-105.0
2021-07-10,MIN,DET,9.0,4.0,9.5,-188.0,160.0
2021-07-10,BAL,CHW,3.0,8.0,10.5,182.0,-215.0
2021-07-10,BOS,PHI,2.0,11.0,11.0,-162.0,140.0
2021-07-10,CHC,STL,0.0,6.0,8.0,-115.0,101.0
2021-07-10,CLE,KCR,14.0,6.0,9.0,-130.0,110.0
2021-07-10,LAD,ARI,22.0,1.0,8.0,-335.0,270.0
2021-07-10,HOU,NYY,0.0,1.0,8.5,-105.0,-110.0
2021-07-10,NYM,PIT,2.0,6.0,6.0,-198.0,170.0
2021-07-10,MIL,CIN,3.0,4.0,8.5,-220.0,183.0
2021-07-10,SDP,COL,0.0,3.0,7.5,-220.0,188.0
2021-07-10,SEA,ANA,2.0,0.0,8.5,-104.0,-114.0
2021-07-10,SFG,WSN,10.0,4.0,9.0,-200.0,170.0
2021-07-10,TBD,TOR,5.0,2.0,9.0,-118.0,103.0
2021-07-10,TEX,OAK,4.0,8.0,9.0,115.0,-134.0
2021-07-11,BAL,CHW,5.0,7.0,10.0,150.0,-175.0
2021-07-11,BOS,PHI,4.0,5.0,10.5,-200.0,170.0
2021-07-11,FLA,ATL,7.0,4.0,6.5,-130.0,114.0
2021-07-11,HOU,NYY,8.0,7.0,8.5,-132.0,115.0
2021-07-11,LAD,ARI,7.0,4.0,9.0,-315.0,255.0
2021-07-11,MIL,CIN,1.0,3.0,7.5,-180.0,150.0
2021-07-11,NYM,PIT,5.0,6.0,9.0,-230.0,195.0
2021-07-11,SDP,COL,1.0,3.0,8.5,-200.0,165.0
2021-07-11,SEA,ANA,1.0,7.0,9.0,-120.0,104.0
2021-07-11,SFG,WSN,3.0,1.0,8.0,-200.0,175.0
2021-07-11,TBD,TOR,1.0,3.0,8.5,110.0,-126.0
2021-07-11,TEX,OAK,1.0,4.0,8.0,120.0,-143.0
2021-07-11,MIN,DET,12.0,9.0,8.5,-250.0,204.0
2021-07-16,ARI,CHC,1.0,5.0,9.5,135.0,-157.0
2021-07-16,NYY,BOS,0.0,4.0,9.5,-104.0,-115.0
2021-07-16,ANA,SEA,5.0,6.0,8.5,-158.0,136.0
2021-07-16,ATL,TBD,6.0,7.0,8.5,-134.0,115.0
2021-07-16,CHW,HOU,1.0,7.0,9.0,110.0,-129.0
2021-07-16,CIN,MIL,6.0,11.0,9.5,-130.0,110.0
2021-07-16,COL,LAD,4.0,10.0,12.0,215.0,-259.0
2021-07-16,KCR,BAL,9.0,2.0,9.5,-159.0,138.0
2021-07-16,OAK,CLE,5.0,4.0,8.0,-196.0,165.0
2021-07-16,PHI,FLA,0.0,7.0,8.5,120.0,-140.0
2021-07-16,PIT,NYM,4.0,1.0,8.5,145.0,-168.0
2021-07-16,STL,SFG,2.0,7.0,8.0,-115.0,-105.0
2021-07-16,TOR,TEX,10.0,2.0,9.5,-282.0,227.0
2021-07-16,WSN,SDP,8.0,24.0,9.5,130.0,-151.0
2021-07-17,DET,MIN,1.0,0.0,7.5,105.0,-124.0
2021-07-17,KCR,BAL,4.0,8.0,9.5,-165.0,142.0
2021-07-17,ARI,CHC,2.0,4.0,9.0,110.0,-130.0
2021-07-17,CHW,HOU,10.0,1.0,9.0,-115.0,-105.0
2021-07-17,ANA,SEA,9.0,4.0,8.5,-140.0,120.0
2021-07-17,COL,LAD,2.0,9.0,11.5,205.0,-250.0
2021-07-17,ATL,TBD,9.0,0.0,8.5,-119.0,100.0
2021-07-17,CIN,MIL,4.0,7.0,8.0,120.0,-140.0
2021-07-17,OAK,CLE,2.0,3.0,8.5,-180.0,154.0
2021-07-17,PHI,FLA,4.0,2.0,,,
2021-07-17,PIT,NYM,9.0,7.0,9.0,145.0,-166.0
2021-07-17,STL,SFG,3.0,1.0,8.0,-101.0,-116.0
2021-07-17,WSN,SDP,4.0,10.0,,,
2021-07-17,NYY,BOS,3.0,1.0,8.0,-135.0,115.0
2021-07-18,ANA,SEA,4.0,7.0,8.5,-139.0,120.0
2021-07-18,ARI,CHC,6.0,4.0,9.0,-105.0,-113.0
2021-07-18,CHW,HOU,4.0,0.0,8.0,-138.0,120.0
2021-07-18,CIN,MIL,0.0,8.0,7.5,103.0,-121.0
2021-07-18,COL,LAD,6.0,5.0,11.5,140.0,-158.0
2021-07-18,DET,MIN,7.0,0.0,10.5,110.0,-130.0
2021-07-18,KCR,BAL,0.0,5.0,10.0,-150.0,130.0
2021-07-18,ATL,TBD,5.0,7.0,9.0,-115.0,-103.0
2021-07-18,OAK,CLE,2.0,4.0,8.0,-171.0,150.0
2021-07-18,PHI,FLA,7.0,4.0,9.5,-124.0,105.0
2021-07-18,PIT,NYM,6.0,7.0,8.5,125.0,-143.0
2021-07-18,STL,SFG,2.0,1.0,9.0,-100.0,-120.0
2021-07-18,TOR,TEX,5.0,0.0,7.5,-240.0,200.0
2021-07-18,WSN,SDP,8.0,7.0,9.5,120.0,-138.0
2021-07-18,NYY,BOS,9.0,1.0,9.5,-124.0,105.0
2021-07-19,LAD,SFG,2.0,7.0,8.0,-130.0,110.0
2021-07-19,ARI,PIT,4.0,2.0,9.5,-120.0,102.0
2021-07-19,CHW,MIN,5.0,3.0,8.5,-136.0,118.0
2021-07-19,CIN,NYM,11.0,15.0,11.0,-116.0,-102.0
2021-07-19,DET,TEX,14.0,0.0,9.0,-108.0,-110.0
2021-07-19,HOU,CLE,4.0,3.0,9.0,-230.0,192.0
2021-07-19,OAK,ANA,4.0,1.0,8.0,-120.0,100.0
2021-07-19,TBD,BAL,1.0,6.0,9.0,-290.0,235.0
2021-07-19,TOR,BOS,4.0,13.0,10.5,-132.0,112.0
2021-07-19,WSN,FLA,18.0,1.0,9.5,-140.0,120.0
2021-07-19,STL,CHC,8.0,3.0,8.5,-100.0,-120.0
2021-07-20,HOU,CLE,9.0,3.0,8.5,-221.0,186.0
2021-07-20,CIN,NYM,4.0,3.0,10.5,-150.0,133.0
2021-07-20,LAD,SFG,8.0,6.0,8.5,-145.0,125.0
2021-07-20,ARI,PIT,11.0,6.0,9.0,-106.0,-111.0
2021-07-20,ATL,SDP,2.0,1.0,9.0,150.0,-176.0
2021-07-20,CHW,MIN,9.0,5.0,9.5,-140.0,120.0
2021-07-20,COL,SEA,4.0,6.0,11.0,-184.0,155.0
2021-07-20,NYY,PHI,6.0,4.0,9.0,115.0,-135.0
2021-07-20,MIL,KCR,2.0,5.0,9.5,-167.0,140.0
2021-07-20,OAK,ANA,6.0,0.0,8.5,-158.0,138.0
2021-07-20,STL,CHC,6.0,7.0,9.0,-115.0,-105.0
2021-07-20,TBD,BAL,9.0,3.0,7.5,-200.0,173.0
2021-07-20,WSN,FLA,6.0,3.0,9.0,-110.0,-110.0
2021-07-20,DET,TEX,4.0,1.0,9.0,-120.0,101.0
2021-07-21,ATL,SDP,5.0,6.0,,,
2021-07-21,CIN,NYM,0.0,7.0,10.5,117.0,-137.0
2021-07-21,CHW,MIN,2.0,7.0,9.0,-157.0,135.0
2021-07-21,ARI,PIT,6.0,4.0,9.0,-130.0,112.0
2021-07-21,HOU,CLE,4.0,5.0,8.5,-270.0,225.0
2021-07-21,DET,TEX,4.0,2.0,9.5,-120.0,-102.0
2021-07-21,TBD,BAL,5.0,4.0,8.5,-235.0,196.0
2021-07-21,COL,SEA,6.0,3.0,11.0,-149.0,129.0
2021-07-21,STL,CHC,3.0,2.0,8.0,-135.0,115.0
2021-07-21,WSN,FLA,1.0,3.0,9.5,-166.0,145.0
2021-07-21,TOR,BOS,4.0,7.0,10.5,-210.0,176.0
2021-07-21,MIL,KCR,3.0,6.0,9.0,-185.0,160.0
2021-07-21,NYY,PHI,6.0,5.0,10.5,-108.0,-110.0
2021-07-21,LAD,SFG,2.0,4.0,8.5,-169.0,145.0
2021-07-22,LAD,SFG,3.0,5.0,8.0,-190.0,167.0
2021-07-22,BOS,NYY,5.0,4.0,9.5,-150.0,130.0
2021-07-22,CLE,TBD,4.0,5.0,9.5,116.0,-135.0
2021-07-22,DET,TEX,7.0,5.0,9.5,-145.0,125.0
2021-07-22,FLA,SDP,2.0,3.0,8.5,135.0,-159.0
2021-07-22,SEA,OAK,1.0,4.0,7.5,125.0,-145.0
2021-07-22,PHI,ATL,2.0,7.0,8.5,125.0,-145.0
2021-07-22,STL,CHC,3.0,2.0,8.5,-127.0,111.0
2021-07-22,MIN,ANA,2.0,3.0,9.0,-125.0,105.0
2021-07-23,FLA,SDP,2.0,5.0,7.5,125.0,-145.0
2021-07-23,LAD,COL,6.0,9.0,9.0,-300.0,247.0
2021-07-23,BOS,NYY,6.0,2.0,8.5,-116.0,100.0
2021-07-23,CHC,ARI,8.0,3.0,9.5,-140.0,120.0
2021-07-23,CIN,STL,6.0,5.0,9.5,-165.0,145.0
2021-07-23,CLE,TBD,5.0,10.0,9.5,110.0,-130.0
2021-07-23,KCR,DET,5.0,3.0,10.5,-115.0,-105.0
2021-07-23,BAL,WSN,6.0,1.0,10.5,112.0,-132.0
2021-07-23,MIL,CHW,7.0,1.0,8.0,-130.0,110.0
2021-07-23,NYM,TOR,3.0,0.0,8.5,-114.0,100.0
2021-07-23,PHI,ATL,5.0,1.0,7.5,-157.0,135.0
2021-07-23,SEA,OAK,4.0,3.0,8.0,105.0,-124.0
2021-07-23,SFG,PIT,4.0,6.0,8.5,-197.0,169.0
2021-07-23,MIN,ANA,5.0,4.0,9.5,-110.0,-109.0
2021-07-23,HOU,TEX,7.0,3.0,8.5,-217.0,183.0
2021-07-24,HOU,TEX,4.0,1.0,8.0,-222.0,189.0
2021-07-24,CIN,STL,5.0,3.0,9.0,-182.0,155.0
2021-07-24,CHC,ARI,3.0,7.0,10.5,-177.0,155.0
2021-07-24,BOS,NYY,3.0,4.0,9.0,-177.0,150.0
2021-07-24,BAL,WSN,5.0,3.0,11.0,117.0,-135.0
2021-07-24,LAD,COL,1.0,0.0,8.5,-210.0,180.0
2021-07-24,KCR,DET,9.0,8.0,10.0,-145.0,125.0
2021-07-24,FLA,SDP,3.0,2.0,9.0,140.0,-163.0
2021-07-24,MIL,CHW,6.0,1.0,7.0,-137.0,119.0
2021-07-24,NYM,TOR,3.0,10.0,8.5,100.0,-118.0
2021-07-24,PHI,ATL,3.0,15.0,10.5,-125.0,109.0
2021-07-24,SEA,OAK,5.0,4.0,7.5,-101.0,-116.0
2021-07-24,SFG,PIT,2.0,10.0,8.0,-285.0,235.0
2021-07-24,MIN,ANA,1.0,2.0,9.0,-130.0,110.0
2021-07-24,CLE,TBD,2.0,8.0,10.5,139.0,-160.0
2021-07-25,HOU,TEX,3.0,1.0,8.5,-267.0,220.0
2021-07-25,KCR,DET,6.0,1.0,10.0,-108.0,-110.0
2021-07-25,BAL,WSN,5.0,4.0,10.5,101.0,-115.0
2021-07-25,BOS,NYY,5.0,4.0,10.5,-140.0,120.0
2021-07-25,CHC,ARI,5.0,1.0,9.0,-189.0,162.0
2021-07-25,CIN,STL,6.0,10.0,10.0,-168.0,144.0
2021-07-25,CLE,TBD,3.0,2.0,9.0,150.0,-175.0
2021-07-25,FLA,SDP,9.0,3.0,7.5,185.0,-220.0
2021-07-25,MIN,ANA,2.0,6.0,10.5,-125.0,105.0
2021-07-25,LAD,COL,3.0,2.0,8.5,-187.0,157.0
2021-07-25,NYM,TOR,5.0,4.0,9.5,103.0,-120.0
2021-07-25,PHI,ATL,2.0,1.0,9.5,-167.0,143.0
2021-07-25,SEA,OAK,4.0,3.0,8.5,115.0,-135.0
2021-07-25,SFG,PIT,6.0,1.0,7.5,-200.0,170.0
2021-07-25,MIL,CHW,1.0,3.0,7.5,-161.0,140.0
2021-07-26,ANA,COL,6.0,2.0,7.5,-157.0,135.0
2021-07-26,CHC,CIN,6.0,5.0,8.5,-139.0,120.0
2021-07-26,BOS,TOR,5.0,4.0,11.5,-140.0,120.0
2021-07-26,KCR,CHW,4.0,3.0,9.5,105.0,-124.0
2021-07-26,NYM,ATL,0.0,2.0,6.5,-151.0,130.0
2021-07-26,PHI,WSN,6.0,5.0,9.5,-133.0,114.0
2021-07-26,MIN,DET,6.0,5.0,10.0,-173.0,150.0
2021-07-26,SEA,HOU,11.0,8.0,8.5,150.0,-175.0
2021-07-27,KCR,CHW,3.0,5.0,9.5,135.0,-152.0
2021-07-27,PHI,WSN,4.0,6.0,10.5,-126.0,109.0
2021-07-27,ANA,COL,3.0,12.0,9.0,-135.0,116.0
2021-07-27,BAL,FLA,3.0,7.0,9.0,114.0,-133.0
2021-07-27,CHC,CIN,4.0,7.0,10.5,-170.0,145.0
2021-07-27,CLE,STL,2.0,4.0,9.5,-101.0,-120.0
2021-07-27,NYM,ATL,5.0,12.0,9.0,129.0,-148.0
2021-07-27,MIN,DET,5.0,6.0,9.0,-190.0,164.0
2021-07-27,PIT,MIL,0.0,9.0,9.0,135.0,-154.0
2021-07-27,SEA,HOU,6.0,8.0,8.0,145.0,-165.0
2021-07-27,SFG,LAD,2.0,1.0,8.5,103.0,-121.0
2021-07-27,TBD,NYY,3.0,4.0,7.5,-140.0,120.0
2021-07-27,TEX,ARI,5.0,4.0,8.5,-150.0,130.0
2021-07-27,SDP,OAK,7.0,4.0,8.5,-151.0,131.0
2021-07-28,MIN,DET,14.0,17.0,10.0,-140.0,120.0
2021-07-28,ANA,COL,8.0,7.0,9.0,-216.0,180.0
2021-07-28,BOS,TOR,1.0,4.0,11.0,125.0,-143.0
2021-07-28,CHC,CIN,2.0,8.0,10.0,-105.0,-115.0
2021-07-28,CLE,STL,7.0,2.0,8.5,-105.0,-115.0
2021-07-28,KCR,CHW,3.0,2.0,10.0,155.0,-180.0
2021-07-28,NYM,ATL,2.0,1.0,7.5,-130.0,110.0
2021-07-28,BAL,FLA,8.0,7.0,9.5,-135.0,115.0
2021-07-28,SEA,HOU,4.0,11.0,8.5,-104.0,-115.0
2021-07-28,SFG,LAD,0.0,8.0,7.5,110.0,-130.0
2021-07-28,TBD,NYY,1.0,3.0,8.5,-139.0,120.0
2021-07-28,TEX,ARI,2.0,3.0,9.0,-122.0,104.0
2021-07-28,SDP,OAK,4.0,10.0,8.0,-132.0,114.0
2021-07-28,PIT,MIL,3.0,7.0,9.0,130.0,-150.0
2021-07-29,BOS,TOR,1.0,13.0,10.5,-121.0,104.0
2021-07-29,PHI,WSN,1.0,3.0,5.5,-155.0,135.0
2021-07-29,CHC,CIN,4.0,7.0,7.0,115.0,-135.0
2021-07-29,DET,BAL,6.0,2.0,10.0,-155.0,133.0
2021-07-29,KCR,CHW,5.0,0.0,9.5,156.0,-185.0
2021-07-29,ANA,OAK,0.0,4.0,9.0,135.0,-155.0
2021-07-29,NYM,ATL,3.0,6.0,8.5,-130.0,110.0
2021-07-29,SFG,LAD,5.0,0.0,8.5,105.0,-125.0
2021-07-29,TBD,NYY,14.0,0.0,7.5,110.0,-130.0
2021-07-29,SDP,COL,3.0,0.0,8.0,-285.0,232.0
2021-07-29,PIT,MIL,0.0,12.0,8.0,170.0,-200.0
2021-07-30,ARI,LAD,6.0,5.0,9.0,175.0,-205.0
2021-07-30,NYM,CIN,2.0,6.0,8.0,-142.0,125.0
2021-07-30,ATL,MIL,5.0,9.0,8.5,130.0,-149.0
2021-07-30,CHW,CLE,6.0,4.0,8.0,-250.0,205.0
2021-07-30,DET,BAL,3.0,4.0,9.0,-153.0,133.0
2021-07-30,ANA,OAK,0.0,2.0,8.5,102.0,-120.0
2021-07-30,PIT,PHI,7.0,0.0,9.0,115.0,-136.0
2021-07-30,FLA,NYY,1.0,3.0,7.5,150.0,-170.0
2021-07-30,SFG,HOU,6.0,9.0,8.5,-126.0,110.0
2021-07-30,WSN,CHC,4.0,3.0,9.0,-134.0,115.0
2021-07-30,TOR,KCR,6.0,4.0,10.0,-242.0,202.0
2021-07-30,SDP,COL,4.0,9.0,8.0,-210.0,180.0
2021-07-30,TBD,BOS,7.0,3.0,9.0,-140.0,120.0
2021-07-30,STL,MIN,5.0,1.0,9.0,-155.0,135.0
2021-07-30,TEX,SEA,5.0,9.0,7.5,139.0,-158.0
2021-07-31,ANA,OAK,1.0,0.0,10.0,130.0,-150.0
2021-07-31,ATL,MIL,8.0,1.0,9.0,124.0,-142.0
2021-07-31,CHW,CLE,11.0,12.0,9.0,-154.0,135.0
2021-07-31,DET,BAL,2.0,5.0,9.5,-113.0,-105.0
2021-07-31,FLA,NYY,2.0,4.0,7.5,122.0,-143.0
2021-07-31,NYM,CIN,5.0,4.0,9.0,-127.0,110.0
2021-07-31,PIT,PHI,3.0,2.0,7.5,160.0,-190.0
2021-07-31,SDP,COL,3.0,5.0,7.0,-200.0,170.0
2021-07-31,SFG,HOU,8.0,6.0,8.5,-118.0,-100.0
2021-07-31,STL,MIN,1.0,8.0,8.5,-132.0,115.0
2021-07-31,TBD,BOS,9.0,5.0,8.5,-115.0,-105.0
2021-07-31,TEX,SEA,5.0,4.0,8.5,116.0,-135.0
2021-07-31,TOR,KCR,4.0,0.0,9.0,-252.0,207.0
2021-07-31,WSN,CHC,3.0,6.0,8.0,-124.0,105.0
2021-07-31,ARI,LAD,3.0,8.0,9.5,155.0,-180.0
2021-08-01,PIT,PHI,4.0,15.0,8.5,135.0,-159.0
2021-08-01,ARI,LAD,0.0,13.0,9.5,215.0,-255.0
2021-08-01,ANA,OAK,3.0,8.0,9.5,-120.0,-100.0
2021-08-01,ATL,MIL,1.0,2.0,9.5,-170.0,148.0
2021-08-01,CHW,CLE,2.0,1.0,9.5,-174.0,150.0
2021-08-01,DET,BAL,6.0,2.0,10.0,-150.0,131.0
2021-08-01,FLA,NYY,1.0,3.0,7.0,141.0,-164.0
2021-08-01,NYM,CIN,1.0,7.0,8.5,-190.0,163.0
2021-08-01,STL,MIN,7.0,3.0,8.0,-161.0,140.0
2021-08-01,SDP,COL,8.0,1.0,8.5,-160.0,140.0
2021-08-01,TBD,BOS,3.0,2.0,8.5,-164.0,140.0
2021-08-01,TEX,SEA,4.0,3.0,9.0,130.0,-150.0
2021-08-01,TOR,KCR,5.0,1.0,8.5,-255.0,213.0
2021-08-01,SFG,HOU,5.0,3.0,8.5,-120.0,105.0
2021-08-01,WSN,CHC,6.0,5.0,8.5,-115.0,-105.0
2021-08-02,MIL,PIT,6.0,2.0,9.0,-222.0,184.0
2021-08-02,ARI,SFG,8.0,11.0,9.5,175.0,-210.0
2021-08-02,FLA,NYM,6.0,3.0,7.5,145.0,-165.0
2021-08-02,TBD,SEA,2.0,8.0,8.5,-212.0,178.0
2021-08-02,NYY,BAL,1.0,7.0,10.5,-305.0,247.0
2021-08-02,TOR,CLE,2.0,5.0,9.0,-272.0,225.0
2021-08-02,WSN,PHI,5.0,7.0,8.5,108.0,-125.0
2021-08-02,TEX,ANA,4.0,1.0,8.5,-112.0,-104.0
2021-08-03,CHW,KCR,7.0,1.0,9.0,-255.0,207.0
2021-08-03,MIL,PIT,5.0,8.0,9.0,-242.0,200.0
2021-08-03,CIN,MIN,5.0,7.0,9.0,-140.0,120.0
2021-08-03,COL,CHC,13.0,6.0,11.0,-148.0,128.0
2021-08-03,DET,BOS,4.0,2.0,10.0,130.0,-149.0
2021-08-03,ARI,SFG,3.0,1.0,9.5,155.0,-182.0
2021-08-03,LAD,HOU,0.0,3.0,8.5,-180.0,155.0
2021-08-03,FLA,NYM,5.0,4.0,8.5,163.0,-190.0
2021-08-03,NYY,BAL,13.0,1.0,10.5,-250.0,205.0
2021-08-03,OAK,SDP,1.0,8.0,8.5,-160.0,140.0
2021-08-03,STL,ATL,1.0,6.0,8.5,115.0,-135.0
2021-08-03,TEX,ANA,3.0,11.0,8.5,112.0,-130.0
2021-08-03,TOR,CLE,7.0,2.0,9.0,-215.0,180.0
2021-08-03,WSN,PHI,4.0,5.0,8.0,155.0,-179.0
2021-08-03,TBD,SEA,2.0,4.0,8.0,-161.0,139.0
2021-08-04,FLA,NYM,3.0,5.0,7.5,135.0,-160.0
2021-08-04,CHW,KCR,1.0,9.0,8.5,-287.0,235.0
2021-08-04,ARI,SFG,1.0,7.0,8.5,165.0,-194.0
2021-08-04,CIN,MIN,6.0,5.0,9.5,-240.0,200.0
2021-08-04,COL,CHC,2.0,3.0,11.0,-180.0,155.0
2021-08-04,DET,BOS,1.0,4.0,9.0,135.0,-157.0
2021-08-04,LAD,HOU,7.0,5.0,9.0,-235.0,195.0
2021-08-04,WSN,PHI,5.0,9.0,9.5,-115.0,-105.0
2021-08-04,OAK,SDP,5.0,4.0,8.0,-123.0,108.0
2021-08-04,STL,ATL,4.0,7.0,9.0,-110.0,-110.0
2021-08-04,TBD,SEA,4.0,3.0,8.0,-158.0,135.0
2021-08-04,TEX,ANA,1.0,2.0,8.0,155.0,-184.0
2021-08-04,TOR,CLE,8.0,6.0,9.5,-215.0,182.0
2021-08-04,NYY,BAL,10.0,3.0,9.0,-277.0,225.0
2021-08-04,MIL,PIT,4.0,2.0,8.0,-275.0,225.0
2021-08-05,CIN,PIT,7.0,4.0,9.5,-257.0,209.0
2021-08-05,CHW,KCR,2.0,3.0,9.5,-207.0,175.0
2021-08-05,DET,BOS,8.0,1.0,10.0,110.0,-130.0
2021-08-05,ARI,SFG,4.0,5.0,9.0,145.0,-171.0
2021-08-05,HOU,MIN,3.0,5.0,9.5,-245.0,202.0
2021-08-05,FLA,NYM,4.0,2.0,8.0,111.0,-130.0
2021-08-05,NYY,SEA,5.0,3.0,9.5,-205.0,173.0
2021-08-05,TEX,ANA,0.0,5.0,9.0,-108.0,-110.0
2021-08-05,STL,ATL,4.0,8.0,9.0,105.0,-125.0
2021-08-05,TOR,CLE,3.0,0.0,9.0,-210.0,175.0
2021-08-05,WSN,PHI,6.0,7.0,8.5,130.0,-150.0
2021-08-05,COL,CHC,6.0,5.0,11.5,-154.0,133.0
2021-08-06,HOU,MIN,4.0,5.0,9.0,-207.0,175.0
2021-08-06,LAD,ANA,3.0,4.0,8.0,-220.0,184.0
2021-08-06,ATL,WSN,8.0,4.0,9.0,-210.0,175.0
2021-08-06,BAL,TBD,6.0,10.0,10.0,130.0,-150.0
2021-08-06,CHC,CHW,6.0,8.0,8.5,175.0,-210.0
2021-08-06,CIN,PIT,10.0,0.0,9.5,-192.0,164.0
2021-08-06,CLE,DET,6.0,1.0,9.5,-140.0,121.0
2021-08-06,COL,FLA,14.0,2.0,9.5,-170.0,145.0
2021-08-06,MIL,SFG,2.0,1.0,7.5,-147.0,127.0
2021-08-06,NYY,SEA,3.0,2.0,10.0,-180.0,155.0
2021-08-06,OAK,TEX,4.0,1.0,8.0,-330.0,270.0
2021-08-06,PHI,NYM,4.0,2.0,9.5,-119.0,100.0
2021-08-06,SDP,ARI,5.0,8.0,9.0,-225.0,185.0
2021-08-06,STL,KCR,4.0,2.0,8.0,-194.0,165.0
2021-08-06,TOR,BOS,12.0,4.0,9.0,-143.0,122.0
2021-08-07,CLE,DET,1.0,2.0,9.5,-149.0,130.0
2021-08-07,COL,FLA,7.0,4.0,10.5,-170.0,145.0
2021-08-07,CIN,PIT,11.0,3.0,10.5,-210.0,175.0
2021-08-07,MIL,SFG,6.0,9.0,8.5,-195.0,165.0
2021-08-07,ATL,WSN,2.0,3.0,8.5,-275.0,221.0
2021-08-07,HOU,MIN,4.0,0.0,8.5,-255.0,207.0
2021-08-07,BAL,TBD,3.0,12.0,10.0,195.0,-236.0
2021-08-07,LAD,ANA,5.0,3.0,8.5,-400.0,310.0
2021-08-07,OAK,TEX,12.0,3.0,8.5,-252.0,207.0
2021-08-07,NYY,SEA,5.0,4.0,10.5,-200.0,170.0
2021-08-07,PHI,NYM,5.0,3.0,9.5,-116.0,-100.0
2021-08-07,SDP,ARI,6.0,2.0,8.0,-331.0,265.0
2021-08-07,STL,KCR,5.0,2.0,8.5,-154.0,133.0
2021-08-07,TOR,BOS,1.0,0.0,7.0,-195.0,165.0
2021-08-07,CHC,CHW,0.0,4.0,8.5,170.0,-200.0
2021-08-08,HOU,MIN,5.0,7.0,8.0,-184.0,157.0
2021-08-08,MIL,SFG,4.0,5.0,9.5,-112.0,-104.0
2021-08-08,CHC,CHW,3.0,9.0,10.0,162.0,-188.0
2021-08-08,BAL,TBD,6.0,9.0,10.0,160.0,-187.0
2021-08-08,CIN,PIT,3.0,2.0,10.5,-276.0,225.0
2021-08-08,CLE,DET,7.0,5.0,9.5,-160.0,140.0
2021-08-08,ATL,WSN,5.0,4.0,8.5,-220.0,180.0
2021-08-08,LAD,ANA,8.0,2.0,8.5,-360.0,290.0
2021-08-08,TOR,BOS,9.0,8.0,9.5,-190.0,161.0
2021-08-08,NYY,SEA,0.0,2.0,9.0,-140.0,120.0
2021-08-08,PHI,NYM,3.0,0.0,8.0,-183.0,160.0
2021-08-08,SDP,ARI,2.0,0.0,8.5,-225.0,186.0
2021-08-08,STL,KCR,5.0,6.0,10.0,-135.0,120.0
2021-08-08,OAK,TEX,6.0,3.0,8.5,-275.0,229.0
2021-08-08,COL,FLA,13.0,8.0,11.0,-170.0,149.0
2021-08-09,MIN,CHW,1.0,11.0,10.0,187.0,-225.0
2021-08-09,CLE,CIN,9.0,3.0,8.0,110.0,-128.0
2021-08-09,KCR,NYY,6.0,8.0,9.5,150.0,-174.0
2021-08-09,SDP,FLA,8.0,3.0,7.5,-267.0,224.0
2021-08-10,ATL,CIN,3.0,2.0,9.5,-120.0,103.0
2021-08-10,BAL,DET,4.0,9.0,10.0,115.0,-134.0
2021-08-10,BOS,TBD,4.0,8.0,10.0,-125.0,105.0
2021-08-10,ANA,TOR,0.0,4.0,,,
2021-08-10,CHC,MIL,2.0,4.0,9.0,180.0,-220.0
2021-08-10,CLE,OAK,3.0,4.0,9.5,125.0,-145.0
2021-08-10,SDP,FLA,6.0,5.0,7.5,-265.0,215.0
2021-08-10,SEA,TEX,4.0,5.0,8.0,-225.0,185.0
2021-08-10,NYM,WSN,8.0,7.0,,,
2021-08-10,PHI,LAD,0.0,5.0,8.5,130.0,-150.0
2021-08-10,PIT,STL,1.0,4.0,9.5,115.0,-135.0
2021-08-10,SFG,ARI,8.0,7.0,8.0,-240.0,197.0
2021-08-10,MIN,CHW,4.0,3.0,10.5,135.0,-155.0
2021-08-10,HOU,COL,5.0,0.0,9.0,-190.0,161.0
2021-08-10,KCR,NYY,8.0,4.0,10.0,132.0,-152.0
2021-08-11,CHC,MIL,0.0,10.0,10.0,230.0,-275.0
2021-08-11,BOS,TBD,20.0,8.0,10.5,-122.0,104.0
2021-08-11,CLE,OAK,3.0,6.0,9.5,140.0,-160.0
2021-08-11,ANA,TOR,2.0,10.0,9.5,163.0,-192.0
2021-08-11,BAL,DET,2.0,5.0,10.0,-104.0,-116.0
2021-08-11,KCR,NYY,2.0,5.0,10.0,120.0,-139.0
2021-08-11,HOU,COL,5.0,1.0,9.0,-260.0,215.0
2021-08-11,PHI,LAD,2.0,8.0,10.0,110.0,-128.0
2021-08-11,MIN,CHW,1.0,0.0,9.5,130.0,-150.0
2021-08-11,SFG,ARI,7.0,2.0,8.0,-297.0,242.0
2021-08-11,ATL,CIN,8.0,6.0,9.5,-130.0,110.0
2021-08-11,SDP,FLA,0.0,7.0,8.0,-162.0,140.0
2021-08-11,PIT,STL,0.0,4.0,9.0,150.0,-175.0
2021-08-11,SEA,TEX,2.0,1.0,8.0,-215.0,177.0
2021-08-12,ARI,SDP,12.0,3.0,9.0,215.0,-265.0
2021-08-12,CLE,OAK,0.0,17.0,9.5,155.0,-180.0
2021-08-12,ATL,CIN,3.0,12.0,10.0,-156.0,137.0
2021-08-12,BAL,DET,4.0,6.0,10.5,-154.0,132.0
2021-08-12,ANA,TOR,6.0,3.0,8.5,116.0,-135.0
2021-08-12,CHW,NYY,9.0,8.0,9.5,-182.0,152.0
2021-08-12,CHC,MIL,4.0,17.0,8.5,191.0,-232.0
2021-08-12,NYM,WSN,4.0,1.0,6.5,-235.0,192.0
2021-08-12,PHI,LAD,2.0,1.0,10.0,120.0,-140.0
2021-08-12,PIT,STL,6.0,7.0,9.0,116.0,-136.0
2021-08-12,SEA,TEX,3.0,1.0,8.5,-225.0,190.0
2021-08-12,SFG,COL,7.0,0.0,7.5,-202.0,172.0
2021-08-12,BOS,TBD,1.0,8.0,11.0,-116.0,104.0
2021-08-13,FLA,CHC,14.0,10.0,7.5,-120.0,105.0
2021-08-13,MIN,TBD,4.0,10.0,9.5,144.0,-169.0
2021-08-13,ANA,HOU,1.0,4.0,9.0,117.0,-135.0
2021-08-13,ARI,SDP,3.0,2.0,8.5,160.0,-186.0
2021-08-13,BOS,BAL,8.0,1.0,11.0,-270.0,225.0
2021-08-13,DET,CLE,4.0,7.0,9.5,105.0,-120.0
2021-08-13,KCR,STL,0.0,6.0,8.5,126.0,-144.0
2021-08-13,WSN,ATL,2.0,4.0,9.0,150.0,-176.0
2021-08-13,NYM,LAD,5.0,6.0,8.0,150.0,-172.0
2021-08-13,SEA,TOR,3.0,2.0,8.5,146.0,-172.0
2021-08-13,SFG,COL,5.0,4.0,8.0,-222.0,186.0
2021-08-13,TEX,OAK,8.0,6.0,8.5,145.0,-166.0
2021-08-13,PHI,CIN,1.0,6.0,8.5,-165.0,143.0
2021-08-14,FLA,CHC,5.0,4.0,8.0,-162.0,142.0
2021-08-14,NYM,LAD,1.0,2.0,8.5,170.0,-198.0
2021-08-14,ANA,HOU,2.0,8.0,9.5,175.0,-205.0
2021-08-14,ARI,SDP,7.0,0.0,9.0,195.0,-236.0
2021-08-14,CHW,NYY,5.0,7.0,8.5,-140.0,120.0
2021-08-14,DET,CLE,6.0,4.0,9.5,-134.0,115.0
2021-08-14,KCR,STL,4.0,9.0,10.0,-118.0,-102.0
2021-08-14,MIN,TBD,12.0,0.0,9.5,-110.0,-110.0
2021-08-14,PHI,CIN,6.0,1.0,9.5,115.0,-135.0
2021-08-14,PIT,MIL,0.0,6.0,7.0,172.0,-200.0
2021-08-14,SEA,TOR,9.0,3.0,9.0,130.0,-150.0
2021-08-14,SFG,COL,1.0,4.0,8.5,-225.0,186.0
2021-08-14,TEX,OAK,3.0,8.0,9.0,195.0,-235.0
2021-08-14,WSN,ATL,2.0,12.0,9.0,150.0,-177.0
2021-08-14,BOS,BAL,16.0,2.0,10.0,-335.0,270.0
2021-08-15,NYM,LAD,4.0,14.0,8.0,165.0,-197.0
2021-08-15,KCR,STL,2.0,7.0,10.0,100.0,-120.0
2021-08-15,DET,CLE,0.0,11.0,9.0,122.0,-140.0
2021-08-15,FLA,CHC,4.0,1.0,7.0,-145.0,125.0
2021-08-15,CHW,NYY,3.0,5.0,8.5,-171.0,147.0
2021-08-15,ARI,SDP,2.0,8.0,9.0,145.0,-168.0
2021-08-15,MIN,TBD,5.0,4.0,10.5,138.0,-159.0
2021-08-15,ANA,HOU,3.0,1.0,9.0,170.0,-200.0
2021-08-15,PHI,CIN,4.0,7.0,8.0,-140.0,120.0
2021-08-15,SEA,TOR,3.0,8.0,8.5,-100.0,-115.0
2021-08-15,SFG,COL,5.0,2.0,8.0,-195.0,165.0
2021-08-15,TEX,OAK,7.0,4.0,8.5,196.0,-240.0
2021-08-15,PIT,MIL,1.0,2.0,8.5,175.0,-210.0
2021-08-15,WSN,ATL,5.0,6.0,9.5,136.0,-160.0
2021-08-15,BOS,BAL,6.0,2.0,10.5,-312.0,252.0
2021-08-16,CHW,OAK,5.0,2.0,9.0,104.0,-123.0
2021-08-16,CIN,CHC,14.0,5.0,9.5,-217.0,180.0
2021-08-16,COL,SDP,6.0,5.0,13.0,115.0,-133.0
2021-08-16,FLA,ATL,2.0,12.0,8.5,145.0,-166.0
2021-08-16,KCR,HOU,7.0,6.0,10.0,135.0,-155.0
2021-08-16,NYY,ANA,2.0,1.0,10.0,-162.0,141.0
2021-08-16,MIN,CLE,5.0,4.0,9.5,-126.0,110.0
2021-08-16,TBD,BAL,9.0,2.0,8.5,-275.0,225.0
2021-08-16,LAD,PIT,2.0,1.0,9.0,-274.0,220.0
2021-08-16,SFG,NYM,7.0,5.0,9.0,-228.0,200.0
2021-08-17,FLA,ATL,0.0,2.0,7.5,125.0,-145.0
2021-08-17,DET,ANA,2.0,8.0,9.0,-147.0,128.0
2021-08-17,LAD,PIT,4.0,3.0,9.0,-342.0,280.0
2021-08-17,CHW,OAK,9.0,0.0,9.0,-105.0,-115.0
2021-08-17,MIN,CLE,1.0,3.0,9.5,-175.0,150.0
2021-08-17,COL,SDP,7.0,3.0,12.5,-109.0,-110.0
2021-08-17,KCR,HOU,3.0,1.0,9.5,152.0,-179.0
2021-08-17,ARI,PHI,3.0,2.0,9.5,132.0,-155.0
2021-08-17,SFG,NYM,3.0,2.0,8.0,-159.0,135.0
2021-08-17,NYY,BOS,5.0,3.0,10.0,-110.0,-110.0
2021-08-17,WSN,TOR,12.0,6.0,9.0,175.0,-210.0
2021-08-17,CIN,CHC,1.0,2.0,9.5,-190.0,165.0
2021-08-17,TBD,BAL,10.0,0.0,8.5,-267.0,220.0
2021-08-17,STL,MIL,0.0,2.0,7.0,140.0,-165.0
2021-08-17,TEX,SEA,1.0,3.0,8.5,118.0,-135.0
2021-08-18,ARI,PHI,4.0,2.0,9.5,151.0,-178.0
2021-08-18,CHW,OAK,3.0,2.0,9.0,-215.0,180.0
2021-08-18,CIN,CHC,1.0,7.0,9.5,-337.0,267.0
2021-08-18,COL,SDP,7.0,5.0,14.0,130.0,-150.0
2021-08-18,DET,ANA,1.0,3.0,8.5,115.0,-132.0
2021-08-18,FLA,ATL,9.0,11.0,7.5,200.0,-237.0
2021-08-18,KCR,HOU,3.0,2.0,9.5,157.0,-184.0
2021-08-18,MIN,CLE,8.0,7.0,9.5,-115.0,-105.0
2021-08-18,SFG,NYM,2.0,6.0,9.0,-145.0,125.0
2021-08-18,STL,MIL,4.0,6.0,7.0,105.0,-125.0
2021-08-18,TBD,BAL,8.0,4.0,9.0,-335.0,270.0
2021-08-18,TEX,SEA,1.0,3.0,8.5,141.0,-165.0
2021-08-18,WSN,TOR,8.0,5.0,9.0,145.0,-170.0
2021-08-18,NYY,BOS,5.0,2.0,10.0,-123.0,105.0
2021-08-18,LAD,PIT,9.0,0.0,9.0,-317.0,261.0
2021-08-19,ARI,PHI,6.0,2.0,8.0,178.0,-210.0
2021-08-19,CHW,OAK,4.0,5.0,9.0,-157.0,135.0
2021-08-19,CIN,FLA,6.0,1.0,9.0,-331.0,260.0
2021-08-19,DET,ANA,10.0,13.0,9.5,100.0,-115.0
2021-08-19,KCR,HOU,3.0,6.0,9.0,152.0,-180.0
2021-08-19,NYY,MIN,7.0,5.0,10.0,-250.0,204.0
2021-08-19,STL,MIL,8.0,4.0,8.0,172.0,-200.0
2021-08-19,TBD,BAL,7.0,2.0,9.0,-380.0,300.0
2021-08-19,TEX,SEA,8.0,9.0,8.5,120.0,-140.0
2021-08-19,LAD,NYM,4.0,1.0,9.0,-205.0,175.0
2021-08-20,BOS,TEX,6.0,0.0,9.0,-320.0,260.0
2021-08-20,LAD,NYM,3.0,2.0,8.5,-261.0,213.0
2021-08-20,MIL,WSN,1.0,4.0,9.0,-195.0,165.0
2021-08-20,CLE,ANA,9.0,1.0,9.5,-121.0,103.0
2021-08-20,COL,ARI,9.0,4.0,11.5,-200.0,168.0
2021-08-20,HOU,SEA,12.0,3.0,8.5,-190.0,162.0
2021-08-20,CIN,FLA,5.0,3.0,8.5,-187.0,160.0
2021-08-20,BAL,ATL,0.0,3.0,10.0,215.0,-260.0
2021-08-20,OAK,SFG,4.0,1.0,9.0,-101.0,-118.0
2021-08-20,NYY,MIN,10.0,2.0,10.5,-267.0,217.0
2021-08-20,TOR,DET,1.0,4.0,9.5,-280.0,230.0
2021-08-20,CHC,KCR,2.0,6.0,8.5,-109.0,-110.0
2021-08-20,STL,PIT,0.0,4.0,8.5,-230.0,195.0
2021-08-20,TBD,CHW,5.0,7.0,8.5,-101.0,-117.0
2021-08-20,SDP,PHI,3.0,4.0,9.0,-220.0,180.0
2021-08-21,LAD,NYM,4.0,3.0,9.0,-270.0,220.0
2021-08-21,BAL,ATL,4.0,5.0,11.0,154.0,-181.0
2021-08-21,BOS,TEX,1.0,10.0,9.5,-358.0,277.0
2021-08-21,CHC,KCR,2.0,4.0,9.5,-130.0,110.0
2021-08-21,CIN,FLA,7.0,4.0,9.0,-200.0,169.0
2021-08-21,CLE,ANA,5.0,1.0,9.0,-132.0,113.0
2021-08-21,HOU,SEA,15.0,1.0,9.0,-146.0,125.0
2021-08-21,COL,ARI,5.0,2.0,11.5,-155.0,135.0
2021-08-21,MIL,WSN,9.0,6.0,9.0,-236.0,197.0
2021-08-21,NYY,MIN,7.0,1.0,7.5,-252.0,210.0
2021-08-21,SDP,PHI,4.0,3.0,7.5,-160.0,135.0
2021-08-21,STL,PIT,4.0,5.0,9.0,-210.0,176.0
2021-08-21,TBD,CHW,8.0,4.0,9.0,-147.0,126.0
2021-08-21,TOR,DET,3.0,0.0,9.5,-262.0,212.0
2021-08-21,OAK,SFG,5.0,6.0,8.0,-105.0,-115.0
2021-08-22,COL,ARI,4.0,8.0,11.5,-185.0,160.0
2021-08-22,CIN,FLA,3.0,1.0,8.5,-135.0,115.0
2021-08-22,CLE,ANA,3.0,0.0,9.0,-120.0,102.0
2021-08-22,CHC,KCR,1.0,9.0,8.0,-115.0,-105.0
2021-08-22,BAL,ATL,1.0,3.0,9.5,145.0,-170.0
2021-08-22,LAD,NYM,2.0,7.0,8.5,-181.0,155.0
2021-08-22,HOU,SEA,3.0,6.0,8.5,-205.0,175.0
2021-08-22,OAK,SFG,1.0,2.0,8.0,-104.0,-115.0
2021-08-22,MIL,WSN,7.0,3.0,9.0,-232.0,190.0
2021-08-22,STL,PIT,3.0,0.0,8.5,-240.0,200.0
2021-08-22,TBD,CHW,9.0,0.0,9.0,-123.0,105.0
2021-08-22,SDP,PHI,4.0,7.0,9.0,-166.0,141.0
2021-08-22,TOR,DET,3.0,5.0,10.0,-277.0,230.0
2021-08-23,TOR,CHW,2.0,1.0,8.5,-116.0,-101.0
2021-08-23,PIT,ARI,6.0,5.0,9.5,-120.0,100.0
2021-08-23,OAK,SEA,3.0,5.0,8.5,-144.0,125.0
2021-08-23,BOS,TEX,8.0,4.0,9.5,-305.0,250.0
2021-08-23,ATL,NYY,1.0,5.0,9.0,-110.0,-110.0
2021-08-23,HOU,KCR,1.0,7.0,9.0,-260.0,210.0
2021-08-23,CHC,COL,6.0,4.0,8.5,-125.0,109.0
2021-08-24,NYM,SFG,0.0,8.0,8.5,-126.0,108.0
2021-08-24,BAL,ANA,8.0,14.0,10.0,113.0,-132.0
2021-08-24,MIL,CIN,7.0,4.0,7.5,-211.0,175.0
2021-08-24,BOS,MIN,11.0,9.0,10.5,-232.0,190.0
2021-08-24,ATL,NYY,4.0,5.0,9.0,-140.0,120.0
2021-08-24,FLA,WSN,1.0,5.0,8.5,-115.0,-105.0
2021-08-24,HOU,KCR,4.0,0.0,8.5,-270.0,222.0
2021-08-24,CLE,TEX,3.0,7.0,9.0,-174.0,150.0
2021-08-24,PIT,ARI,4.0,2.0,8.5,-105.0,-115.0
2021-08-24,SDP,LAD,2.0,5.0,8.5,125.0,-144.0
2021-08-24,STL,DET,3.0,4.0,8.0,-240.0,200.0
2021-08-24,TOR,CHW,2.0,5.0,9.0,-133.0,115.0
2021-08-24,PHI,TBD,1.0,3.0,9.0,102.0,-118.0
2021-08-24,OAK,SEA,1.0,5.0,8.5,-157.0,135.0
2021-08-25,HOU,KCR,6.0,5.0,8.0,-270.0,220.0
2021-08-25,BOS,MIN,6.0,9.0,10.5,-165.0,142.0
2021-08-25,CHC,COL,5.0,2.0,7.0,120.0,-140.0
2021-08-25,CLE,TEX,7.0,2.0,9.0,-200.0,170.0
2021-08-25,FLA,WSN,4.0,3.0,7.5,-110.0,-108.0
2021-08-25,MIL,CIN,4.0,1.0,7.5,-159.0,135.0
2021-08-25,BAL,ANA,10.0,6.0,9.0,185.0,-225.0
2021-08-25,PHI,TBD,4.0,7.0,8.0,-160.0,140.0
2021-08-25,PIT,ARI,2.0,5.0,9.0,-105.0,-111.0
2021-08-25,SDP,LAD,3.0,5.0,8.0,125.0,-145.0
2021-08-25,STL,DET,3.0,2.0,9.0,-125.0,105.0
2021-08-25,TOR,CHW,3.0,1.0,8.5,-120.0,100.0
2021-08-25,NYM,SFG,2.0,3.0,8.5,-110.0,-108.0
2021-08-26,BOS,MIN,12.0,2.0,10.0,-278.0,230.0
2021-08-26,OAK,NYY,6.0,7.0,8.5,108.0,-125.0
2021-08-26,CLE,TEX,10.0,6.0,9.5,-161.0,140.0
2021-08-26,FLA,WSN,7.0,5.0,7.5,-119.0,-100.0
2021-08-26,BAL,ANA,13.0,1.0,10.5,-109.0,-110.0
2021-08-26,MIL,CIN,1.0,5.0,8.5,-105.0,-114.0
2021-08-26,NYM,SFG,2.0,3.0,8.5,-100.0,-120.0
2021-08-26,PHI,ARI,7.0,8.0,9.0,-142.0,125.0
2021-08-26,SEA,KCR,4.0,6.0,8.0,-170.0,149.0
2021-08-26,TOR,CHW,7.0,10.0,8.5,-107.0,-110.0
2021-08-26,PIT,STL,11.0,7.0,8.5,145.0,-168.0
2021-08-26,SDP,LAD,0.0,4.0,7.5,120.0,-141.0
2021-08-27,ANA,SDP,0.0,5.0,9.0,175.0,-210.0
2021-08-27,DET,TOR,2.0,1.0,9.5,149.0,-172.0
2021-08-27,ATL,SFG,6.0,5.0,8.5,-124.0,108.0
2021-08-27,BAL,TBD,3.0,6.0,10.0,198.0,-240.0
2021-08-27,CHW,CHC,17.0,13.0,9.5,-220.0,188.0
2021-08-27,CLE,BOS,3.0,4.0,9.5,150.0,-177.0
2021-08-27,LAD,COL,2.0,4.0,8.5,-272.0,227.0
2021-08-27,FLA,CIN,0.0,6.0,8.0,115.0,-135.0
2021-08-27,NYM,WSN,1.0,2.0,9.0,-200.0,170.0
2021-08-27,OAK,NYY,2.0,8.0,7.5,150.0,-175.0
2021-08-27,PHI,ARI,7.0,6.0,8.5,-272.0,225.0
2021-08-27,PIT,STL,3.0,4.0,8.5,146.0,-167.0
2021-08-27,SEA,KCR,7.0,8.0,8.0,-185.0,160.0
2021-08-27,TEX,HOU,4.0,5.0,9.0,165.0,-190.0
2021-08-27,MIN,MIL,2.0,0.0,9.5,116.0,-134.0
2021-08-28,LAD,COL,5.0,2.0,9.0,-255.0,213.0
2021-08-28,ANA,SDP,10.0,2.0,10.0,110.0,-130.0
2021-08-28,BAL,TBD,3.0,4.0,9.5,142.0,-165.0
2021-08-28,CHW,CHC,0.0,7.0,9.0,-333.0,265.0
2021-08-28,CLE,BOS,3.0,5.0,9.0,120.0,-140.0
2021-08-28,DET,TOR,2.0,3.0,9.5,170.0,-198.0
2021-08-28,FLA,CIN,6.0,1.0,7.5,-107.0,-110.0
2021-08-28,ATL,SFG,0.0,5.0,8.5,-110.0,-105.0
2021-08-28,MIN,MIL,6.0,4.0,10.0,129.0,-146.0
2021-08-28,NYM,WSN,5.0,3.0,8.0,-235.0,190.0
2021-08-28,OAK,NYY,3.0,2.0,8.5,-126.0,-110.0
2021-08-28,PHI,ARI,7.0,0.0,8.5,-182.0,160.0
2021-08-28,PIT,STL,0.0,13.0,8.5,163.0,-190.0
2021-08-28,TEX,HOU,2.0,5.0,9.0,205.0,-250.0
2021-08-28,SEA,KCR,2.0,4.0,8.0,-158.0,139.0
2021-08-29,MIN,MIL,2.0,6.0,9.5,135.0,-155.0
2021-08-29,ATL,SFG,9.0,0.0,9.0,-129.0,115.0
2021-08-29,BAL,TBD,8.0,12.0,10.0,209.0,-255.0
2021-08-29,CHW,CHC,13.0,1.0,9.0,-270.0,220.0
2021-08-29,CLE,BOS,7.0,5.0,10.0,137.0,-157.0
2021-08-29,DET,TOR,1.0,2.0,9.0,155.0,-182.0
2021-08-29,FLA,CIN,2.0,1.0,8.0,170.0,-200.0
2021-08-29,SEA,KCR,4.0,3.0,8.5,-155.0,136.0
2021-08-29,NYM,WSN,9.0,4.0,8.0,-190.0,160.0
2021-08-29,OAK,NYY,3.0,1.0,9.0,130.0,-152.0
2021-08-29,PHI,ARI,7.0,4.0,8.5,-180.0,155.0
2021-08-29,PIT,STL,4.0,3.0,9.0,140.0,-160.0
2021-08-29,TEX,HOU,13.0,2.0,8.5,185.0,-220.0
2021-08-29,LAD,COL,0.0,5.0,9.0,-250.0,205.0
2021-08-30,DET,MIN,2.0,3.0,7.0,140.0,-160.0
2021-08-30,SFG,MIL,1.0,3.0,7.5,125.0,-143.0
2021-08-30,ANA,NYY,8.0,7.0,9.0,171.0,-200.0
2021-08-30,ARI,SDP,5.0,7.0,9.5,160.0,-182.0
2021-08-30,CIN,STL,1.0,3.0,9.5,-210.0,180.0
2021-08-30,LAD,ATL,5.0,3.0,8.5,-209.0,179.0
2021-08-30,TEX,COL,4.0,3.0,8.5,132.0,-153.0
2021-08-30,TBD,BOS,6.0,1.0,9.0,-146.0,129.0
2021-08-30,SEA,HOU,3.0,4.0,8.0,140.0,-161.0
2021-08-30,TOR,BAL,7.0,3.0,9.5,-360.0,290.0
2021-08-30,WSN,PHI,4.0,7.0,8.0,130.0,-150.0
2021-08-31,ANA,NYY,6.0,4.0,9.0,172.0,-212.0
2021-08-31,ARI,SDP,0.0,3.0,8.0,148.0,-175.0
2021-08-31,CHW,PIT,4.0,2.0,8.5,-367.0,295.0
2021-08-31,DET,OAK,3.0,9.0,9.0,-100.0,-118.0
2021-08-31,KCR,CLE,2.0,7.0,8.5,-120.0,104.0
2021-08-31,LAD,ATL,3.0,2.0,7.5,-199.0,165.0
2021-08-31,MIN,CHC,1.0,3.0,9.5,-155.0,135.0
2021-08-31,NYM,FLA,3.0,1.0,6.5,-225.0,188.0
2021-08-31,SEA,HOU,4.0,0.0,8.0,140.0,-167.0
2021-08-31,TBD,BOS,8.0,5.0,9.0,-160.0,140.0
2021-08-31,SFG,MIL,2.0,6.0,7.5,109.0,-129.0
2021-08-31,TOR,BAL,2.0,4.0,9.5,-320.0,260.0
2021-08-31,WSN,PHI,6.0,12.0,9.5,-133.0,115.0
2021-08-31,TEX,COL,4.0,3.0,8.5,110.0,-130.0
2021-09-01,LAD,ATL,4.0,3.0,7.5,-217.0,179.0
2021-09-01,ANA,NYY,1.0,4.0,8.5,237.0,-297.0
2021-09-01,ARI,SDP,8.0,3.0,9.0,182.0,-222.0
2021-09-01,CHW,PIT,6.0,3.0,8.5,-395.0,320.0
2021-09-01,CIN,STL,4.0,5.0,8.5,-160.0,136.0
2021-09-01,KCR,CLE,3.0,5.0,9.0,-134.0,115.0
2021-09-01,DET,OAK,8.0,6.0,9.5,155.0,-185.0
2021-09-01,SEA,HOU,1.0,0.0,8.5,115.0,-136.0
2021-09-01,SFG,MIL,2.0,5.0,8.0,-190.0,160.0
2021-09-01,TBD,BOS,2.0,3.0,7.5,-120.0,101.0
2021-09-01,TEX,COL,5.0,9.0,8.5,120.0,-142.0
2021-09-01,TOR,BAL,5.0,4.0,10.0,-270.0,217.0
2021-09-01,MIN,CHC,0.0,3.0,9.0,-188.0,156.0
2021-09-02,COL,ATL,5.0,6.0,12.5,134.0,-157.0
2021-09-02,DET,OAK,6.0,8.0,9.0,179.0,-220.0
2021-09-02,NYM,FLA,4.0,3.0,7.0,-154.0,130.0
2021-09-02,KCR,CLE,2.0,4.0,8.5,-107.0,-108.0
2021-09-02,CHC,PIT,6.0,5.0,8.5,-134.0,113.0
2021-09-02,TBD,BOS,0.0,4.0,8.0,-167.0,139.0
2021-09-02,WSN,PHI,6.0,7.0,8.5,140.0,-166.0
2021-09-02,SFG,MIL,5.0,1.0,7.5,-189.0,159.0
2021-09-03,MIL,STL,4.0,15.0,7.5,-171.0,144.0
2021-09-03,ANA,TEX,3.0,2.0,7.5,-195.0,162.0
2021-09-03,ARI,SEA,5.0,6.0,9.0,-103.0,-115.0
2021-09-03,BOS,CLE,8.0,5.0,9.0,-176.0,149.0
2021-09-03,CHC,PIT,6.0,5.0,8.5,-156.0,133.0
2021-09-03,CIN,DET,5.0,15.0,9.5,-181.0,150.0
2021-09-03,FLA,PHI,10.0,3.0,7.5,124.0,-148.0
2021-09-03,COL,ATL,4.0,3.0,11.0,120.0,-142.0
2021-09-03,NYY,BAL,4.0,3.0,9.0,-250.0,205.0
2021-09-03,SFG,LAD,3.0,2.0,8.5,104.0,-121.0
2021-09-03,TBD,MIN,5.0,3.0,9.5,-200.0,168.0
2021-09-03,TOR,OAK,11.0,10.0,9.0,-161.0,135.0
2021-09-03,WSN,NYM,2.0,6.0,9.5,112.0,-132.0
2021-09-03,SDP,HOU,3.0,6.0,9.0,108.0,-126.0
2021-09-03,KCR,CHW,7.0,2.0,9.5,107.0,-127.0
2021-09-04,FLA,PHI,3.0,2.0,7.5,105.0,-124.0
2021-09-04,ARI,SEA,5.0,8.0,9.0,113.0,-133.0
2021-09-04,MIL,STL,4.0,0.0,8.5,-127.0,108.0
2021-09-04,BOS,CLE,4.0,3.0,9.5,-195.0,164.0
2021-09-04,ANA,TEX,4.0,1.0,8.5,-160.0,135.0
2021-09-04,CIN,DET,7.0,4.0,9.0,-200.0,166.0
2021-09-04,COL,ATL,7.0,6.0,11.0,-105.0,-115.0
2021-09-04,KCR,CHW,7.0,10.0,9.0,135.0,-159.0
2021-09-04,SFG,LAD,1.0,6.0,8.5,139.0,-165.0
2021-09-04,NYY,BAL,3.0,4.0,9.5,-355.0,287.0
2021-09-04,TOR,OAK,10.0,8.0,9.0,-180.0,152.0
2021-09-04,WSN,NYM,4.0,3.0,7.5,139.0,-166.0
2021-09-04,SDP,HOU,10.0,2.0,7.5,-114.0,-105.0
2021-09-04,TBD,MIN,11.0,4.0,9.0,-221.0,182.0
2021-09-04,CHC,PIT,7.0,6.0,8.5,-155.0,131.0
2021-09-05,COL,ATL,2.0,9.0,11.5,173.0,-207.0
2021-09-05,ANA,TEX,3.0,7.0,9.5,-128.0,109.0
2021-09-05,KCR,CHW,6.0,0.0,8.5,130.0,-153.0
2021-09-05,BOS,CLE,5.0,11.0,10.0,-141.0,120.0
2021-09-05,CHC,PIT,11.0,8.0,9.5,-148.0,125.0
2021-09-05,CIN,DET,1.0,4.0,9.0,-245.0,197.0
2021-09-05,FLA,PHI,3.0,4.0,7.5,-105.0,-111.0
2021-09-05,ARI,SEA,4.0,10.0,9.0,109.0,-130.0
2021-09-05,MIL,STL,6.0,5.0,7.5,-242.0,199.0
2021-09-05,NYY,BAL,7.0,8.0,10.0,-347.0,277.0
2021-09-05,SDP,HOU,4.0,3.0,8.5,-110.0,-105.0
2021-09-05,SFG,LAD,6.0,4.0,8.5,166.0,-200.0
2021-09-05,TBD,MIN,5.0,6.0,9.5,-235.0,192.0
2021-09-05,TOR,OAK,8.0,0.0,9.5,-222.0,182.0
2021-09-05,WSN,NYM,6.0,13.0,9.0,106.0,-125.0
2021-09-06,COL,SFG,5.0,10.0,10.5,122.0,-148.0
2021-09-06,ANA,TEX,0.0,4.0,8.5,-131.0,113.0
2021-09-06,BAL,KCR,2.0,3.0,10.5,100.0,-118.0
2021-09-06,BOS,TBD,10.0,11.0,9.5,-145.0,124.0
2021-09-06,CHC,CIN,4.0,3.0,8.0,139.0,-164.0
2021-09-06,CLE,MIN,2.0,5.0,9.5,110.0,-129.0
2021-09-06,HOU,SEA,11.0,2.0,8.5,-227.0,186.0
2021-09-06,MIL,PHI,0.0,12.0,7.0,-141.0,120.0
2021-09-06,NYY,TOR,0.0,8.0,10.0,-143.0,123.0
2021-09-06,PIT,DET,6.0,3.0,8.5,119.0,-139.0
2021-09-06,STL,LAD,1.0,5.0,7.5,182.0,-223.0
2021-09-06,WSN,NYM,4.0,3.0,9.5,106.0,-127.0
2021-09-07,ARI,TEX,1.0,3.0,8.5,-172.0,144.0
2021-09-07,ATL,WSN,8.0,5.0,9.0,-275.0,222.0
2021-09-07,BAL,KCR,7.0,3.0,10.0,105.0,-124.0
2021-09-07,BOS,TBD,7.0,12.0,9.5,-115.0,-103.0
2021-09-07,CHC,CIN,3.0,4.0,9.5,131.0,-154.0
2021-09-07,CLE,MIN,0.0,3.0,10.5,-131.0,110.0
2021-09-07,COL,SFG,3.0,12.0,12.0,202.0,-245.0
2021-09-07,HOU,SEA,5.0,4.0,8.5,-177.0,149.0
2021-09-07,NYY,TOR,1.0,5.0,8.5,-250.0,205.0
2021-09-07,MIL,PHI,10.0,0.0,8.5,-112.0,-104.0
2021-09-07,OAK,CHW,3.0,6.0,9.0,-130.0,110.0
2021-09-07,PIT,DET,3.0,2.0,9.0,-114.0,-105.0
2021-09-07,SDP,ANA,0.0,4.0,7.5,-339.0,270.0
2021-09-07,STL,LAD,2.0,7.0,9.0,135.0,-159.0
2021-09-07,FLA,NYM,4.0,9.0,7.5,154.0,-183.0
2021-09-08,CHC,CIN,4.0,1.0,9.0,-104.0,-115.0
2021-09-08,COL,SFG,4.0,7.0,11.5,119.0,-140.0
2021-09-08,FLA,NYM,2.0,1.0,7.0,-104.0,-112.0
2021-09-08,ARI,TEX,5.0,8.0,9.0,-159.0,135.0
2021-09-08,ATL,WSN,2.0,4.0,9.5,-220.0,184.0
2021-09-08,BAL,KCR,9.0,8.0,9.5,110.0,-129.0
2021-09-08,BOS,TBD,2.0,1.0,10.0,-112.0,-106.0
2021-09-08,CLE,MIN,0.0,3.0,9.0,-130.0,110.0
2021-09-08,MIL,PHI,4.0,3.0,8.0,-167.0,141.0
2021-09-08,HOU,SEA,5.0,8.0,8.5,-180.0,151.0
2021-09-08,PIT,DET,1.0,5.0,9.0,-126.0,108.0
2021-09-08,NYY,TOR,3.0,6.0,9.5,-132.0,112.0
2021-09-08,OAK,CHW,5.0,1.0,8.5,-165.0,140.0
2021-09-08,SDP,ANA,8.0,5.0,8.0,-305.0,247.0
2021-09-08,STL,LAD,5.0,4.0,8.5,112.0,-132.0
2021-09-09,NYY,TOR,4.0,6.0,8.5,-119.0,101.0
2021-09-09,ATL,WSN,7.0,6.0,9.5,-235.0,192.0
2021-09-09,BAL,KCR,0.0,6.0,8.5,-120.0,100.0
2021-09-09,CLE,MIN,4.0,1.0,9.0,-165.0,139.0
2021-09-09,FLA,NYM,3.0,2.0,7.5,154.0,-184.0
2021-09-09,OAK,CHW,3.0,1.0,8.0,-145.0,124.0
2021-09-09,STL,LAD,2.0,1.0,9.0,142.0,-166.0
2021-09-09,PHI,COL,3.0,4.0,8.5,-186.0,155.0
2021-09-10,ATL,FLA,6.0,2.0,8.0,-200.0,164.0
2021-09-10,BAL,TOR,6.0,3.0,9.0,247.0,-315.0
2021-09-10,CHC,SFG,1.0,6.0,9.5,130.0,-152.0
2021-09-10,LAD,SDP,3.0,0.0,7.5,-160.0,135.0
2021-09-10,CHW,BOS,4.0,3.0,8.5,-163.0,138.0
2021-09-10,CLE,MIL,3.0,10.0,9.0,120.0,-142.0
2021-09-10,DET,TBD,10.0,4.0,9.0,139.0,-167.0
2021-09-10,HOU,ANA,10.0,5.0,7.5,-210.0,176.0
2021-09-10,PIT,WSN,4.0,3.0,9.0,-117.0,-102.0
2021-09-10,MIN,KCR,4.0,6.0,9.5,-134.0,115.0
2021-09-10,OAK,TEX,10.0,5.0,8.5,-187.0,157.0
2021-09-10,PHI,COL,2.0,11.0,8.5,-153.0,130.0
2021-09-10,SEA,ARI,5.0,4.0,8.5,-159.0,135.0
2021-09-10,NYM,NYY,10.0,3.0,7.5,100.0,-119.0
2021-09-10,STL,CIN,2.0,4.0,8.0,102.0,-121.0
2021-09-11,ATL,FLA,4.0,6.0,8.0,-276.0,227.0
2021-09-11,DET,TBD,2.0,7.0,9.0,135.0,-159.0
2021-09-11,BAL,TOR,2.0,11.0,10.5,180.0,-225.0
2021-09-11,LAD,SDP,5.0,4.0,8.5,-230.0,186.0
2021-09-11,CHW,BOS,8.0,9.0,9.5,-180.0,150.0
2021-09-11,CLE,MIL,0.0,3.0,8.5,170.0,-209.0
2021-09-11,HOU,ANA,2.0,4.0,8.5,-250.0,202.0
2021-09-11,CHC,SFG,4.0,15.0,10.5,185.0,-226.0
2021-09-11,OAK,TEX,6.0,8.0,9.0,-212.0,173.0
2021-09-11,PHI,COL,6.0,1.0,7.5,-239.0,192.0
2021-09-11,PIT,WSN,10.0,7.0,9.0,120.0,-140.0
2021-09-11,SEA,ARI,3.0,7.0,8.5,-171.0,142.0
2021-09-11,STL,CIN,6.0,4.0,8.0,100.0,-116.0
2021-09-11,NYM,NYY,7.0,8.0,8.0,101.0,-120.0
2021-09-11,MIN,KCR,9.0,2.0,9.0,-140.0,117.0
2021-09-12,LAD,SDP,8.0,0.0,7.5,-168.0,145.0
2021-09-12,ATL,FLA,5.0,3.0,8.5,-300.0,240.0
2021-09-12,BAL,TOR,7.0,22.0,11.5,190.0,-236.0
2021-09-12,CHC,SFG,5.0,6.0,9.0,180.0,-215.0
2021-09-12,CLE,MIL,1.0,11.0,9.5,101.0,-115.0
2021-09-12,DET,TBD,8.0,7.0,9.0,125.0,-148.0
2021-09-12,HOU,ANA,3.0,1.0,8.5,-300.0,245.0
2021-09-12,CHW,BOS,2.0,1.0,9.0,-174.0,145.0
2021-09-12,MIN,KCR,3.0,5.0,8.5,-170.0,142.0
2021-09-12,NYM,NYY,7.0,6.0,9.0,-122.0,104.0
2021-09-12,PHI,COL,4.0,5.0,9.0,-297.0,240.0
2021-09-12,PIT,WSN,2.0,6.0,9.0,106.0,-125.0
2021-09-12,SEA,ARI,4.0,5.0,8.0,-177.0,147.0
2021-09-12,STL,CIN,2.0,0.0,9.0,106.0,-125.0
2021-09-12,OAK,TEX,3.0,4.0,8.5,-192.0,162.0
2021-09-13,SFG,SDP,9.0,1.0,8.0,-105.0,-113.0
2021-09-13,LAD,ARI,5.0,1.0,8.0,-307.0,247.0
2021-09-13,NYM,STL,0.0,7.0,8.0,-107.0,-110.0
2021-09-13,SEA,BOS,5.0,4.0,8.0,106.0,-125.0
2021-09-13,TEX,HOU,1.0,15.0,8.5,160.0,-190.0
2021-09-13,TOR,TBD,8.0,1.0,9.0,-142.0,122.0
2021-09-13,WSN,FLA,0.0,3.0,8.0,-103.0,-115.0
2021-09-13,NYY,MIN,6.0,5.0,10.0,-225.0,185.0
2021-09-14,ATL,COL,4.0,5.0,9.5,-152.0,130.0
2021-09-14,MIN,CLE,1.0,3.0,9.5,-186.0,160.0
2021-09-14,BAL,NYY,2.0,7.0,9.5,275.0,-350.0
2021-09-14,DET,MIL,1.0,0.0,9.0,180.0,-222.0
2021-09-14,KCR,OAK,10.0,7.0,8.5,140.0,-167.0
2021-09-14,LAD,ARI,8.0,4.0,9.0,-280.0,220.0
2021-09-14,CHW,ANA,9.0,3.0,9.0,-286.0,240.0
2021-09-14,NYM,STL,6.0,7.0,8.0,-185.0,155.0
2021-09-14,TEX,HOU,8.0,1.0,9.5,180.0,-217.0
2021-09-14,SEA,BOS,4.0,8.0,8.0,125.0,-145.0
2021-09-14,SFG,SDP,6.0,1.0,9.5,-200.0,170.0
2021-09-14,PHI,CHC,3.0,6.0,9.5,-202.0,170.0
2021-09-14,TOR,TBD,0.0,2.0,9.5,-143.0,120.0
2021-09-14,WSN,FLA,8.0,2.0,8.5,-149.0,125.0
2021-09-14,PIT,CIN,6.0,5.0,8.5,145.0,-175.0
2021-09-15,PHI,CHC,6.0,5.0,9.5,-207.0,170.0
2021-09-15,ATL,COL,2.0,3.0,8.5,-225.0,180.0
2021-09-15,BAL,NYY,3.0,4.0,10.0,140.0,-167.0
2021-09-15,CHW,ANA,2.0,3.0,9.5,-230.0,185.0
2021-09-15,DET,MIL,4.0,1.0,8.5,195.0,-250.0
2021-09-15,KCR,OAK,10.0,12.0,9.0,120.0,-140.0
2021-09-15,LAD,ARI,5.0,3.0,8.0,-420.0,330.0
2021-09-15,NYM,STL,4.0,11.0,8.5,-182.0,150.0
2021-09-15,MIN,CLE,3.0,12.0,9.0,-115.0,-105.0
2021-09-15,SFG,SDP,6.0,9.0,8.5,-110.0,-110.0
2021-09-15,TEX,HOU,2.0,7.0,8.5,170.0,-200.0
2021-09-15,TOR,TBD,6.0,3.0,8.5,-175.0,150.0
2021-09-15,WSN,FLA,6.0,8.0,8.5,105.0,-122.0
2021-09-15,PIT,CIN,5.0,4.0,9.5,118.0,-138.0
2021-09-15,SEA,BOS,4.0,9.0,8.5,112.0,-130.0
2021-09-16,PHI,CHC,17.0,8.0,9.0,-162.0,137.0
2021-09-16,BAL,NYY,3.0,2.0,10.5,195.0,-240.0
2021-09-16,CHW,ANA,3.0,9.0,8.5,-190.0,160.0
2021-09-16,KCR,OAK,2.0,7.0,10.5,105.0,-125.0
2021-09-16,SFG,SDP,4.0,7.0,8.0,-190.0,160.0
2021-09-16,TEX,HOU,1.0,12.0,8.5,145.0,-170.0
2021-09-16,TBD,DET,5.0,2.0,8.5,-210.0,175.0
2021-09-16,PIT,CIN,0.0,1.0,8.5,148.0,-175.0
2021-09-17,NYM,PHI,3.0,4.0,7.5,110.0,-131.0
2021-09-17,ANA,OAK,4.0,5.0,9.0,114.0,-134.0
2021-09-17,BOS,BAL,7.0,1.0,9.5,-345.0,280.0
2021-09-17,CIN,LAD,3.0,1.0,8.5,145.0,-175.0
2021-09-17,FLA,PIT,1.0,2.0,7.5,-163.0,137.0
2021-09-17,HOU,ARI,4.0,3.0,9.5,-250.0,200.0
2021-09-17,MIL,CHC,8.0,5.0,8.5,-235.0,190.0
2021-09-17,KCR,SEA,2.0,6.0,9.0,103.0,-122.0
2021-09-17,NYY,CLE,8.0,0.0,9.0,-200.0,168.0
2021-09-17,SFG,ATL,6.0,5.0,8.0,-172.0,147.0
2021-09-17,TBD,DET,7.0,4.0,8.5,-225.0,184.0
2021-09-17,TEX,CHW,0.0,8.0,8.5,171.0,-202.0
2021-09-17,TOR,MIN,3.0,7.0,9.5,-222.0,181.0
2021-09-17,WSN,COL,8.0,9.0,9.0,100.0,-116.0
2021-09-17,STL,SDP,8.0,2.0,9.0,-125.0,108.0
2021-09-18,NYM,PHI,3.0,5.0,8.0,-105.0,-111.0
2021-09-18,KCR,SEA,8.0,1.0,9.0,-117.0,-101.0
2021-09-18,ANA,OAK,1.0,3.0,9.0,101.0,-122.0
2021-09-18,BOS,BAL,9.0,3.0,10.5,-290.0,235.0
2021-09-18,FLA,PIT,3.0,6.0,8.0,-132.0,111.0
2021-09-18,HOU,ARI,4.0,6.0,9.0,-302.0,240.0
2021-09-18,MIL,CHC,6.0,4.0,7.5,-335.0,280.0
2021-09-18,CIN,LAD,1.0,5.0,8.5,192.0,-232.0
2021-09-18,NYY,CLE,3.0,11.0,9.5,-196.0,164.0
2021-09-18,STL,SDP,3.0,2.0,7.5,-122.0,105.0
2021-09-18,TBD,DET,3.0,4.0,8.5,-187.0,154.0
2021-09-18,TOR,MIN,6.0,2.0,9.5,-167.0,141.0
2021-09-18,TEX,CHW,2.0,1.0,8.5,205.0,-247.0
2021-09-18,WSN,COL,0.0,6.0,9.5,-126.0,108.0
2021-09-18,SFG,ATL,2.0,0.0,7.5,-105.0,-111.0
2021-09-19,NYM,PHI,3.0,2.0,8.5,-136.0,115.0
2021-09-19,BOS,BAL,8.0,6.0,9.5,-347.0,282.0
2021-09-19,ANA,OAK,2.0,3.0,8.5,115.0,-135.0
2021-09-19,CIN,LAD,5.0,8.0,9.0,167.0,-200.0
2021-09-19,FLA,PIT,6.0,5.0,7.0,-222.0,182.0
2021-09-19,HOU,ARI,7.0,6.0,8.5,-205.0,170.0
2021-09-19,KCR,SEA,1.0,7.0,9.5,103.0,-122.0
2021-09-19,MIL,CHC,4.0,6.0,9.0,-235.0,195.0
2021-09-19,NYY,CLE,1.0,11.0,8.5,-342.0,275.0
2021-09-19,SFG,ATL,0.0,3.0,8.5,-124.0,104.0
2021-09-19,STL,SDP,8.0,7.0,9.5,-115.0,-105.0
2021-09-19,TBD,DET,0.0,2.0,8.5,-290.0,240.0
2021-09-19,TEX,CHW,2.0,7.0,8.5,184.0,-220.0
2021-09-19,TOR,MIN,5.0,3.0,9.0,-237.0,192.0
2021-09-19,WSN,COL,3.0,0.0,8.5,-110.0,-108.0
2021-09-20,CLE,KCR,2.0,7.0,7.0,-160.0,135.0
2021-09-20,DET,CHW,4.0,3.0,8.5,195.0,-240.0
2021-09-20,ANA,HOU,0.0,10.0,9.0,178.0,-222.0
2021-09-20,ARI,ATL,4.0,11.0,9.0,157.0,-189.0
2021-09-20,CIN,PIT,9.0,5.0,9.5,-165.0,140.0
2021-09-20,FLA,WSN,8.0,7.0,7.5,-105.0,-113.0
2021-09-20,NYY,TEX,4.0,3.0,8.5,-280.0,225.0
2021-09-20,OAK,SEA,2.0,4.0,8.5,-178.0,149.0
2021-09-20,PHI,BAL,0.0,2.0,7.5,-215.0,180.0
2021-09-20,TBD,TOR,6.0,4.0,8.0,115.0,-134.0
2021-09-20,MIL,STL,2.0,5.0,8.0,-197.0,164.0
2021-09-21,COL,LAD,4.0,5.0,11.0,176.0,-210.0
2021-09-21,ANA,HOU,5.0,10.0,9.5,165.0,-199.0
2021-09-21,ARI,ATL,1.0,6.0,9.5,136.0,-160.0
2021-09-21,BOS,NYM,6.0,3.0,9.5,-135.0,115.0
2021-09-21,CHC,MIN,5.0,9.0,8.0,-122.0,104.0
2021-09-21,CIN,PIT,2.0,6.0,8.5,-237.0,192.0
2021-09-21,CLE,KCR,4.0,1.0,9.0,-155.0,132.0
2021-09-21,FLA,WSN,1.0,7.0,7.5,-145.0,125.0
2021-09-21,DET,CHW,5.0,3.0,9.5,138.0,-164.0
2021-09-21,NYY,TEX,7.0,1.0,8.5,-274.0,225.0
2021-09-21,OAK,SEA,2.0,5.0,8.5,-137.0,118.0
2021-09-21,PHI,BAL,3.0,2.0,9.5,-220.0,175.0
2021-09-21,SDP,SFG,5.0,6.0,7.5,-112.0,-105.0
2021-09-21,MIL,STL,1.0,2.0,7.5,-214.0,172.0
2021-09-21,TBD,TOR,2.0,4.0,8.5,-108.0,-109.0
2021-09-22,BOS,NYM,12.0,5.0,9.5,-181.0,153.0
2021-09-22,ARI,ATL,2.0,9.0,9.5,146.0,-171.0
2021-09-22,CHC,MIN,4.0,5.0,6.5,-105.0,-115.0
2021-09-22,MIL,STL,2.0,10.0,9.0,-132.0,111.0
2021-09-22,ANA,HOU,5.0,9.0,9.5,170.0,-211.0
2021-09-22,COL,LAD,10.0,5.0,10.5,170.0,-202.0
2021-09-22,NYY,TEX,7.0,3.0,9.0,-278.0,225.0
2021-09-22,OAK,SEA,1.0,4.0,8.5,-156.0,131.0
2021-09-22,PHI,BAL,4.0,3.0,8.0,-337.0,272.0
2021-09-22,SDP,SFG,6.0,8.0,9.5,-115.0,-102.0
2021-09-22,TBD,TOR,7.0,1.0,9.0,-110.0,-108.0
2021-09-22,FLA,WSN,5.0,7.0,8.5,-134.0,113.0
2021-09-23,CLE,CHW,2.0,7.0,8.5,125.0,-145.0
2021-09-23,ANA,HOU,3.0,2.0,8.5,136.0,-164.0
2021-09-23,ARI,ATL,6.0,4.0,8.5,175.0,-209.0
2021-09-23,BAL,TEX,3.0,0.0,9.0,110.0,-128.0
2021-09-23,CIN,WSN,2.0,3.0,9.0,-215.0,177.0
2021-09-23,OAK,SEA,5.0,6.0,8.5,-165.0,139.0
2021-09-23,MIL,STL,5.0,8.0,7.5,-122.0,104.0
2021-09-23,COL,LAD,5.0,7.0,10.5,220.0,-272.0
2021-09-23,PHI,PIT,12.0,6.0,8.5,-282.0,230.0
2021-09-23,SDP,SFG,7.0,6.0,7.5,-102.0,-116.0
2021-09-23,MIN,TOR,7.0,2.0,9.5,122.0,-145.0
2021-09-24,BOS,NYY,3.0,8.0,9.0,101.0,-120.0
2021-09-24,BAL,TEX,5.0,8.0,9.5,-110.0,-108.0
2021-09-24,CHC,STL,5.0,8.0,8.5,125.0,-146.0
2021-09-24,ANA,SEA,5.0,6.0,8.5,113.0,-133.0
2021-09-24,CIN,WSN,8.0,7.0,8.5,-177.0,150.0
2021-09-24,COL,SFG,2.0,7.0,12.5,167.0,-200.0
2021-09-24,ARI,LAD,2.0,4.0,10.5,194.0,-237.0
2021-09-24,CLE,CHW,0.0,1.0,8.0,105.0,-120.0
2021-09-24,DET,KCR,1.0,3.0,8.5,-106.0,-111.0
2021-09-24,MIL,NYM,5.0,1.0,8.0,-140.0,120.0
2021-09-24,MIN,TOR,3.0,1.0,9.0,133.0,-158.0
2021-09-24,OAK,HOU,14.0,2.0,8.0,-120.0,-100.0
2021-09-24,PHI,PIT,8.0,6.0,9.0,-235.0,194.0
2021-09-24,SDP,ATL,0.0,4.0,8.5,110.0,-129.0
2021-09-24,TBD,FLA,8.0,0.0,8.5,-280.0,220.0
2021-09-25,ANA,SEA,14.0,1.0,8.5,120.0,-141.0
2021-09-25,ARI,LAD,7.0,2.0,9.0,220.0,-270.0
2021-09-25,BAL,TEX,3.0,2.0,9.0,-108.0,-108.0
2021-09-25,BOS,NYY,3.0,5.0,10.5,-110.0,-106.0
2021-09-25,CHC,STL,5.0,8.0,10.0,128.0,-152.0
2021-09-25,CIN,WSN,7.0,6.0,10.0,-126.0,108.0
2021-09-25,CLE,CHW,6.0,0.0,8.5,160.0,-195.0
2021-09-25,MIN,TOR,1.0,6.0,9.0,155.0,-189.0
2021-09-25,DET,KCR,5.0,1.0,9.0,-130.0,112.0
2021-09-25,COL,SFG,2.0,7.0,11.5,121.0,-141.0
2021-09-25,OAK,HOU,2.0,1.0,8.0,-102.0,-118.0
2021-09-25,PHI,PIT,3.0,0.0,8.5,-293.0,242.0
2021-09-25,SDP,ATL,8.0,10.0,8.5,105.0,-124.0
2021-09-25,TBD,FLA,7.0,3.0,7.0,-198.0,166.0
2021-09-25,MIL,NYM,2.0,1.0,7.5,-215.0,180.0
2021-09-26,ANA,SEA,1.0,5.0,8.5,-139.0,117.0
2021-09-26,CHC,STL,2.0,4.0,11.0,127.0,-149.0
2021-09-26,CIN,WSN,9.0,2.0,9.5,-190.0,160.0
2021-09-26,BAL,TEX,4.0,7.0,8.5,-128.0,110.0
2021-09-26,ARI,LAD,0.0,3.0,9.0,250.0,-305.0
2021-09-26,BOS,NYY,3.0,6.0,10.0,-110.0,-108.0
2021-09-26,CLE,CHW,2.0,5.0,8.5,132.0,-156.0
2021-09-26,COL,SFG,2.0,6.0,11.5,142.0,-167.0
2021-09-26,DET,KCR,1.0,2.0,9.0,-105.0,-112.0
2021-09-26,TBD,FLA,3.0,2.0,8.0,-279.0,230.0
2021-09-26,SDP,ATL,3.0,4.0,8.0,-130.0,110.0
2021-09-26,OAK,HOU,4.0,3.0,9.0,-102.0,-120.0
2021-09-26,MIN,TOR,2.0,5.0,9.5,150.0,-177.0
2021-09-26,MIL,NYM,8.0,4.0,8.0,-166.0,140.0
2021-09-26,PHI,PIT,0.0,6.0,9.0,-235.0,195.0
2021-09-27,SEA,OAK,13.0,4.0,8.5,-125.0,104.0
2021-09-27,DET,CHW,7.0,8.0,9.0,143.0,-169.0
2021-09-27,CLE,KCR,8.0,3.0,8.5,-107.0,-110.0
2021-09-27,CIN,PIT,13.0,1.0,8.5,-292.0,237.0
2021-09-27,COL,WSN,4.0,5.0,11.5,-165.0,140.0
2021-09-28,ATL,PHI,2.0,1.0,7.5,-125.0,105.0
2021-09-28,NYM,FLA,5.0,2.0,5.5,-211.0,175.0
2021-09-28,CHW,CIN,7.0,1.0,9.0,-195.0,163.0
2021-09-28,COL,WSN,3.0,1.0,11.5,-136.0,118.0
2021-09-28,HOU,TBD,4.0,3.0,9.5,-137.0,116.0
2021-09-28,KCR,CLE,6.0,4.0,9.0,-125.0,105.0
2021-09-28,LAD,SDP,2.0,1.0,7.5,-195.0,165.0
2021-09-28,MIN,DET,3.0,2.0,9.5,-145.0,125.0
2021-09-28,BAL,BOS,4.0,2.0,9.0,225.0,-278.0
2021-09-28,SEA,OAK,4.0,2.0,8.0,-104.0,-115.0
2021-09-28,SFG,ARI,6.0,4.0,8.0,-272.0,222.0
2021-09-28,STL,MIL,6.0,2.0,7.0,101.0,-118.0
2021-09-28,TEX,ANA,5.0,2.0,9.0,-105.0,-115.0
2021-09-28,TOR,NYY,2.0,7.0,9.0,-126.0,108.0
2021-09-28,PIT,CHC,8.0,6.0,8.5,-110.0,-106.0
2021-09-29,ATL,PHI,7.0,2.0,8.0,-152.0,128.0
2021-09-29,BAL,BOS,0.0,6.0,9.5,227.0,-281.0
2021-09-29,CHW,CIN,6.0,1.0,7.5,-195.0,163.0
2021-09-29,COL,WSN,10.0,5.0,11.5,-124.0,105.0
2021-09-29,HOU,TBD,0.0,7.0,9.0,-145.0,125.0
2021-09-29,MIN,DET,5.0,2.0,9.0,-175.0,147.0
2021-09-29,KCR,CLE,10.0,5.0,9.0,-104.0,-114.0
2021-09-29,LAD,SDP,11.0,9.0,8.0,-321.0,245.0
2021-09-29,PIT,CHC,2.0,3.0,8.5,102.0,-122.0
2021-09-29,NYM,FLA,2.0,3.0,7.5,-181.0,153.0
2021-09-29,TOR,NYY,6.0,5.0,8.0,-102.0,-115.0
2021-09-29,TEX,ANA,2.0,7.0,8.5,-120.0,102.0
2021-09-29,SFG,ARI,1.0,0.0,8.0,-283.0,225.0
2021-09-29,STL,MIL,0.0,4.0,7.5,-115.0,-104.0
2021-09-29,SEA,OAK,4.0,2.0,7.5,-115.0,-101.0
2021-09-30,KCR,CLE,1.0,6.0,8.5,135.0,-160.0
2021-09-30,MIN,DET,7.0,10.0,8.5,-192.0,160.0
2021-09-30,ATL,PHI,5.0,3.0,8.5,-159.0,134.0
2021-09-30,BAL,BOS,6.0,2.0,10.0,192.0,-237.0
2021-09-30,HOU,TBD,3.0,2.0,8.5,-154.0,132.0
2021-09-30,LAD,SDP,8.0,3.0,9.0,-262.0,215.0
2021-09-30,NYM,FLA,12.0,3.0,7.5,-220.0,178.0
2021-09-30,SFG,ARI,5.0,4.0,8.5,-245.0,197.0
2021-09-30,STL,MIL,4.0,3.0,8.5,-121.0,102.0
2021-09-30,TEX,ANA,7.0,6.0,8.5,116.0,-139.0
2021-09-30,TOR,NYY,2.0,6.0,8.5,-154.0,132.0
2021-09-30,PIT,CHC,0.0,9.0,8.5,-105.0,-112.0
2021-10-01,ARI,COL,7.0,9.0,9.0,100.0,-117.0
2021-10-01,PIT,CIN,9.0,2.0,8.5,166.0,-197.0
2021-10-01,ATL,NYM,3.0,4.0,8.5,-118.0,100.0
2021-10-01,CHW,DET,8.0,1.0,8.5,-287.0,232.0
2021-10-01,FLA,PHI,0.0,5.0,6.5,-101.0,-117.0
2021-10-01,HOU,OAK,6.0,8.0,8.5,-138.0,118.0
2021-10-01,KCR,MIN,11.0,6.0,9.5,-101.0,-117.0
2021-10-01,NYY,TBD,3.0,4.0,8.5,-132.0,112.0
2021-10-01,LAD,MIL,8.0,6.0,8.0,-230.0,188.0
2021-10-01,SFG,SDP,3.0,0.0,9.0,-209.0,173.0
2021-10-01,STL,CHC,4.0,3.0,8.0,-220.0,175.0
2021-10-01,TEX,CLE,6.0,9.0,8.5,105.0,-116.0
2021-10-01,TOR,BAL,6.0,4.0,10.0,-382.0,292.0
2021-10-01,WSN,BOS,2.0,4.0,9.0,175.0,-209.0
2021-10-01,SEA,ANA,1.0,2.0,7.5,-166.0,140.0
2021-10-02,FLA,PHI,3.0,1.0,8.0,103.0,-123.0
2021-10-02,KCR,MIN,0.0,4.0,9.5,-131.0,113.0
2021-10-02,HOU,OAK,10.0,4.0,9.5,-182.0,152.0
2021-10-02,NYY,TBD,2.0,12.0,8.5,-135.0,115.0
2021-10-02,CHW,DET,5.0,4.0,9.0,-290.0,235.0
2021-10-02,ATL,NYM,6.0,5.0,8.5,-121.0,102.0
2021-10-02,ARI,COL,11.0,2.0,8.5,-138.0,118.0
2021-10-02,LAD,MIL,8.0,3.0,7.0,-149.0,128.0
2021-10-02,SEA,ANA,6.0,4.0,8.5,-189.0,157.0
2021-10-02,SFG,SDP,2.0,3.0,7.5,-163.0,139.0
2021-10-02,STL,CHC,5.0,6.0,9.0,-195.0,165.0
2021-10-02,TEX,CLE,7.0,2.0,8.5,125.0,-148.0
2021-10-02,TOR,BAL,10.0,1.0,8.5,-284.0,235.0
2021-10-02,WSN,BOS,3.0,5.0,9.5,135.0,-159.0
2021-10-02,PIT,CIN,8.0,6.0,8.0,130.0,-154.0
2021-10-03,PIT,CIN,3.0,6.0,9.0,135.0,-161.0
2021-10-03,KCR,MIN,3.0,7.0,10.0,-105.0,-114.0
2021-10-03,ARI,COL,5.0,4.0,9.0,-112.0,-105.0
2021-10-03,ATL,NYM,5.0,0.0,8.5,-175.0,148.0
2021-10-03,CHW,DET,2.0,5.0,8.0,-285.0,235.0
2021-10-03,FLA,PHI,5.0,4.0,7.5,-104.0,-114.0
2021-10-03,LAD,MIL,10.0,3.0,8.5,-295.0,235.0
2021-10-03,HOU,OAK,7.0,6.0,8.5,-174.0,145.0
2021-10-03,SEA,ANA,3.0,7.0,7.5,-177.0,148.0
2021-10-03,SFG,SDP,11.0,4.0,8.5,-234.0,187.0
2021-10-03,STL,CHC,2.0,3.0,8.5,-159.0,135.0
2021-10-03,TEX,CLE,0.0,6.0,8.0,-115.0,-104.0
2021-10-03,TOR,BAL,12.0,4.0,10.0,-362.0,285.0
2021-10-03,WSN,BOS,5.0,7.0,9.5,184.0,-220.0
2021-10-03,NYY,TBD,1.0,0.0,9.0,-134.0,112.0
2021-10-05,BOS,NYY,6.0,2.0,8.0,115.0,-134.0
2021-10-06,LAD,STL,3.0,1.0,7.5,-237.0,194.0
2021-10-07,TBD,BOS,5.0,0.0,8.0,-161.0,137.0
2021-10-07,HOU,CHW,6.0,1.0,7.5,-135.0,115.0
2021-10-08,SFG,LAD,4.0,0.0,7.0,100.0,-116.0
2021-10-08,MIL,ATL,2.0,1.0,7.0,-164.0,138.0
2021-10-08,TBD,BOS,6.0,14.0,7.5,-143.0,123.0
2021-10-08,HOU,CHW,9.0,4.0,8.0,-110.0,-105.0
2021-10-09,MIL,ATL,0.0,3.0,7.0,-125.0,105.0
2021-10-09,SFG,LAD,2.0,9.0,7.5,109.0,-128.0
2021-10-10,CHW,HOU,12.0,6.0,8.5,-123.0,104.0
2021-10-10,BOS,TBD,6.0,4.0,8.5,-123.0,105.0
2021-10-11,LAD,SFG,0.0,1.0,7.5,-211.0,170.0
2021-10-11,ATL,MIL,3.0,0.0,8.5,-112.0,-104.0
2021-10-11,BOS,TBD,6.0,5.0,9.0,-112.0,-110.0
2021-10-12,ATL,MIL,5.0,4.0,8.0,-166.0,139.0
2021-10-12,CHW,HOU,1.0,10.0,9.0,-135.0,115.0
2021-10-12,LAD,SFG,7.0,2.0,7.5,-191.0,159.0
2021-10-14,SFG,LAD,1.0,2.0,7.0,-113.0,-105.0
2021-10-15,HOU,BOS,5.0,4.0,8.5,-148.0,125.0
2021-10-16,HOU,BOS,5.0,9.0,8.5,-119.0,101.0
2021-10-16,ATL,LAD,3.0,2.0,8.5,-106.0,-110.0
2021-10-17,ATL,LAD,5.0,4.0,8.0,150.0,-179.0
2021-10-18,BOS,HOU,12.0,3.0,9.5,-120.0,-101.0
2021-10-19,LAD,ATL,6.0,5.0,7.5,-190.0,160.0
2021-10-19,BOS,HOU,2.0,9.0,10.0,-133.0,115.0
2021-10-20,BOS,HOU,1.0,9.0,9.5,-125.0,106.0
2021-10-20,LAD,ATL,2.0,9.0,8.0,-228.0,189.0
2021-10-21,LAD,ATL,11.0,2.0,7.5,-134.0,114.0
2021-10-22,HOU,BOS,5.0,0.0,9.0,-114.0,-103.0
2021-10-23,ATL,LAD,4.0,2.0,8.5,128.0,-149.0
2021-10-26,HOU,ATL,2.0,6.0,8.5,-130.0,110.0
2021-10-27,HOU,ATL,7.0,2.0,8.5,-119.0,100.0
2021-10-29,ATL,HOU,2.0,0.0,8.5,-130.0,110.0
2021-10-30,ATL,HOU,3.0,2.0,9.0,-108.0,-110.0
2021-10-31,ATL,HOU,5.0,9.0,8.5,105.0,-124.0
2021-11-02,HOU,ATL,0.0,7.0,8.5,-125.0,108.0
2022-04-07,ARI,SDP,4.0,2.0,9.0,120.0,-140.0
2022-04-07,ATL,CIN,3.0,6.0,8.5,-185.0,157.0
2022-04-07,CHC,MIL,5.0,4.0,9.0,155.0,-184.0
2022-04-07,KCR,CLE,3.0,1.0,7.5,106.0,-125.0
2022-04-07,STL,PIT,9.0,0.0,8.0,-160.0,135.0
2022-04-07,WSN,NYM,1.0,5.0,9.5,104.0,-122.0
2022-04-07,ANA,HOU,1.0,3.0,8.5,-123.0,105.0
2022-04-08,ATL,CIN,7.0,6.0,9.0,-192.0,162.0
2022-04-08,ARI,SDP,0.0,3.0,8.5,116.0,-137.0
2022-04-08,MIN,SEA,1.0,2.0,8.0,-109.0,-106.0
2022-04-08,COL,LAD,3.0,5.0,11.5,178.0,-216.0
2022-04-08,ANA,HOU,6.0,13.0,10.0,-125.0,108.0
2022-04-08,DET,CHW,5.0,4.0,8.0,120.0,-141.0
2022-04-08,PHI,OAK,9.0,5.0,8.0,-207.0,172.0
2022-04-08,SFG,FLA,6.0,5.0,7.5,-152.0,130.0
2022-04-08,TBD,BAL,2.0,1.0,7.5,-191.0,161.0
2022-04-08,TOR,TEX,10.0,8.0,9.0,-176.0,147.0
2022-04-08,WSN,NYM,3.0,7.0,8.5,145.0,-175.0
2022-04-08,NYY,BOS,6.0,5.0,8.0,-157.0,133.0
2022-04-09,SFG,FLA,1.0,2.0,7.5,-149.0,125.0
2022-04-09,CHC,MIL,9.0,0.0,7.5,137.0,-159.0
2022-04-09,COL,LAD,3.0,2.0,12.0,131.0,-155.0
2022-04-09,DET,CHW,2.0,5.0,8.5,115.0,-135.0
2022-04-09,KCR,CLE,1.0,0.0,8.5,-125.0,105.0
2022-04-09,ATL,CIN,2.0,1.0,9.5,-177.0,152.0
2022-04-09,NYY,BOS,4.0,2.0,9.0,-162.0,135.0
2022-04-09,STL,PIT,6.0,2.0,8.0,-171.0,144.0
2022-04-09,ARI,SDP,2.0,5.0,9.5,142.0,-171.0
2022-04-09,TBD,BAL,5.0,3.0,8.5,-225.0,188.0
2022-04-09,TOR,TEX,4.0,3.0,9.5,-220.0,182.0
2022-04-09,WSN,NYM,0.0,5.0,9.5,130.0,-154.0
2022-04-09,MIN,SEA,3.0,4.0,8.5,-142.0,120.0
2022-04-09,PHI,OAK,4.0,2.0,9.5,-200.0,170.0
2022-04-09,ANA,HOU,2.0,0.0,9.0,-109.0,-108.0
2022-04-10,COL,LAD,9.0,4.0,11.0,175.0,-210.0
2022-04-10,CHC,MIL,4.0,5.0,7.5,115.0,-137.0
2022-04-10,ATL,CIN,3.0,6.0,9.0,-185.0,155.0
2022-04-10,MIN,SEA,10.0,4.0,8.5,-140.0,120.0
2022-04-10,KCR,CLE,3.0,17.0,9.0,-118.0,101.0
2022-04-10,ARI,SDP,5.0,10.0,9.0,135.0,-160.0
2022-04-10,ANA,HOU,1.0,4.0,9.5,-106.0,-110.0
2022-04-10,DET,CHW,1.0,10.0,8.0,114.0,-132.0
2022-04-10,SFG,FLA,3.0,2.0,7.5,-115.0,-104.0
2022-04-10,STL,PIT,4.0,9.0,8.5,-227.0,190.0
2022-04-10,NYY,BOS,3.0,4.0,8.5,-142.0,123.0
2022-04-10,TBD,BAL,8.0,0.0,8.0,-177.0,150.0
2022-04-10,TOR,TEX,6.0,12.0,9.5,-221.0,184.0
2022-04-10,WSN,NYM,4.0,2.0,9.0,118.0,-137.0
2022-04-10,PHI,OAK,1.0,4.0,8.5,-235.0,194.0
2022-04-11,MIN,SEA,4.0,0.0,9.0,-134.0,115.0
2022-04-11,ANA,FLA,6.0,2.0,9.5,-122.0,-106.0
2022-04-11,ATL,WSN,2.0,11.0,9.5,-235.0,197.0
2022-04-11,BAL,MIL,2.0,0.0,9.0,138.0,-162.0
2022-04-11,DET,BOS,3.0,1.0,9.5,103.0,-124.0
2022-04-11,KCR,CLE,7.0,10.0,8.5,-105.0,-113.0
2022-04-11,NYY,TOR,0.0,3.0,9.0,-120.0,102.0
2022-04-11,PHI,NYM,5.0,4.0,9.5,-148.0,126.0
2022-04-11,SFG,SDP,2.0,4.0,8.0,-159.0,135.0
2022-04-11,TBD,OAK,2.0,13.0,8.5,-225.0,186.0
2022-04-11,TEX,COL,4.0,6.0,10.5,-136.0,115.0
2022-04-12,ARI,HOU,1.0,2.0,9.0,127.0,-152.0
2022-04-12,ATL,WSN,16.0,4.0,9.5,-184.0,155.0
2022-04-12,BAL,MIL,4.0,5.0,9.5,136.0,-158.0
2022-04-12,MIN,LAD,2.0,7.0,9.0,123.0,-144.0
2022-04-12,CIN,CLE,5.0,10.0,8.0,-115.0,-104.0
2022-04-12,DET,BOS,3.0,5.0,8.5,105.0,-125.0
2022-04-12,ANA,FLA,4.0,3.0,9.0,-159.0,135.0
2022-04-12,CHW,SEA,3.0,2.0,8.5,-115.0,-103.0
2022-04-12,PIT,CHC,1.0,2.0,8.5,-102.0,-120.0
2022-04-12,SFG,SDP,13.0,2.0,7.5,-126.0,105.0
2022-04-12,STL,KCR,6.0,5.0,9.0,-168.0,143.0
2022-04-12,TBD,OAK,9.0,8.0,8.5,-211.0,172.0
2022-04-12,TEX,COL,1.0,4.0,10.0,-161.0,136.0
2022-04-12,PHI,NYM,0.0,2.0,8.5,-145.0,124.0
2022-04-12,NYY,TOR,4.0,0.0,9.5,-132.0,112.0
2022-04-13,MIN,LAD,0.0,7.0,8.5,167.0,-200.0
2022-04-13,ARI,HOU,3.0,2.0,8.5,139.0,-162.0
2022-04-13,ATL,WSN,1.0,3.0,9.0,-230.0,189.0
2022-04-13,CHW,SEA,6.0,4.0,9.0,-120.0,-101.0
2022-04-13,CIN,CLE,3.0,7.0,9.0,-127.0,108.0
2022-04-13,DET,BOS,7.0,9.0,7.5,115.0,-135.0
2022-04-13,BAL,MIL,2.0,4.0,8.0,150.0,-178.0
2022-04-13,PHI,NYM,6.0,9.0,9.0,-105.0,-117.0
2022-04-13,PIT,CHC,6.0,2.0,9.0,108.0,-126.0
2022-04-13,SFG,SDP,2.0,1.0,7.5,-117.0,100.0
2022-04-13,TBD,OAK,2.0,4.0,7.5,-200.0,165.0
2022-04-13,NYY,TOR,4.0,6.0,8.0,-174.0,147.0
2022-04-14,MIL,STL,5.0,1.0,8.0,-147.0,125.0
2022-04-14,CHW,SEA,1.0,5.0,9.0,-103.0,-115.0
2022-04-14,COL,CHC,2.0,5.0,11.0,-133.0,112.0
2022-04-14,FLA,PHI,4.0,3.0,8.0,-119.0,-101.0
2022-04-14,KCR,DET,2.0,4.0,8.5,-137.0,116.0
2022-04-14,LAD,CIN,9.0,3.0,8.5,-288.0,232.0
2022-04-14,NYY,TOR,3.0,0.0,8.5,-142.0,120.0
2022-04-14,SDP,ATL,12.0,1.0,7.5,-109.0,-108.0
2022-04-14,TBD,OAK,3.0,6.0,8.0,-230.0,189.0
2022-04-14,TEX,ANA,10.0,5.0,8.5,128.0,-150.0
2022-04-14,PIT,WSN,9.0,4.0,9.0,-130.0,110.0
2022-04-15,CLE,SFG,1.0,4.0,7.5,135.0,-155.0
2022-04-15,CHW,TBD,3.0,2.0,8.0,-135.0,115.0
2022-04-15,BOS,MIN,4.0,8.0,10.0,-126.0,107.0
2022-04-15,KCR,DET,1.0,2.0,8.0,-132.0,111.0
2022-04-15,LAD,CIN,3.0,1.0,9.0,-295.0,240.0
2022-04-15,COL,CHC,6.0,5.0,10.5,-125.0,105.0
2022-04-15,BAL,NYY,2.0,1.0,9.5,178.0,-215.0
2022-04-15,FLA,PHI,7.0,1.0,7.5,-131.0,112.0
2022-04-15,NYM,ARI,10.0,3.0,8.0,-245.0,205.0
2022-04-15,MIL,STL,1.0,10.0,8.5,-165.0,140.0
2022-04-15,PIT,WSN,2.0,7.0,9.0,-120.0,100.0
2022-04-15,SDP,ATL,2.0,5.0,8.5,-109.0,-107.0
2022-04-15,SEA,HOU,11.0,1.0,8.0,-103.0,-115.0
2022-04-15,TEX,ANA,6.0,9.0,10.5,101.0,-118.0
2022-04-15,TOR,OAK,4.0,1.0,9.0,-202.0,170.0
2022-04-16,BAL,NYY,2.0,5.0,8.5,155.0,-185.0
2022-04-16,BOS,MIN,4.0,0.0,9.5,-145.0,122.0
2022-04-16,CHW,TBD,3.0,2.0,8.0,-131.0,112.0
2022-04-16,CLE,SFG,2.0,4.0,8.0,-109.0,-107.0
2022-04-16,COL,CHC,9.0,6.0,11.5,-115.0,-105.0
2022-04-16,FLA,PHI,3.0,10.0,8.5,-142.0,120.0
2022-04-16,KCR,DET,3.0,1.0,8.0,-157.0,135.0
2022-04-16,LAD,CIN,5.0,2.0,8.5,-227.0,182.0
2022-04-16,MIL,STL,1.0,2.0,8.5,-117.0,100.0
2022-04-16,PIT,WSN,6.0,4.0,9.5,-115.0,-104.0
2022-04-16,SDP,ATL,2.0,5.0,8.0,-111.0,-106.0
2022-04-16,SEA,HOU,0.0,4.0,7.5,125.0,-145.0
2022-04-16,TEX,ANA,2.0,7.0,9.0,107.0,-127.0
2022-04-16,TOR,OAK,5.0,7.0,8.5,-211.0,175.0
2022-04-16,NYM,ARI,2.0,3.0,8.5,-175.0,145.0
2022-04-17,MIL,STL,6.0,5.0,9.0,-139.0,118.0
2022-04-17,BAL,NYY,5.0,0.0,8.5,164.0,-197.0
2022-04-17,BOS,MIN,8.0,1.0,9.5,-125.0,105.0
2022-04-17,CHW,TBD,3.0,9.0,8.5,-115.0,-104.0
2022-04-17,CLE,SFG,1.0,8.0,7.5,106.0,-125.0
2022-04-17,COL,CHC,4.0,6.0,11.5,-129.0,111.0
2022-04-17,LAD,CIN,9.0,1.0,8.5,-216.0,180.0
2022-04-17,SEA,HOU,7.0,2.0,7.5,-106.0,-113.0
2022-04-17,NYM,ARI,5.0,0.0,7.5,-200.0,165.0
2022-04-17,PIT,WSN,5.0,3.0,8.0,105.0,-120.0
2022-04-17,SDP,ATL,2.0,1.0,8.0,-130.0,110.0
2022-04-17,TEX,ANA,3.0,8.0,9.5,-107.0,-109.0
2022-04-17,TOR,OAK,4.0,3.0,8.5,-275.0,222.0
2022-04-17,FLA,PHI,11.0,3.0,8.0,125.0,-147.0
2022-04-18,HOU,ANA,8.0,3.0,8.5,-145.0,124.0
2022-04-18,BOS,MIN,3.0,8.0,8.5,-142.0,122.0
2022-04-18,CHC,TBD,4.0,2.0,8.0,125.0,-145.0
2022-04-18,COL,PHI,4.0,1.0,11.5,140.0,-165.0
2022-04-18,MIL,PIT,6.0,1.0,8.5,-182.0,155.0
2022-04-18,SDP,CIN,4.0,1.0,7.0,-200.0,165.0
2022-04-18,OAK,BAL,5.0,1.0,7.5,-198.0,163.0
2022-04-18,LAD,ATL,7.0,4.0,8.0,-226.0,186.0
2022-04-19,MIL,PIT,5.0,2.0,7.5,-276.0,220.0
2022-04-19,HOU,ANA,2.0,7.0,8.0,-175.0,145.0
2022-04-19,CHC,TBD,5.0,6.0,8.5,111.0,-132.0
2022-04-19,COL,PHI,6.0,5.0,12.0,120.0,-140.0
2022-04-19,DET,NYY,2.0,4.0,7.5,187.0,-231.0
2022-04-19,FLA,STL,1.0,5.0,8.5,-105.0,-113.0
2022-04-19,KCR,MIN,4.0,3.0,8.5,106.0,-129.0
2022-04-19,BOS,TOR,2.0,1.0,9.5,-140.0,120.0
2022-04-19,NYM,SFG,5.0,4.0,7.0,-125.0,105.0
2022-04-19,OAK,BAL,2.0,1.0,8.0,-125.0,110.0
2022-04-19,SDP,CIN,6.0,2.0,7.5,-228.0,187.0
2022-04-19,SEA,TEX,6.0,2.0,8.0,-142.0,122.0
2022-04-19,WSN,ARI,6.0,1.0,8.5,-150.0,130.0
2022-04-19,LAD,ATL,1.0,3.0,8.0,-166.0,140.0
2022-04-20,HOU,ANA,0.0,6.0,9.0,101.0,-120.0
2022-04-20,BOS,TOR,1.0,6.0,9.5,105.0,-126.0
2022-04-20,CHC,TBD,2.0,8.0,9.0,-109.0,-110.0
2022-04-20,CLE,CHW,11.0,1.0,7.5,-157.0,132.0
2022-04-20,COL,PHI,6.0,9.0,10.5,-104.0,-114.0
2022-04-20,DET,NYY,3.0,5.0,7.0,145.0,-170.0
2022-04-20,FLA,STL,0.0,2.0,7.5,-143.0,123.0
2022-04-20,WSN,ARI,2.0,11.0,8.0,-120.0,-101.0
2022-04-20,OAK,BAL,0.0,1.0,8.0,-127.0,110.0
2022-04-20,SEA,TEX,4.0,2.0,8.0,-159.0,135.0
2022-04-20,SDP,CIN,6.0,0.0,8.5,-195.0,163.0
2022-04-20,LAD,ATL,5.0,1.0,8.5,-134.0,115.0
2022-04-20,NYM,SFG,2.0,5.0,6.5,104.0,-123.0
2022-04-20,MIL,PIT,4.0,2.0,8.0,-250.0,210.0
2022-04-20,KCR,MIN,2.0,0.0,9.0,110.0,-129.0
2022-04-21,DET,NYY,3.0,0.0,8.5,145.0,-175.0
2022-04-21,KCR,MIN,0.0,1.0,8.0,125.0,-145.0
2022-04-21,CHC,PIT,3.0,4.0,9.0,-169.0,145.0
2022-04-21,CLE,CHW,6.0,3.0,7.5,125.0,-148.0
2022-04-21,FLA,STL,5.0,0.0,7.5,-134.0,114.0
2022-04-21,BOS,TOR,2.0,3.0,8.5,-102.0,-115.0
2022-04-21,OAK,BAL,6.0,4.0,7.0,-133.0,113.0
2022-04-21,SEA,TEX,6.0,8.0,8.5,-130.0,111.0
2022-04-21,WSN,ARI,3.0,4.0,9.0,-133.0,114.0
2022-04-21,NYM,SFG,6.0,2.0,8.0,-135.0,115.0
2022-04-22,NYY,CLE,4.0,1.0,8.5,-175.0,150.0
2022-04-22,ARI,NYM,5.0,6.0,8.5,106.0,-127.0
2022-04-22,CHC,PIT,2.0,4.0,7.5,-177.0,147.0
2022-04-22,CIN,STL,2.0,4.0,8.0,105.0,-125.0
2022-04-22,HOU,TOR,3.0,4.0,8.5,-177.0,150.0
2022-04-22,MIN,CHW,2.0,1.0,7.5,-104.0,-115.0
2022-04-22,ATL,FLA,3.0,0.0,8.0,-144.0,125.0
2022-04-22,ANA,BAL,3.0,5.0,8.5,-180.0,155.0
2022-04-22,SDP,LAD,1.0,6.0,8.0,140.0,-165.0
2022-04-22,SEA,KCR,4.0,1.0,7.5,-130.0,110.0
2022-04-22,TBD,BOS,3.0,4.0,8.0,-155.0,131.0
2022-04-22,WSN,SFG,1.0,7.0,8.5,116.0,-136.0
2022-04-22,PHI,MIL,4.0,2.0,8.0,-125.0,105.0
2022-04-22,OAK,TEX,1.0,8.0,7.5,125.0,-143.0
2022-04-23,ANA,BAL,4.0,5.0,8.5,-278.0,230.0
2022-04-23,ATL,FLA,7.0,9.0,7.5,-161.0,136.0
2022-04-23,CHC,PIT,21.0,0.0,10.5,-176.0,150.0
2022-04-23,CIN,STL,0.0,5.0,8.5,-118.0,102.0
2022-04-23,DET,COL,13.0,0.0,8.0,-147.0,125.0
2022-04-23,HOU,TOR,2.0,3.0,8.5,110.0,-130.0
2022-04-23,ARI,NYM,5.0,2.0,9.5,140.0,-166.0
2022-04-23,SDP,LAD,3.0,2.0,7.5,117.0,-137.0
2022-04-23,PHI,MIL,3.0,5.0,8.0,-148.0,126.0
2022-04-23,SEA,KCR,13.0,7.0,7.5,-181.0,152.0
2022-04-23,TBD,BOS,3.0,2.0,7.5,-144.0,124.0
2022-04-23,WSN,SFG,2.0,5.0,8.5,149.0,-175.0
2022-04-23,OAK,TEX,0.0,2.0,7.0,-145.0,124.0
2022-04-23,MIN,CHW,9.0,2.0,9.0,-149.0,128.0
2022-04-23,NYY,CLE,5.0,4.0,7.5,-202.0,167.0
2022-04-24,CIN,STL,4.0,1.0,8.5,131.0,-155.0
2022-04-24,ATL,FLA,4.0,5.0,8.5,-127.0,108.0
2022-04-24,HOU,TOR,8.0,7.0,8.5,-133.0,110.0
2022-04-24,ANA,BAL,7.0,6.0,9.5,-212.0,178.0
2022-04-24,MIN,CHW,6.0,4.0,7.5,-105.0,-116.0
2022-04-24,ARI,NYM,2.0,6.0,8.5,152.0,-181.0
2022-04-24,DET,COL,2.0,6.0,8.5,-133.0,114.0
2022-04-24,CHC,PIT,3.0,4.0,10.5,-152.0,130.0
2022-04-24,OAK,TEX,2.0,0.0,7.5,102.0,-121.0
2022-04-24,WSN,SFG,3.0,12.0,8.5,163.0,-192.0
2022-04-24,TBD,BOS,5.0,2.0,7.5,-181.0,155.0
2022-04-24,SEA,KCR,5.0,4.0,7.5,-211.0,175.0
2022-04-24,NYY,CLE,10.0,2.0,7.0,-215.0,177.0
2022-04-24,SDP,LAD,2.0,10.0,7.0,144.0,-167.0
2022-04-24,PHI,MIL,0.0,1.0,7.5,-143.0,125.0
2022-04-25,PHI,COL,8.0,2.0,8.5,-188.0,160.0
2022-04-25,ANA,CLE,3.0,0.0,8.0,-132.0,111.0
2022-04-25,MIL,SFG,2.0,4.0,7.0,-200.0,164.0
2022-04-25,ARI,LAD,0.0,4.0,8.5,161.0,-192.0
2022-04-25,TOR,BOS,6.0,2.0,8.0,-130.0,110.0
2022-04-25,TEX,HOU,6.0,2.0,8.5,112.0,-132.0
2022-04-25,STL,NYM,2.0,5.0,6.5,135.0,-160.0
2022-04-26,MIN,DET,5.0,4.0,7.0,-147.0,127.0
2022-04-26,PHI,COL,10.0,3.0,8.0,-163.0,141.0
2022-04-26,ANA,CLE,4.0,1.0,7.5,-162.0,138.0
2022-04-26,ARI,LAD,5.0,3.0,10.0,177.0,-215.0
2022-04-26,ATL,CHC,3.0,1.0,8.0,-182.0,152.0
2022-04-26,CHW,KCR,0.0,6.0,8.5,-164.0,137.0
2022-04-26,CIN,SDP,6.0,9.0,7.5,145.0,-175.0
2022-04-26,NYY,BAL,12.0,8.0,7.5,-290.0,230.0
2022-04-26,PIT,MIL,8.0,12.0,7.0,150.0,-175.0
2022-04-26,SFG,OAK,8.0,2.0,6.5,-269.0,217.0
2022-04-26,TBD,SEA,4.0,8.0,7.0,-132.0,112.0
2022-04-26,TEX,HOU,1.0,5.0,9.0,-104.0,-114.0
2022-04-26,TOR,BOS,6.0,5.0,8.0,-210.0,166.0
2022-04-26,WSN,FLA,2.0,5.0,7.5,114.0,-134.0
2022-04-26,STL,NYM,0.0,3.0,7.0,101.0,-126.0
2022-04-27,NYY,BAL,5.0,2.0,8.0,-265.0,215.0
2022-04-27,PHI,COL,7.0,3.0,8.0,-215.0,180.0
2022-04-27,ANA,CLE,9.0,5.0,7.5,-230.0,190.0
2022-04-27,ARI,LAD,3.0,1.0,8.0,155.0,-189.0
2022-04-27,CHW,KCR,7.0,3.0,6.5,-200.0,160.0
2022-04-27,CIN,SDP,5.0,8.0,9.0,147.0,-174.0
2022-04-27,MIN,DET,5.0,0.0,7.0,-200.0,170.0
2022-04-27,ATL,CHC,3.0,6.0,8.5,-200.0,170.0
2022-04-27,TBD,SEA,3.0,2.0,7.5,-149.0,125.0
2022-04-27,STL,NYM,10.0,5.0,7.5,-100.0,-120.0
2022-04-27,TEX,HOU,3.0,4.0,8.5,-110.0,-115.0
2022-04-27,TOR,BOS,1.0,7.0,8.5,-122.0,104.0
2022-04-27,WSN,FLA,1.0,2.0,7.5,123.0,-143.0
2022-04-27,SFG,OAK,0.0,1.0,7.0,-162.0,138.0
2022-04-27,PIT,MIL,1.0,3.0,7.0,150.0,-180.0
2022-04-28,PHI,COL,7.0,1.0,7.0,-227.0,191.0
2022-04-28,ANA,CLE,4.0,1.0,8.5,-152.0,128.0
2022-04-28,CHW,KCR,2.0,5.0,7.0,-170.0,145.0
2022-04-28,CIN,SDP,5.0,7.0,8.0,-110.0,108.0
2022-04-28,MIN,DET,7.0,1.0,7.0,-141.0,120.0
2022-04-28,NYY,BAL,10.0,5.0,8.0,-240.0,195.0
2022-04-28,ATL,CHC,5.0,1.0,8.5,-222.0,185.0
2022-04-28,TBD,SEA,2.0,1.0,8.0,-162.0,136.0
2022-04-28,TEX,HOU,2.0,3.0,8.0,145.0,-175.0
2022-04-28,TOR,BOS,1.0,0.0,7.0,-143.0,123.0
2022-04-28,WSN,FLA,2.0,3.0,7.5,124.0,-146.0
2022-04-28,STL,ARI,8.0,3.0,7.5,-181.0,153.0
2022-04-28,PIT,MIL,2.0,3.0,7.0,136.0,-162.0
2022-04-29,NYM,PHI,3.0,0.0,7.0,-125.0,107.0
2022-04-29,LAD,DET,5.0,1.0,8.0,-263.0,210.0
2022-04-29,BAL,BOS,1.0,3.0,8.0,112.0,-130.0
2022-04-29,CHW,ANA,1.0,5.0,7.5,-152.0,130.0
2022-04-29,COL,CIN,10.0,4.0,9.5,-119.0,-101.0
2022-04-29,FLA,SEA,8.0,6.0,8.0,-110.0,-109.0
2022-04-29,KCR,NYY,2.0,12.0,8.5,175.0,-205.0
2022-04-29,MIL,CHC,11.0,1.0,8.0,-147.0,125.0
2022-04-29,PIT,SDP,3.0,7.0,7.5,150.0,-177.0
2022-04-29,OAK,CLE,8.0,9.0,6.5,-161.0,135.0
2022-04-29,SFG,WSN,4.0,14.0,7.5,-230.0,190.0
2022-04-29,STL,ARI,2.0,6.0,7.5,-200.0,169.0
2022-04-29,TBD,MIN,6.0,1.0,7.5,-136.0,116.0
2022-04-29,TEX,ATL,3.0,6.0,8.5,110.0,-130.0
2022-04-29,TOR,HOU,7.0,11.0,8.5,-129.0,110.0
2022-04-30,NYM,PHI,1.0,4.0,8.0,-130.0,110.0
2022-04-30,CHW,ANA,4.0,0.0,9.0,-120.0,100.0
2022-04-30,COL,CIN,4.0,3.0,10.5,-139.0,120.0
2022-04-30,FLA,SEA,3.0,1.0,7.5,-117.0,-102.0
2022-04-30,KCR,NYY,0.0,3.0,8.0,205.0,-250.0
2022-04-30,LAD,DET,1.0,5.0,7.5,-385.0,295.0
2022-04-30,MIL,CHC,9.0,1.0,8.0,-165.0,142.0
2022-04-30,BAL,BOS,2.0,1.0,7.5,160.0,-190.0
2022-04-30,SFG,WSN,9.0,3.0,7.5,-235.0,195.0
2022-04-30,STL,ARI,0.0,2.0,7.0,-166.0,140.0
2022-04-30,TBD,MIN,1.0,9.0,7.0,-215.0,180.0
2022-04-30,TEX,ATL,3.0,1.0,9.0,-100.0,-118.0
2022-04-30,TOR,HOU,2.0,1.0,8.0,-159.0,138.0
2022-04-30,PIT,SDP,7.0,6.0,7.5,140.0,-166.0
2022-04-30,OAK,CLE,1.0,3.0,6.5,133.0,-155.0
2022-05-01,LAD,DET,6.0,3.0,7.5,-275.0,220.0
2022-05-01,BAL,BOS,9.0,5.0,8.5,120.0,-141.0
2022-05-01,CHW,ANA,5.0,6.0,8.5,105.0,-121.0
2022-05-01,COL,CIN,10.0,1.0,10.5,-162.0,136.0
2022-05-01,NYM,PHI,10.0,6.0,6.5,-195.0,164.0
2022-05-01,FLA,SEA,3.0,7.0,6.5,-133.0,115.0
2022-05-01,KCR,NYY,4.0,6.0,8.0,175.0,-213.0
2022-05-01,MIL,CHC,0.0,2.0,6.5,-235.0,195.0
2022-05-01,TBD,MIN,3.0,9.0,7.5,-130.0,110.0
2022-05-01,PIT,SDP,2.0,5.0,7.5,160.0,-190.0
2022-05-01,SFG,WSN,5.0,11.0,7.5,-183.0,156.0
2022-05-01,STL,ARI,7.0,5.0,8.0,-198.0,167.0
2022-05-01,TEX,ATL,7.0,3.0,9.0,126.0,-149.0
2022-05-01,TOR,HOU,3.0,2.0,7.5,-169.0,148.0
2022-05-01,OAK,CLE,3.0,7.0,7.0,108.0,-124.0
2022-05-02,NYM,ATL,2.0,5.0,6.5,-110.0,-109.0
2022-05-02,BAL,MIN,1.0,2.0,7.5,130.0,-150.0
2022-05-02,FLA,ARI,4.0,5.0,6.5,-174.0,145.0
2022-05-02,HOU,SEA,3.0,0.0,9.0,-140.0,120.0
2022-05-02,OAK,TBD,1.0,6.0,6.5,140.0,-165.0
2022-05-02,TOR,NYY,2.0,3.0,8.5,100.0,-120.0
2022-05-02,STL,KCR,1.0,0.0,7.0,-166.0,140.0
2022-05-02,CHW,ANA,3.0,0.0,7.5,-150.0,130.0
2022-05-03,HOU,SEA,4.0,0.0,8.5,-158.0,135.0
2022-05-03,LAD,SFG,3.0,1.0,6.5,-143.0,120.0
2022-05-03,BOS,ANA,4.0,0.0,8.5,110.0,-132.0
2022-05-03,CHC,CHW,1.0,3.0,6.5,115.0,-135.0
2022-05-03,FLA,ARI,4.0,5.0,7.5,-195.0,164.0
2022-05-03,KCR,STL,7.0,1.0,7.0,-109.0,-109.0
2022-05-03,BAL,MIN,2.0,7.0,7.0,144.0,-168.0
2022-05-03,NYM,ATL,5.0,4.0,7.5,-105.0,-113.0
2022-05-03,MIL,CIN,6.0,3.0,7.0,-242.0,197.0
2022-05-03,TOR,NYY,1.0,9.0,7.5,-139.0,117.0
2022-05-03,COL,WSN,2.0,10.0,10.5,-150.0,128.0
2022-05-03,OAK,TBD,7.0,10.0,7.0,109.0,-128.0
2022-05-03,PHI,TEX,4.0,6.0,8.5,-144.0,124.0
2022-05-04,FLA,ARI,7.0,8.0,7.5,-175.0,147.0
2022-05-04,CHC,CHW,3.0,4.0,7.0,125.0,-143.0
2022-05-04,CLE,SDP,4.0,5.0,7.0,112.0,-133.0
2022-05-04,BAL,MIN,9.0,4.0,7.5,121.0,-141.0
2022-05-04,COL,WSN,5.0,2.0,10.5,-155.0,133.0
2022-05-04,DET,PIT,2.0,7.0,7.5,-137.0,117.0
2022-05-04,KCR,STL,0.0,10.0,7.5,123.0,-143.0
2022-05-04,OAK,TBD,0.0,3.0,6.5,110.0,-129.0
2022-05-04,LAD,SFG,9.0,1.0,7.5,-177.0,150.0
2022-05-04,TOR,NYY,2.0,1.0,8.5,135.0,-160.0
2022-05-04,PHI,TEX,1.0,2.0,8.5,-194.0,161.0
2022-05-04,NYM,ATL,2.0,9.0,7.0,-139.0,118.0
2022-05-04,MIL,CIN,18.0,4.0,7.5,-322.0,260.0
2022-05-04,BOS,ANA,5.0,10.0,8.5,-144.0,122.0
2022-05-04,HOU,SEA,7.0,2.0,7.5,-235.0,192.0
2022-05-05,BOS,ANA,0.0,8.0,7.5,112.0,-131.0
2022-05-05,MIL,CIN,10.0,5.0,8.0,-240.0,200.0
2022-05-05,HOU,DET,3.0,2.0,8.0,-163.0,139.0
2022-05-05,BAL,MIN,5.0,3.0,8.5,132.0,-156.0
2022-05-05,COL,WSN,9.0,7.0,10.5,-146.0,126.0
2022-05-05,CLE,TOR,6.0,5.0,8.0,132.0,-152.0
2022-05-05,SDP,FLA,2.0,1.0,7.5,100.0,-120.0
2022-05-05,PHI,NYM,7.0,8.0,8.5,-155.0,131.0
2022-05-05,SEA,TBD,3.0,4.0,7.0,117.0,-137.0
2022-05-05,SFG,STL,1.0,7.0,7.0,-115.0,-103.0
2022-05-06,ARI,COL,4.0,1.0,8.5,-152.0,130.0
2022-05-06,ANA,WSN,3.0,0.0,9.0,-190.0,160.0
2022-05-06,ATL,MIL,3.0,6.0,8.5,-108.0,-110.0
2022-05-06,BOS,CHW,2.0,4.0,8.5,-175.0,145.0
2022-05-06,HOU,DET,3.0,2.0,8.5,-240.0,198.0
2022-05-06,MIN,OAK,2.0,1.0,7.5,-190.0,160.0
2022-05-06,SFG,STL,2.0,3.0,7.0,-140.0,120.0
2022-05-06,SDP,FLA,3.0,2.0,6.5,-133.0,113.0
2022-05-06,SEA,TBD,7.0,8.0,7.0,-130.0,110.0
2022-05-07,ANA,WSN,3.0,7.0,8.5,-161.0,137.0
2022-05-07,ARI,COL,1.0,4.0,8.5,-125.0,106.0
2022-05-07,ATL,MIL,3.0,2.0,7.0,-110.0,-109.0
2022-05-07,BOS,CHW,1.0,3.0,7.5,117.0,-137.0
2022-05-07,CHC,LAD,0.0,7.0,6.5,197.0,-236.0
2022-05-07,CLE,TOR,8.0,2.0,7.5,114.0,-132.0
2022-05-07,MIN,OAK,1.0,0.0,7.5,-221.0,184.0
2022-05-07,SDP,FLA,0.0,8.0,6.5,-120.0,100.0
2022-05-07,SEA,TBD,2.0,8.0,7.5,115.0,-137.0
2022-05-07,SFG,STL,13.0,7.0,7.0,-134.0,113.0
2022-05-07,CIN,PIT,5.0,8.0,8.5,111.0,-132.0
2022-05-07,HOU,DET,3.0,2.0,8.0,-199.0,164.0
2022-05-08,BOS,CHW,2.0,3.0,7.5,-172.0,148.0
2022-05-08,ATL,MIL,9.0,2.0,7.5,-144.0,123.0
2022-05-08,BAL,KCR,4.0,6.0,7.5,-104.0,-116.0
2022-05-08,ANA,WSN,5.0,4.0,9.0,-210.0,175.0
2022-05-08,CLE,TOR,4.0,3.0,7.5,170.0,-202.0
2022-05-08,ARI,COL,4.0,0.0,7.5,-156.0,135.0
2022-05-08,CIN,PIT,7.0,3.0,8.0,-138.0,119.0
2022-05-08,CHC,LAD,1.0,7.0,8.0,189.0,-227.0
2022-05-08,HOU,DET,5.0,0.0,8.5,-186.0,157.0
2022-05-08,NYY,TEX,2.0,1.0,6.5,-242.0,200.0
2022-05-08,MIN,OAK,4.0,3.0,7.0,-161.0,135.0
2022-05-08,SDP,FLA,3.0,2.0,7.0,-159.0,135.0
2022-05-08,SEA,TBD,2.0,1.0,7.5,-115.0,-104.0
2022-05-08,SFG,STL,4.0,3.0,8.0,-136.0,116.0
2022-05-08,PHI,NYM,1.0,6.0,43.5,,
2022-05-09,ANA,TBD,11.0,3.0,7.5,-124.0,106.0
2022-05-09,ARI,FLA,4.0,3.0,8.5,-110.0,-110.0
2022-05-09,BAL,KCR,6.0,1.0,44.0,,
2022-05-09,CHW,CLE,9.0,12.0,7.5,-199.0,165.0
2022-05-09,CIN,MIL,10.0,5.0,7.5,157.0,-180.0
2022-05-09,DET,OAK,0.0,2.0,7.0,-124.0,105.0
2022-05-09,NYY,TEX,1.0,0.0,51.5,,
2022-05-09,PIT,LAD,5.0,1.0,7.5,195.0,-239.0
2022-05-09,SDP,CHC,0.0,6.0,7.5,-175.0,145.0
2022-05-09,SEA,PHI,0.0,9.0,7.5,-110.0,-108.0
2022-05-09,SFG,COL,8.0,5.0,6.5,-250.0,202.0
2022-05-10,ANA,TBD,12.0,0.0,8.5,-107.0,-110.0
2022-05-10,MIN,HOU,0.0,5.0,7.0,128.0,-149.0
2022-05-10,ATL,BOS,4.0,9.0,7.5,-143.0,125.0
2022-05-10,CHW,CLE,4.0,1.0,8.5,-197.0,164.0
2022-05-10,CIN,MIL,4.0,5.0,8.5,175.0,-210.0
2022-05-10,DET,OAK,6.0,0.0,7.5,-152.0,130.0
2022-05-10,SDP,CHC,5.0,4.0,7.0,-177.0,150.0
2022-05-10,ARI,FLA,9.0,3.0,8.0,112.0,-131.0
2022-05-10,PIT,LAD,1.0,11.0,8.5,195.0,-232.0
2022-05-10,SEA,PHI,5.0,4.0,7.0,112.0,-131.0
2022-05-10,SFG,COL,9.0,2.0,7.5,-212.0,180.0
2022-05-10,STL,BAL,3.0,5.0,8.5,-166.0,141.0
2022-05-10,TEX,KCR,6.0,4.0,8.0,-135.0,115.0
2022-05-10,WSN,NYM,2.0,4.0,8.0,140.0,-162.0
2022-05-10,NYY,TOR,6.0,5.0,7.5,-175.0,148.0
2022-05-11,NYY,TOR,5.0,3.0,7.5,-132.0,112.0
2022-05-11,ANA,TBD,2.0,4.0,6.5,-117.0,100.0
2022-05-11,ARI,FLA,3.0,11.0,8.0,-104.0,-113.0
2022-05-11,CIN,MIL,14.0,11.0,9.5,170.0,-200.0
2022-05-11,DET,OAK,0.0,9.0,7.5,-130.0,110.0
2022-05-11,MIN,HOU,3.0,11.0,,,
2022-05-11,SDP,CHC,5.0,7.0,8.0,-168.0,142.0
2022-05-11,ATL,BOS,5.0,3.0,8.0,-115.0,-101.0
2022-05-11,SEA,PHI,2.0,4.0,7.5,-153.0,129.0
2022-05-11,SFG,COL,7.0,1.0,7.5,-215.0,180.0
2022-05-11,STL,BAL,10.0,1.0,8.5,-232.0,194.0
2022-05-11,TEX,KCR,2.0,8.0,8.5,-135.0,115.0
2022-05-11,WSN,NYM,8.0,3.0,8.5,156.0,-184.0
2022-05-11,PIT,LAD,5.0,3.0,8.5,164.0,-195.0
2022-05-12,PIT,CIN,0.0,4.0,8.5,-139.0,120.0
2022-05-12,CHW,NYY,7.0,15.0,7.5,-145.0,125.0
2022-05-12,DET,OAK,3.0,5.0,8.0,-120.0,103.0
2022-05-12,MIN,HOU,0.0,5.0,8.5,100.0,-120.0
2022-05-12,LAD,PHI,7.0,9.0,8.0,-146.0,123.0
2022-05-12,TEX,KCR,3.0,1.0,8.5,-143.0,123.0
2022-05-12,WSN,NYM,1.0,4.0,8.5,132.0,-157.0
2022-05-12,STL,BAL,2.0,3.0,8.5,-215.0,177.0
2022-05-13,FLA,MIL,1.0,2.0,6.5,125.0,-144.0
2022-05-13,COL,KCR,10.0,14.0,10.5,-131.0,110.0
2022-05-13,DET,BAL,4.0,2.0,7.5,-164.0,139.0
2022-05-13,ARI,CHC,4.0,3.0,9.0,-123.0,104.0
2022-05-13,CHW,NYY,4.0,10.0,8.0,165.0,-195.0
2022-05-13,ATL,SDP,6.0,11.0,7.0,-156.0,132.0
2022-05-13,NYM,SEA,1.0,2.0,7.0,-252.0,205.0
2022-05-13,MIN,CLE,12.0,8.0,8.5,-167.0,143.0
2022-05-13,LAD,PHI,10.0,12.0,8.5,-232.0,190.0
2022-05-13,TEX,BOS,1.0,7.0,8.5,-122.0,102.0
2022-05-13,WSN,HOU,1.0,6.0,8.5,130.0,-155.0
2022-05-13,PIT,CIN,2.0,8.0,8.0,-109.0,-108.0
2022-05-13,TBD,TOR,5.0,2.0,7.0,110.0,-130.0
2022-05-13,STL,SFG,2.0,8.0,7.5,-105.0,-122.0
2022-05-13,OAK,ANA,0.0,2.0,7.5,122.0,-144.0
2022-05-14,NYM,SEA,5.0,4.0,7.0,-155.0,132.0
2022-05-14,ARI,CHC,2.0,4.0,8.5,-159.0,138.0
2022-05-14,ATL,SDP,6.0,5.0,8.0,-141.0,120.0
2022-05-14,CHW,NYY,3.0,2.0,9.0,130.0,-154.0
2022-05-14,COL,KCR,10.0,4.0,11.5,-147.0,125.0
2022-05-14,DET,BAL,3.0,0.0,8.0,-121.0,102.0
2022-05-14,FLA,MIL,9.0,3.0,7.0,100.0,-121.0
2022-05-14,LAD,PHI,3.0,8.0,8.5,-190.0,160.0
2022-05-14,PIT,CIN,3.0,1.0,8.0,105.0,-124.0
2022-05-14,OAK,ANA,4.0,3.0,7.5,-139.0,119.0
2022-05-14,STL,SFG,4.0,0.0,9.0,104.0,-121.0
2022-05-14,TBD,TOR,1.0,5.0,7.5,105.0,-123.0
2022-05-14,TEX,BOS,3.0,11.0,8.5,-115.0,-105.0
2022-05-14,WSN,HOU,13.0,6.0,8.5,114.0,-136.0
2022-05-14,MIN,CLE,2.0,3.0,8.5,115.0,-135.0
2022-05-15,FLA,MIL,3.0,7.0,7.5,150.0,-178.0
2022-05-15,MIN,CLE,3.0,1.0,228.5,,
2022-05-15,ATL,SDP,3.0,7.0,224.5,,
2022-05-15,ARI,CHC,2.0,3.0,215.0,,
2022-05-15,CHW,NYY,1.0,5.0,7.5,108.0,-125.0
2022-05-15,COL,KCR,7.0,8.0,220.0,,
2022-05-15,DET,BAL,5.0,1.0,220.0,,
2022-05-15,LAD,PHI,5.0,4.0,8.5,-138.0,119.0
2022-05-15,NYM,SEA,7.0,8.0,221.0,,
2022-05-15,STL,SFG,15.0,6.0,210.5,,
2022-05-15,TBD,TOR,3.0,0.0,218.5,,
2022-05-15,TEX,BOS,7.0,1.0,224.0,,
2022-05-15,WSN,HOU,0.0,8.0,232.5,,
2022-05-15,PIT,CIN,1.0,0.0,233.0,,
2022-05-15,OAK,ANA,1.0,4.0,225.0,,
2022-05-16,KCR,CHW,3.0,5.0,9.0,-102.0,-115.0
2022-05-16,BAL,NYY,2.0,6.0,7.5,155.0,-184.0
2022-05-16,BOS,HOU,6.0,3.0,9.5,-127.0,108.0
2022-05-16,CHC,PIT,9.0,0.0,9.0,-165.0,140.0
2022-05-16,COL,SFG,6.0,7.0,12.5,133.0,-155.0
2022-05-16,FLA,WSN,8.0,2.0,7.5,-200.0,166.0
2022-05-16,TEX,ANA,7.0,4.0,8.5,123.0,-141.0
2022-05-16,TBD,DET,2.0,3.0,7.5,-215.0,177.0
2022-05-16,LAD,ARI,5.0,4.0,8.5,-231.0,187.0
2022-05-16,TOR,SEA,6.0,2.0,9.0,-165.0,142.0
2022-05-16,MIL,ATL,1.0,0.0,8.0,-163.0,139.0
2022-05-16,OAK,MIN,1.0,3.0,7.5,108.0,-127.0
2022-05-17,FLA,WSN,5.0,1.0,8.5,-155.0,132.0
2022-05-17,LAD,ARI,12.0,3.0,7.5,-202.0,172.0
2022-05-17,KCR,CHW,0.0,3.0,8.5,164.0,-198.0
2022-05-17,CHC,PIT,7.0,0.0,8.0,-150.0,126.0
2022-05-17,BAL,NYY,4.0,5.0,8.5,190.0,-235.0
2022-05-17,CLE,CIN,4.0,5.0,8.0,-159.0,135.0
2022-05-17,BOS,HOU,4.0,13.0,8.5,-125.0,105.0
2022-05-17,COL,SFG,7.0,10.0,11.0,134.0,-157.0
2022-05-17,TBD,DET,8.0,1.0,7.0,-307.0,242.0
2022-05-17,TOR,SEA,3.0,0.0,8.0,-145.0,125.0
2022-05-17,TEX,ANA,10.0,5.0,9.0,115.0,-137.0
2022-05-17,NYM,STL,3.0,1.0,8.0,-107.0,100.0
2022-05-17,PHI,SDP,0.0,3.0,8.0,-113.0,-105.0
2022-05-17,OAK,MIN,5.0,2.0,7.0,-109.0,-108.0
2022-05-17,MIL,ATL,0.0,3.0,8.5,-117.0,-102.0
2022-05-18,MIL,ATL,7.0,6.0,244.5,,
2022-05-18,BAL,NYY,2.0,3.0,227.5,,
2022-05-18,BOS,HOU,5.0,1.0,228.5,,
2022-05-18,CHC,PIT,2.0,3.0,219.5,,
2022-05-18,FLA,WSN,4.0,5.0,218.0,,
2022-05-18,KCR,CHW,6.0,2.0,222.0,,
2022-05-18,LAD,ARI,5.0,3.0,235.0,,
2022-05-18,COL,SFG,5.0,3.0,230.0,,
2022-05-18,NYM,STL,11.0,4.0,236.0,,
2022-05-18,OAK,MIN,4.0,14.0,224.5,,
2022-05-18,TBD,DET,6.0,1.0,231.5,,
2022-05-18,TEX,ANA,6.0,5.0,223.5,,
2022-05-18,TOR,SEA,1.0,5.0,218.0,,
2022-05-18,PHI,SDP,3.0,0.0,224.5,,
2022-05-19,CLE,CIN,2.0,4.0,8.0,-134.0,115.0
2022-05-19,BAL,NYY,9.0,6.0,223.5,,
2022-05-19,BOS,SEA,12.0,6.0,221.5,,
2022-05-19,CHC,ARI,1.0,3.0,225.0,,
2022-05-19,HOU,TEX,5.0,1.0,221.5,,
2022-05-19,NYM,STL,7.0,6.0,228.0,,
2022-05-19,PHI,SDP,0.0,2.0,230.5,,
2022-05-19,KCR,CHW,4.0,7.0,223.5,,
2022-05-20,BAL,TBD,8.0,6.0,8.5,115.0,-135.0
2022-05-20,FLA,ATL,3.0,5.0,7.0,104.0,-123.0
2022-05-20,BOS,SEA,7.0,3.0,9.0,-110.0,-106.0
2022-05-20,ANA,OAK,2.0,4.0,7.5,-195.0,162.0
2022-05-20,CHC,ARI,6.0,10.0,11.5,-143.0,123.0
2022-05-20,CLE,DET,6.0,1.0,8.5,-120.0,101.0
2022-05-20,HOU,TEX,0.0,3.0,8.5,-175.0,145.0
2022-05-20,TOR,CIN,2.0,1.0,8.5,-180.0,152.0
2022-05-20,KCR,MIN,4.0,6.0,8.5,110.0,-130.0
2022-05-20,PIT,STL,3.0,5.0,9.0,123.0,-144.0
2022-05-20,SFG,SDP,7.0,8.0,7.5,-128.0,109.0
2022-05-20,PHI,LAD,1.0,4.0,9.0,120.0,-142.0
2022-05-20,MIL,WSN,7.0,0.0,8.5,-228.0,187.0
2022-05-21,HOU,TEX,2.0,1.0,7.5,-230.0,187.0
2022-05-21,BAL,TBD,1.0,6.0,8.5,110.0,-130.0
2022-05-21,ANA,OAK,5.0,3.0,7.5,-146.0,125.0
2022-05-21,BOS,SEA,6.0,5.0,9.0,-167.0,141.0
2022-05-21,CHC,ARI,6.0,7.0,7.5,-137.0,118.0
2022-05-21,COL,NYM,1.0,5.0,9.5,109.0,-127.0
2022-05-21,TOR,CIN,3.0,1.0,8.5,-260.0,215.0
2022-05-21,FLA,ATL,3.0,4.0,8.0,130.0,-154.0
2022-05-21,MIL,WSN,5.0,1.0,7.5,-230.0,195.0
2022-05-21,NYY,CHW,7.0,5.0,9.5,-235.0,190.0
2022-05-21,PHI,LAD,4.0,7.0,9.5,-120.0,-101.0
2022-05-21,PIT,STL,4.0,5.0,9.0,120.0,-140.0
2022-05-21,SFG,SDP,1.0,2.0,6.5,-152.0,130.0
2022-05-21,KCR,MIN,2.0,9.0,7.5,130.0,-152.0
2022-05-22,KCR,MIN,6.0,7.0,7.0,-119.0,100.0
2022-05-22,ANA,OAK,4.0,1.0,7.5,-210.0,180.0
2022-05-22,BAL,TBD,7.0,6.0,9.0,144.0,-170.0
2022-05-22,BOS,SEA,8.0,4.0,9.5,-129.0,110.0
2022-05-22,CHC,ARI,5.0,4.0,7.0,-131.0,111.0
2022-05-22,CLE,DET,2.0,4.0,7.0,-190.0,160.0
2022-05-22,COL,NYM,0.0,2.0,10.5,102.0,-120.0
2022-05-22,HOU,TEX,5.0,2.0,8.5,-200.0,168.0
2022-05-22,MIL,WSN,2.0,8.0,8.0,-252.0,210.0
2022-05-22,NYY,CHW,1.0,3.0,9.0,-162.0,138.0
2022-05-22,PHI,LAD,4.0,3.0,9.5,120.0,-141.0
2022-05-22,PIT,STL,4.0,18.0,8.5,139.0,-162.0
2022-05-22,SFG,SDP,1.0,10.0,7.5,-142.0,121.0
2022-05-22,TOR,CIN,2.0,3.0,8.5,-255.0,207.0
2022-05-22,FLA,ATL,4.0,3.0,7.5,-122.0,105.0
2022-05-23,ARI,KCR,9.0,5.0,8.5,-116.0,-102.0
2022-05-23,PIT,COL,2.0,1.0,8.0,-141.0,120.0
2022-05-23,ATL,PHI,3.0,7.0,8.5,110.0,-129.0
2022-05-23,CIN,CHC,4.0,7.0,9.0,107.0,-125.0
2022-05-23,HOU,CLE,1.0,6.0,8.0,-184.0,155.0
2022-05-23,MIN,DET,5.0,4.0,8.5,-222.0,185.0
2022-05-23,NYY,BAL,4.0,6.0,7.5,-315.0,260.0
2022-05-23,SEA,OAK,7.0,6.0,7.5,-159.0,135.0
2022-05-23,SDP,MIL,3.0,2.0,7.5,-109.0,-110.0
2022-05-23,WSN,LAD,1.0,10.0,9.5,188.0,-230.0
2022-05-23,STL,TOR,7.0,3.0,7.5,-119.0,101.0
2022-05-23,SFG,NYM,3.0,13.0,7.5,-139.0,119.0
2022-05-24,ANA,TEX,5.0,3.0,8.5,-150.0,125.0
2022-05-24,ARI,KCR,8.0,6.0,8.5,-215.0,177.0
2022-05-24,CHW,BOS,3.0,16.0,7.0,-157.0,135.0
2022-05-24,CIN,CHC,4.0,11.0,8.0,-120.0,101.0
2022-05-24,HOU,CLE,7.0,3.0,8.0,-235.0,192.0
2022-05-24,MIN,DET,2.0,0.0,7.5,-267.0,217.0
2022-05-24,NYY,BAL,7.0,6.0,7.5,-232.0,189.0
2022-05-24,ATL,PHI,6.0,5.0,8.5,-184.0,154.0
2022-05-24,SDP,MIL,1.0,4.0,6.5,109.0,-129.0
2022-05-24,SEA,OAK,5.0,7.0,7.5,-187.0,155.0
2022-05-24,SFG,NYM,13.0,12.0,7.5,-110.0,-106.0
2022-05-24,STL,TOR,1.0,8.0,7.0,118.0,-138.0
2022-05-24,TBD,FLA,4.0,0.0,6.5,-165.0,140.0
2022-05-24,WSN,LAD,4.0,9.0,8.0,182.0,-220.0
2022-05-24,PIT,COL,1.0,2.0,7.5,-115.0,-102.0
2022-05-25,PIT,COL,10.0,5.0,8.0,-133.0,113.0
2022-05-25,ANA,TEX,2.0,7.0,9.0,-176.0,147.0
2022-05-25,CHW,BOS,3.0,1.0,7.5,-158.0,135.0
2022-05-25,HOU,CLE,2.0,1.0,8.5,-195.0,163.0
2022-05-25,MIN,DET,2.0,4.0,7.5,-197.0,164.0
2022-05-25,NYY,BAL,2.0,0.0,7.5,-162.0,138.0
2022-05-25,ATL,PHI,8.0,4.0,9.0,-150.0,128.0
2022-05-25,SDP,MIL,1.0,2.0,7.0,-142.0,120.0
2022-05-25,SEA,OAK,2.0,4.0,7.0,-180.0,152.0
2022-05-25,SFG,NYM,9.0,3.0,9.0,-115.0,-103.0
2022-05-25,TBD,FLA,5.0,4.0,7.0,-190.0,160.0
2022-05-25,WSN,LAD,1.0,0.0,8.5,172.0,-206.0
2022-05-25,CIN,CHC,4.0,3.0,8.5,-158.0,132.0
2022-05-26,MIN,KCR,2.0,3.0,8.5,-190.0,160.0
2022-05-26,ANA,TOR,3.0,6.0,7.5,-168.0,145.0
2022-05-26,ARI,LAD,1.0,14.0,9.5,151.0,-181.0
2022-05-26,ATL,PHI,1.0,4.0,8.0,-101.0,-117.0
2022-05-26,CHW,BOS,7.0,16.0,9.0,108.0,-126.0
2022-05-26,DET,CLE,4.0,3.0,7.0,-135.0,115.0
2022-05-26,CIN,CHC,20.0,5.0,9.0,-104.0,-115.0
2022-05-26,STL,MIL,3.0,4.0,7.5,-120.0,103.0
2022-05-26,TBD,NYY,2.0,7.0,7.0,-101.0,-120.0
2022-05-26,WSN,COL,7.0,3.0,9.0,-115.0,-104.0
2022-05-26,OAK,TEX,1.0,4.0,7.0,-120.0,100.0
2022-05-27,ANA,TOR,3.0,4.0,8.0,105.0,-125.0
2022-05-27,ARI,LAD,4.0,6.0,11.0,130.0,-152.0
2022-05-27,NYM,PHI,8.0,6.0,8.5,-181.0,152.0
2022-05-27,ATL,FLA,6.0,4.0,9.0,-147.0,125.0
2022-05-27,BOS,BAL,8.0,12.0,10.0,-180.0,155.0
2022-05-27,CIN,SFG,5.0,1.0,8.5,188.0,-225.0
2022-05-27,STL,MIL,4.0,2.0,7.5,125.0,-147.0
2022-05-27,SEA,HOU,6.0,1.0,7.5,185.0,-223.0
2022-05-27,OAK,TEX,5.0,8.0,7.0,105.0,-125.0
2022-05-27,TBD,NYY,0.0,2.0,7.0,-128.0,109.0
2022-05-27,SDP,PIT,4.0,3.0,7.0,-221.0,185.0
2022-05-27,MIN,KCR,10.0,7.0,8.5,-184.0,154.0
2022-05-28,MIN,KCR,3.0,7.0,9.5,-166.0,142.0
2022-05-28,ARI,LAD,2.0,3.0,9.0,155.0,-184.0
2022-05-28,ANA,TOR,5.0,6.0,8.5,-122.0,103.0
2022-05-28,ATL,FLA,1.0,4.0,9.0,-126.0,109.0
2022-05-28,BOS,BAL,5.0,3.0,10.0,-217.0,180.0
2022-05-28,CHW,CHC,1.0,5.0,8.5,-140.0,119.0
2022-05-28,CIN,SFG,3.0,2.0,10.0,155.0,-187.0
2022-05-28,DET,CLE,1.0,8.0,7.0,143.0,-167.0
2022-05-28,NYM,PHI,8.0,2.0,8.5,-113.0,-105.0
2022-05-28,OAK,TEX,4.0,11.0,8.0,-120.0,102.0
2022-05-28,SDP,PIT,2.0,4.0,7.0,-226.0,186.0
2022-05-28,SEA,HOU,6.0,0.0,7.5,101.0,-122.0
2022-05-28,STL,MIL,8.0,3.0,8.5,-104.0,-113.0
2022-05-28,TBD,NYY,3.0,1.0,7.0,131.0,-155.0
2022-05-28,WSN,COL,2.0,3.0,9.5,-130.0,110.0
2022-05-29,ANA,TOR,10.0,11.0,8.0,-155.0,135.0
2022-05-29,NYM,PHI,5.0,4.0,7.5,106.0,-123.0
2022-05-29,ARI,LAD,1.0,3.0,9.0,175.0,-215.0
2022-05-29,ATL,FLA,6.0,3.0,8.0,-235.0,195.0
2022-05-29,BOS,BAL,12.0,2.0,9.5,-190.0,160.0
2022-05-29,CHW,CHC,5.0,4.0,7.0,-154.0,130.0
2022-05-29,CIN,SFG,4.0,6.0,8.5,130.0,-154.0
2022-05-29,DET,CLE,2.0,1.0,8.0,145.0,-175.0
2022-05-29,OAK,TEX,6.0,5.0,7.5,102.0,-120.0
2022-05-29,SDP,PIT,4.0,2.0,7.0,-182.0,155.0
2022-05-29,SEA,HOU,1.0,2.0,8.0,125.0,-149.0
2022-05-29,STL,MIL,0.0,8.0,7.0,130.0,-154.0
2022-05-29,TBD,NYY,4.0,2.0,6.5,-139.0,120.0
2022-05-29,WSN,COL,6.0,5.0,9.0,-122.0,105.0
2022-05-29,MIN,KCR,7.0,3.0,8.5,-195.0,165.0
2022-05-30,CHC,MIL,6.0,7.0,11.5,118.0,-138.0
2022-05-30,CLE,KCR,7.0,3.0,10.5,-155.0,132.0
2022-05-30,DET,MIN,7.0,5.0,8.0,120.0,-141.0
2022-05-30,ARI,ATL,6.0,2.0,8.5,102.0,-120.0
2022-05-30,BOS,BAL,0.0,10.0,10.0,-176.0,150.0
2022-05-30,COL,FLA,7.0,1.0,10.5,131.0,-154.0
2022-05-30,LAD,PIT,5.0,6.0,8.0,-372.0,290.0
2022-05-30,OAK,HOU,1.0,5.0,7.5,141.0,-166.0
2022-05-30,PHI,SFG,4.0,5.0,9.5,100.0,-119.0
2022-05-30,STL,SDP,6.0,3.0,9.0,-125.0,105.0
2022-05-30,NYM,WSN,13.0,5.0,9.0,-177.0,150.0
2022-05-30,TEX,TBD,9.0,5.0,8.0,120.0,-140.0
2022-05-31,NYM,WSN,10.0,0.0,9.5,-200.0,170.0
2022-05-31,DET,MIN,2.0,8.0,9.0,125.0,-147.0
2022-05-31,LAD,PIT,3.0,5.0,8.5,-360.0,290.0
2022-05-31,ARI,ATL,8.0,7.0,9.5,143.0,-165.0
2022-05-31,CLE,KCR,8.0,3.0,9.5,-142.0,122.0
2022-05-31,OAK,HOU,1.0,3.0,7.0,111.0,-132.0
2022-05-31,CHC,MIL,8.0,7.0,9.5,110.0,-130.0
2022-05-31,PHI,SFG,4.0,7.0,9.0,-155.0,132.0
2022-05-31,STL,SDP,3.0,2.0,8.5,-127.0,110.0
2022-05-31,TEX,TBD,3.0,0.0,8.0,-117.0,-101.0
2022-05-31,TOR,CHW,6.0,5.0,7.5,-197.0,163.0
2022-05-31,BOS,CIN,1.0,2.0,8.5,-154.0,130.0
2022-05-31,NYY,ANA,9.0,1.0,8.5,-132.0,111.0
2022-05-31,BAL,SEA,0.0,10.0,8.5,112.0,-132.0
2022-06-01,ARI,ATL,0.0,6.0,8.5,128.0,-149.0
2022-06-01,BAL,SEA,9.0,2.0,8.5,122.0,-144.0
2022-06-01,BOS,CIN,7.0,1.0,8.5,-220.0,182.0
2022-06-01,CHC,MIL,4.0,3.0,8.0,-104.0,-113.0
2022-06-01,CLE,KCR,4.0,0.0,9.0,-142.0,120.0
2022-06-01,LAD,PIT,4.0,8.0,9.0,-264.0,215.0
2022-06-01,DET,MIN,5.0,0.0,7.5,-110.0,-106.0
2022-06-01,OAK,HOU,4.0,5.0,7.5,188.0,-227.0
2022-06-01,PHI,SFG,6.0,5.0,7.5,-127.0,105.0
2022-06-01,STL,SDP,5.0,2.0,8.5,113.0,-133.0
2022-06-01,TEX,TBD,3.0,4.0,7.5,105.0,-125.0
2022-06-01,NYM,WSN,5.0,0.0,9.0,-250.0,207.0
2022-06-01,TOR,CHW,7.0,3.0,8.5,-125.0,105.0
2022-06-01,COL,FLA,1.0,14.0,10.5,-115.0,-104.0
2022-06-02,FLA,SFG,3.0,0.0,7.0,-141.0,123.0
2022-06-02,BAL,SEA,6.0,7.0,9.5,-107.0,-111.0
2022-06-02,CHC,STL,7.0,5.0,8.5,-107.0,-110.0
2022-06-02,CIN,WSN,8.0,1.0,9.5,-132.0,114.0
2022-06-02,COL,ATL,6.0,13.0,12.0,133.0,-157.0
2022-06-02,LAD,NYM,2.0,0.0,8.5,-190.0,160.0
2022-06-02,MIL,SDP,5.0,4.0,8.0,-105.0,-111.0
2022-06-02,NYY,ANA,6.0,1.0,7.5,-119.0,102.0
2022-06-02,TEX,TBD,1.0,3.0,8.5,111.0,-129.0
2022-06-02,TOR,CHW,8.0,3.0,8.0,-186.0,155.0
2022-06-02,DET,MIN,3.0,2.0,9.0,116.0,-139.0
2022-06-03,KCR,HOU,3.0,10.0,8.5,105.0,-126.0
2022-06-03,NYY,DET,13.0,0.0,7.5,-360.0,285.0
2022-06-03,CHC,STL,5.0,14.0,8.5,-108.0,-107.0
2022-06-03,CIN,WSN,5.0,8.0,10.0,-135.0,115.0
2022-06-03,FLA,SFG,6.0,15.0,8.0,105.0,-115.0
2022-06-03,LAD,NYM,6.0,1.0,8.0,-159.0,137.0
2022-06-03,BAL,CLE,3.0,6.0,8.0,120.0,-141.0
2022-06-03,COL,ATL,1.0,3.0,11.0,155.0,-180.0
2022-06-03,OAK,BOS,2.0,7.0,7.5,149.0,-175.0
2022-06-03,PIT,ARI,6.0,8.0,8.5,100.0,-119.0
2022-06-03,TBD,CHW,6.0,3.0,7.5,-195.0,163.0
2022-06-03,TOR,MIN,3.0,9.0,9.5,-240.0,195.0
2022-06-03,PHI,ANA,10.0,0.0,9.0,-129.0,110.0
2022-06-03,MIL,SDP,0.0,7.0,6.5,-174.0,150.0
2022-06-03,TEX,SEA,3.0,4.0,8.0,-111.0,-107.0
2022-06-04,BAL,CLE,5.0,4.0,8.0,106.0,-124.0
2022-06-04,CHC,STL,6.0,1.0,8.5,-110.0,-108.0
2022-06-04,CIN,WSN,8.0,10.0,9.5,-132.0,110.0
2022-06-04,COL,ATL,2.0,6.0,12.0,166.0,-200.0
2022-06-04,FLA,SFG,5.0,4.0,6.5,-112.0,-105.0
2022-06-04,KCR,HOU,6.0,0.0,9.5,177.0,-215.0
2022-06-04,LAD,NYM,4.0,9.0,8.5,-192.0,162.0
2022-06-04,MIL,SDP,0.0,4.0,7.0,-135.0,115.0
2022-06-04,NYY,DET,3.0,0.0,9.0,-360.0,290.0
2022-06-04,OAK,BOS,0.0,8.0,7.5,124.0,-145.0
2022-06-04,PHI,ANA,7.0,2.0,8.5,-171.0,145.0
2022-06-04,PIT,ARI,2.0,1.0,8.5,-125.0,105.0
2022-06-04,TBD,CHW,2.0,3.0,7.0,-125.0,107.0
2022-06-04,TEX,SEA,3.0,2.0,8.5,-130.0,110.0
2022-06-04,TOR,MIN,12.0,3.0,9.0,-180.0,155.0
2022-06-05,NYY,DET,5.0,4.0,8.0,-297.0,245.0
2022-06-05,CHC,STL,3.0,5.0,9.0,118.0,-137.0
2022-06-05,CIN,WSN,4.0,5.0,10.0,-182.0,155.0
2022-06-05,BAL,CLE,2.0,3.0,8.5,-102.0,-114.0
2022-06-05,FLA,SFG,1.0,5.0,8.0,105.0,-125.0
2022-06-05,KCR,HOU,4.0,7.0,9.5,190.0,-236.0
2022-06-05,PIT,ARI,3.0,0.0,7.5,127.0,-149.0
2022-06-05,MIL,SDP,4.0,6.0,7.5,-125.0,106.0
2022-06-05,COL,ATL,7.0,8.0,11.0,132.0,-155.0
2022-06-05,OAK,BOS,2.0,5.0,7.0,-115.0,-103.0
2022-06-05,PHI,ANA,9.0,7.0,8.5,-125.0,106.0
2022-06-05,TBD,CHW,5.0,6.0,7.0,-109.0,-110.0
2022-06-05,TEX,SEA,5.0,6.0,8.0,-133.0,113.0
2022-06-05,TOR,MIN,6.0,8.0,8.5,-265.0,212.0
2022-06-05,LAD,NYM,4.0,5.0,9.0,-190.0,160.0
2022-06-06,HOU,SEA,4.0,7.0,7.0,,
2022-06-06,ANA,BOS,0.0,1.0,9.0,,
2022-06-06,KCR,TOR,0.0,8.0,8.0,,
2022-06-06,SDP,NYM,5.0,11.0,9.5,,-166.0
2022-06-06,CIN,ARI,7.0,0.0,7.5,,
2022-06-07,HOU,SEA,4.0,1.0,8.5,,
2022-06-07,ANA,BOS,5.0,6.0,9.0,114.0,-135.0
2022-06-07,ATL,OAK,3.0,2.0,9.0,-275.0,225.0
2022-06-07,CLE,TEX,6.0,3.0,10.0,,
2022-06-07,CIN,ARI,14.0,8.0,8.5,,143.0
2022-06-07,FLA,WSN,12.0,2.0,6.5,,
2022-06-07,BAL,CHC,9.0,3.0,10.0,,
2022-06-07,KCR,TOR,0.0,7.0,8.5,,
2022-06-07,MIN,NYY,4.0,10.0,6.5,,
2022-06-07,PIT,DET,3.0,5.0,9.5,123.0,
2022-06-07,SDP,NYM,7.0,0.0,7.0,,
2022-06-07,MIL,PHI,2.0,3.0,8.5,-116.0,-101.0
2022-06-07,SFG,COL,3.0,5.0,9.0,,
2022-06-07,CHW,LAD,4.0,0.0,11.5,,
2022-06-07,TBD,STL,4.0,2.0,10.5,,
2022-06-08,KCR,TOR,8.0,4.0,9.0,,
2022-06-08,ANA,BOS,0.0,1.0,9.5,,
2022-06-08,ATL,OAK,13.0,2.0,11.5,,
2022-06-08,CHW,LAD,1.0,4.0,7.5,,
2022-06-08,CIN,ARI,0.0,7.0,9.5,-116.0,-105.0
2022-06-08,CLE,TEX,4.0,0.0,8.0,,
2022-06-08,HOU,SEA,3.0,6.0,10.5,,
2022-06-08,TBD,STL,11.0,3.0,9.5,,
2022-06-08,MIL,PHI,0.0,10.0,8.5,,
2022-06-08,MIN,NYY,8.0,1.0,8.0,,
2022-06-08,PIT,DET,1.0,3.0,8.5,135.0,
2022-06-08,SDP,NYM,13.0,2.0,8.0,111.0,
2022-06-08,SFG,COL,2.0,1.0,7.5,,
2022-06-08,FLA,WSN,2.0,1.0,8.0,,
2022-06-09,ATL,PIT,3.0,1.0,49.5,,
2022-06-09,FLA,WSN,7.0,4.0,42.5,,
2022-06-09,ANA,BOS,5.0,2.0,48.5,,
2022-06-09,CHW,LAD,9.0,11.0,52.0,,
2022-06-09,CIN,ARI,4.0,5.0,42.5,,
2022-06-09,CLE,OAK,8.0,4.0,41.5,,
2022-06-09,KCR,BAL,7.0,5.0,47.5,,
2022-06-09,MIL,PHI,3.0,8.0,39.5,,
2022-06-09,MIN,NYY,7.0,10.0,49.0,,
2022-06-09,TBD,STL,2.0,1.0,42.0,,
2022-06-09,SFG,COL,2.0,4.0,44.5,,
2022-06-10,DET,TOR,1.0,10.0,52.5,,
2022-06-10,KCR,BAL,8.0,1.0,44.0,,
2022-06-10,CLE,OAK,3.0,2.0,54.0,,
2022-06-10,CHW,TEX,8.0,3.0,49.0,,
2022-06-10,ATL,PIT,4.0,2.0,43.5,,
2022-06-10,ANA,NYM,3.0,7.0,49.5,,
2022-06-10,NYY,CHC,2.0,1.0,49.5,,
2022-06-10,HOU,FLA,4.0,7.0,54.5,,
2022-06-10,PHI,ARI,7.0,5.0,8.5,-148.0,125.0
2022-06-10,SDP,COL,9.0,0.0,55.0,,
2022-06-10,SEA,BOS,3.0,4.0,44.0,,
2022-06-10,SFG,LAD,7.0,2.0,51.5,,
2022-06-10,STL,CIN,2.0,0.0,52.0,,
2022-06-10,WSN,MIL,11.0,5.0,8.5,151.0,-180.0
2022-06-10,MIN,TBD,9.0,4.0,52.5,,
2022-06-11,CLE,OAK,5.0,10.0,7.5,-131.0,110.0
2022-06-11,NYY,CHC,8.0,0.0,8.5,-236.0,195.0
2022-06-11,ANA,NYM,11.0,6.0,9.0,110.0,-131.0
2022-06-11,ATL,PIT,10.0,4.0,9.0,-245.0,200.0
2022-06-11,CHW,TEX,9.0,11.0,8.0,-165.0,137.0
2022-06-11,DET,TOR,3.0,1.0,8.5,230.0,-280.0
2022-06-11,WSN,MIL,8.0,6.0,9.0,135.0,-161.0
2022-06-11,KCR,BAL,4.0,6.0,9.5,100.0,-117.0
2022-06-11,MIN,TBD,6.0,5.0,8.5,125.0,-148.0
2022-06-11,SDP,COL,2.0,6.0,7.5,-225.0,190.0
2022-06-11,PHI,ARI,4.0,0.0,8.5,-260.0,210.0
2022-06-11,SEA,BOS,7.0,6.0,8.5,-125.0,105.0
2022-06-11,SFG,LAD,3.0,2.0,8.5,172.0,-210.0
2022-06-11,STL,CIN,5.0,4.0,8.5,-190.0,157.0
2022-06-11,HOU,FLA,1.0,5.0,8.5,-295.0,232.0
2022-06-12,ATL,PIT,5.0,3.0,52.0,,
2022-06-12,CHW,TEX,6.0,8.0,56.5,,
2022-06-12,CLE,OAK,6.0,3.0,8.5,-180.0,150.0
2022-06-12,DET,TOR,0.0,6.0,47.5,,
2022-06-12,HOU,FLA,9.0,4.0,45.5,,
2022-06-12,KCR,BAL,7.0,10.0,10.0,-142.0,119.0
2022-06-12,ANA,NYM,1.0,4.0,49.0,,
2022-06-12,NYY,CHC,18.0,4.0,47.0,,
2022-06-12,PHI,ARI,1.0,13.0,48.0,,
2022-06-12,SEA,BOS,0.0,2.0,47.0,,
2022-06-12,SFG,LAD,2.0,0.0,50.0,,
2022-06-12,STL,CIN,6.0,7.0,50.5,,
2022-06-12,WSN,MIL,1.0,4.0,51.5,,
2022-06-12,SDP,COL,2.0,4.0,57.0,,
2022-06-12,MIN,TBD,0.0,6.0,49.5,,
2022-06-13,SFG,KCR,6.0,2.0,53.5,,
2022-06-13,ARI,CIN,4.0,5.0,45.5,,
2022-06-13,CHC,SDP,1.0,4.0,52.5,,
2022-06-13,DET,CHW,5.0,9.0,54.5,,
2022-06-13,PHI,FLA,3.0,2.0,40.5,,
2022-06-13,STL,PIT,7.0,5.0,44.5,,
2022-06-13,TEX,HOU,5.0,3.0,44.5,,
2022-06-13,TOR,BAL,11.0,1.0,49.5,,
2022-06-13,WSN,ATL,5.0,9.0,48.0,,
2022-06-13,SEA,MIN,2.0,3.0,53.0,,
2022-06-14,PHI,FLA,9.0,11.0,8.5,-150.0,125.0
2022-06-14,BOS,OAK,6.0,1.0,9.5,-240.0,199.0
2022-06-14,ARI,CIN,3.0,5.0,9.0,-121.0,103.0
2022-06-14,COL,CLE,3.0,4.0,11.0,147.0,-180.0
2022-06-14,DET,CHW,1.0,5.0,8.0,151.0,-180.0
2022-06-14,NYM,MIL,4.0,0.0,8.0,-159.0,135.0
2022-06-14,LAD,ANA,2.0,0.0,8.5,-205.0,165.0
2022-06-14,CHC,SDP,5.0,12.0,10.5,115.0,-136.0
2022-06-14,SFG,KCR,4.0,2.0,8.5,-250.0,200.0
2022-06-14,WSN,ATL,4.0,10.0,9.0,235.0,-315.0
2022-06-14,TOR,BAL,5.0,6.0,9.0,-230.0,190.0
2022-06-14,NYY,TBD,2.0,0.0,7.5,-225.0,182.0
2022-06-14,STL,PIT,3.0,1.0,9.0,-167.0,144.0
2022-06-14,SEA,MIN,5.0,0.0,7.0,-125.0,106.0
2022-06-14,TEX,HOU,3.0,4.0,9.0,105.0,-127.0
2022-06-15,NYY,TBD,4.0,3.0,6.5,-141.0,119.0
2022-06-15,ARI,CIN,7.0,4.0,7.5,-139.0,118.0
2022-06-15,BOS,OAK,10.0,1.0,9.5,-195.0,160.0
2022-06-15,CHC,SDP,5.0,19.0,12.0,-143.0,121.0
2022-06-15,COL,CLE,5.0,7.0,12.0,-120.0,101.0
2022-06-15,LAD,ANA,4.0,1.0,8.5,-214.0,175.0
2022-06-15,DET,CHW,0.0,13.0,8.5,-115.0,-104.0
2022-06-15,TEX,HOU,2.0,9.0,9.0,137.0,-161.0
2022-06-15,PHI,FLA,3.0,1.0,9.5,-180.0,142.0
2022-06-15,SEA,MIN,0.0,5.0,7.5,125.0,-148.0
2022-06-15,SFG,KCR,2.0,3.0,9.0,-210.0,167.0
2022-06-15,STL,PIT,4.0,6.0,8.5,-202.0,167.0
2022-06-15,TOR,BAL,7.0,6.0,9.5,-334.0,247.0
2022-06-15,WSN,ATL,2.0,8.0,9.0,180.0,-215.0
2022-06-15,NYM,MIL,2.0,10.0,7.5,110.0,-133.0
2022-06-16,CHC,SDP,4.0,6.0,11.0,160.0,-195.0
2022-06-16,NYM,MIL,5.0,4.0,7.5,-132.0,110.0
2022-06-16,COL,CLE,2.0,4.0,11.5,114.0,-140.0
2022-06-16,BOS,OAK,3.0,4.0,9.5,-177.0,148.0
2022-06-16,NYY,TBD,2.0,1.0,8.5,-180.0,148.0
2022-06-16,WSN,PHI,1.0,10.0,9.5,175.0,-214.0
2022-06-16,SEA,ANA,1.0,4.0,7.5,120.0,-147.0
2022-06-16,TOR,BAL,2.0,10.0,8.5,-260.0,210.0
2022-06-16,DET,TEX,1.0,3.0,8.5,137.0,-162.0
2022-06-17,BAL,TBD,1.0,0.0,8.5,122.0,-148.0
2022-06-17,LAD,CLE,1.0,2.0,8.0,-278.0,232.0
2022-06-17,BOS,STL,6.0,5.0,10.5,-118.0,100.0
2022-06-17,CHC,ATL,1.0,0.0,8.5,155.0,-182.0
2022-06-17,CIN,MIL,4.0,5.0,9.5,-105.0,-115.0
2022-06-17,DET,TEX,0.0,7.0,8.0,-124.0,105.0
2022-06-17,COL,SDP,10.0,4.0,12.0,127.0,-149.0
2022-06-17,HOU,CHW,13.0,3.0,8.0,-175.0,140.0
2022-06-17,OAK,KCR,1.0,5.0,7.0,-160.0,135.0
2022-06-17,NYM,FLA,10.0,4.0,7.5,-155.0,130.0
2022-06-17,SEA,ANA,8.0,1.0,7.5,-148.0,125.0
2022-06-17,TOR,NYY,3.0,12.0,9.0,-106.0,-116.0
2022-06-17,WSN,PHI,3.0,5.0,11.0,160.0,-188.0
2022-06-17,PIT,SFG,0.0,2.0,8.0,172.0,-210.0
2022-06-17,ARI,MIN,7.0,2.0,9.0,117.0,-139.0
2022-06-18,ARI,MIN,1.0,11.0,9.0,-105.0,-114.0
2022-06-18,BAL,TBD,6.0,7.0,8.0,144.0,-175.0
2022-06-18,CIN,MIL,3.0,7.0,9.5,-115.0,-104.0
2022-06-18,BOS,STL,2.0,11.0,10.5,-117.0,-100.0
2022-06-18,CHC,ATL,6.0,3.0,7.0,168.0,-205.0
2022-06-18,COL,SDP,5.0,4.0,11.5,101.0,-120.0
2022-06-18,PIT,SFG,5.0,7.0,8.0,147.0,-180.0
2022-06-18,HOU,CHW,0.0,7.0,7.5,-250.0,210.0
2022-06-18,DET,TEX,14.0,7.0,8.5,104.0,-124.0
2022-06-18,TOR,NYY,0.0,4.0,8.5,-152.0,128.0
2022-06-18,SEA,ANA,2.0,4.0,8.0,115.0,-138.0
2022-06-18,WSN,PHI,1.0,2.0,8.0,140.0,-165.0
2022-06-18,NYM,FLA,3.0,2.0,8.0,-177.0,150.0
2022-06-18,OAK,KCR,0.0,2.0,8.0,-117.0,-106.0
2022-06-18,LAD,CLE,7.0,1.0,8.0,-286.0,232.0
2022-06-19,LAD,CLE,3.0,5.0,7.5,-180.0,150.0
2022-06-19,BAL,TBD,2.0,1.0,8.5,132.0,-154.0
2022-06-19,CHC,ATL,0.0,6.0,9.0,139.0,-163.0
2022-06-19,ARI,MIN,7.0,1.0,9.0,108.0,-128.0
2022-06-19,COL,SDP,8.0,3.0,12.5,123.0,-144.0
2022-06-19,DET,TEX,7.0,3.0,8.5,130.0,-150.0
2022-06-19,BOS,STL,6.0,4.0,9.5,-155.0,133.0
2022-06-19,CIN,MIL,3.0,6.0,9.5,115.0,-137.0
2022-06-19,NYM,FLA,2.0,6.0,6.5,-146.0,125.0
2022-06-19,OAK,KCR,4.0,0.0,8.0,130.0,-157.0
2022-06-19,PIT,SFG,4.0,3.0,8.5,160.0,-188.0
2022-06-19,SEA,ANA,0.0,4.0,7.5,-175.0,145.0
2022-06-19,TOR,NYY,10.0,9.0,9.0,138.0,-167.0
2022-06-19,WSN,PHI,9.0,3.0,9.5,140.0,-166.0
2022-06-19,HOU,CHW,4.0,3.0,7.0,-157.0,132.0
2022-06-20,MIL,STL,2.0,0.0,223.5,,
2022-06-20,ANA,KCR,2.0,6.0,228.5,,
2022-06-20,ATL,SFG,2.0,1.0,232.5,,
2022-06-20,BOS,DET,5.0,2.0,225.5,,
2022-06-20,NYM,FLA,6.0,0.0,214.0,,
2022-06-20,PIT,CHC,12.0,1.0,227.0,,
2022-06-20,SDP,ARI,4.0,1.0,215.0,,
2022-06-20,CHW,TOR,8.0,7.0,229.0,,
2022-06-20,TBD,NYY,2.0,4.0,226.5,,
2022-06-21,CIN,LAD,2.0,8.0,9.0,150.0,-181.0
2022-06-21,MIL,STL,2.0,6.0,9.5,106.0,-125.0
2022-06-21,ATL,SFG,10.0,12.0,9.0,-185.0,155.0
2022-06-21,BAL,WSN,0.0,3.0,9.5,-130.0,110.0
2022-06-21,BOS,DET,5.0,4.0,9.5,-200.0,165.0
2022-06-21,CHW,TOR,7.0,6.0,9.5,111.0,-131.0
2022-06-21,FLA,COL,9.0,8.0,7.5,-125.0,105.0
2022-06-21,ANA,KCR,11.0,12.0,9.5,-177.0,148.0
2022-06-21,MIN,CLE,5.0,6.0,9.5,-167.0,136.0
2022-06-21,PIT,CHC,7.0,1.0,9.0,-153.0,126.0
2022-06-21,SDP,ARI,3.0,2.0,7.0,-141.0,120.0
2022-06-21,TBD,NYY,5.0,4.0,7.0,140.0,-165.0
2022-06-21,TEX,PHI,7.0,0.0,8.0,-134.0,112.0
2022-06-21,HOU,NYM,8.0,2.0,9.0,-145.0,121.0
2022-06-21,OAK,SEA,2.0,8.0,8.5,115.0,-135.0
2022-06-22,HOU,NYM,5.0,3.0,8.0,-141.0,117.0
2022-06-22,ANA,KCR,5.0,0.0,8.0,-220.0,185.0
2022-06-22,ATL,SFG,4.0,3.0,9.0,-139.0,117.0
2022-06-22,BAL,WSN,7.0,0.0,9.0,-159.0,132.0
2022-06-22,BOS,DET,6.0,2.0,8.0,-141.0,119.0
2022-06-22,CHW,TOR,5.0,9.0,9.0,102.0,-117.0
2022-06-22,FLA,COL,7.0,4.0,7.5,-200.0,165.0
2022-06-22,TBD,NYY,4.0,5.0,7.0,135.0,-159.0
2022-06-22,MIL,STL,4.0,5.0,9.0,-119.0,-102.0
2022-06-22,MIN,CLE,10.0,11.0,8.0,-163.0,135.0
2022-06-22,OAK,SEA,0.0,9.0,7.0,116.0,-136.0
2022-06-22,PIT,CHC,5.0,14.0,9.0,117.0,-141.0
2022-06-22,SDP,ARI,10.0,4.0,7.5,-170.0,145.0
2022-06-22,TEX,PHI,4.0,2.0,7.5,125.0,-148.0
2022-06-22,CIN,LAD,4.0,8.0,9.5,140.0,-165.0
2022-06-23,CHW,BAL,0.0,4.0,8.5,-167.0,137.0
2022-06-23,MIL,STL,6.0,4.0,9.5,-124.0,104.0
2022-06-23,ATL,SFG,7.0,6.0,9.0,-148.0,123.0
2022-06-23,CIN,LAD,5.0,10.0,9.0,192.0,-235.0
2022-06-23,FLA,COL,3.0,2.0,8.5,-148.0,128.0
2022-06-23,MIN,CLE,1.0,0.0,10.0,-136.0,115.0
2022-06-23,NYY,HOU,7.0,6.0,8.5,-137.0,117.0
2022-06-23,OAK,SEA,1.0,2.0,7.5,103.0,-120.0
2022-06-23,SDP,PHI,2.0,6.0,7.0,-162.0,133.0
2022-06-23,PIT,CHC,8.0,7.0,8.5,-105.0,-115.0
2022-06-24,CHW,BAL,1.0,4.0,9.0,-178.0,149.0
2022-06-24,KCR,OAK,3.0,1.0,9.0,-154.0,130.0
2022-06-24,CLE,BOS,3.0,6.0,9.0,-102.0,-119.0
2022-06-24,ATL,LAD,1.0,4.0,9.0,108.0,-127.0
2022-06-24,ARI,DET,1.0,5.0,8.0,-175.0,146.0
2022-06-24,ANA,SEA,3.0,4.0,9.5,-155.0,133.0
2022-06-24,MIN,COL,0.0,1.0,9.0,-155.0,131.0
2022-06-24,FLA,NYM,3.0,5.0,7.0,-142.0,121.0
2022-06-24,NYY,HOU,1.0,3.0,8.0,-131.0,110.0
2022-06-24,SFG,CIN,2.0,4.0,7.5,-225.0,186.0
2022-06-24,STL,CHC,0.0,3.0,8.5,-178.0,143.0
2022-06-24,TBD,PIT,4.0,3.0,7.0,-209.0,172.0
2022-06-24,SDP,PHI,1.0,0.0,7.0,115.0,-138.0
2022-06-24,TEX,WSN,1.0,2.0,9.0,-167.0,139.0
2022-06-24,MIL,TOR,4.0,9.0,8.5,117.0,-140.0
2022-06-25,KCR,OAK,7.0,9.0,9.5,-178.0,150.0
2022-06-25,NYY,HOU,0.0,3.0,8.0,-195.0,160.0
2022-06-25,CHW,BAL,2.0,6.0,9.0,-212.0,175.0
2022-06-25,CLE,BOS,2.0,4.0,8.5,-169.0,141.0
2022-06-25,FLA,NYM,3.0,5.0,7.5,125.0,-149.0
2022-06-25,MIL,TOR,5.0,4.0,8.0,-202.0,160.0
2022-06-25,ATL,LAD,5.0,3.0,8.5,-152.0,128.0
2022-06-25,STL,CHC,5.0,3.0,9.0,-233.0,189.0
2022-06-25,SDP,PHI,2.0,4.0,8.0,-139.0,115.0
2022-06-25,SFG,CIN,9.0,2.0,7.5,-270.0,215.0
2022-06-25,TBD,PIT,6.0,5.0,7.5,-189.0,152.0
2022-06-25,TEX,WSN,3.0,2.0,8.5,-145.0,120.0
2022-06-25,ARI,DET,3.0,6.0,8.5,-166.0,137.0
2022-06-25,ANA,SEA,3.0,5.0,8.0,-140.0,115.0
2022-06-25,MIN,COL,6.0,0.0,9.5,-178.0,149.0
2022-06-26,MIL,TOR,10.0,3.0,9.5,135.0,-162.0
2022-06-26,ARI,DET,11.0,7.0,8.5,-127.0,105.0
2022-06-26,CHW,BAL,4.0,3.0,8.5,-232.0,190.0
2022-06-26,CLE,BOS,3.0,8.0,9.5,-109.0,-109.0
2022-06-26,FLA,NYM,3.0,2.0,8.5,130.0,-155.0
2022-06-26,KCR,OAK,3.0,5.0,8.0,-177.0,150.0
2022-06-26,ATL,LAD,3.0,5.0,8.5,-105.0,-125.0
2022-06-26,NYY,HOU,6.0,3.0,9.0,-187.0,154.0
2022-06-26,MIN,COL,6.0,3.0,8.5,-230.0,190.0
2022-06-26,SFG,CIN,3.0,10.0,8.0,-161.0,135.0
2022-06-26,STL,CHC,5.0,6.0,9.0,-171.0,145.0
2022-06-26,TBD,PIT,4.0,2.0,6.5,-250.0,205.0
2022-06-26,TEX,WSN,4.0,6.0,9.5,-173.0,144.0
2022-06-26,SDP,PHI,5.0,8.0,7.5,-163.0,135.0
2022-06-26,ANA,SEA,2.0,1.0,9.5,-136.0,113.0
2022-06-27,KCR,TEX,4.0,10.0,8.5,121.0,-144.0
2022-06-27,NYY,OAK,9.0,5.0,8.0,-304.0,247.0
2022-06-27,ANA,CHW,4.0,3.0,9.0,-143.0,120.0
2022-06-27,CLE,MIN,1.0,11.0,8.0,109.0,-129.0
2022-06-27,SEA,BAL,2.0,9.0,7.5,-152.0,130.0
2022-06-27,STL,FLA,9.0,0.0,7.5,-134.0,112.0
2022-06-27,TOR,BOS,7.0,2.0,9.5,-192.0,163.0
2022-06-27,WSN,PIT,3.0,2.0,9.5,-151.0,128.0
2022-06-27,COL,LAD,4.0,0.0,11.5,161.0,-195.0
2022-06-28,COL,LAD,7.0,4.0,11.0,185.0,-220.0
2022-06-28,KCR,TEX,3.0,8.0,9.0,131.0,-155.0
2022-06-28,CLE,MIN,3.0,2.0,8.5,-115.0,-106.0
2022-06-28,CHC,CIN,3.0,5.0,9.5,-124.0,105.0
2022-06-28,ARI,SDP,7.0,6.0,7.5,-111.0,-109.0
2022-06-28,ANA,CHW,4.0,11.0,8.5,-125.0,104.0
2022-06-28,NYY,OAK,2.0,1.0,8.0,-200.0,164.0
2022-06-28,PHI,ATL,3.0,5.0,7.5,-125.0,101.0
2022-06-28,TBD,MIL,3.0,5.0,7.0,-117.0,-102.0
2022-06-28,WSN,PIT,3.0,1.0,8.5,-130.0,110.0
2022-06-28,TOR,BOS,6.0,5.0,9.0,-141.0,118.0
2022-06-28,SEA,BAL,2.0,0.0,7.5,-177.0,142.0
2022-06-28,SFG,DET,4.0,3.0,7.0,-222.0,182.0
2022-06-28,STL,FLA,5.0,3.0,9.0,-147.0,124.0
2022-06-28,NYM,HOU,1.0,9.0,8.0,105.0,-124.0
2022-06-29,COL,LAD,4.0,8.0,11.5,178.0,-211.0
2022-06-29,CHC,CIN,8.0,3.0,8.0,-139.0,117.0
2022-06-29,CLE,MIN,7.0,6.0,9.0,-130.0,110.0
2022-06-29,STL,FLA,3.0,4.0,7.5,113.0,-136.0
2022-06-29,ARI,SDP,0.0,4.0,8.5,114.0,-133.0
2022-06-29,NYY,OAK,5.0,3.0,8.5,-345.0,282.0
2022-06-29,KCR,TEX,2.0,1.0,9.5,-104.0,-114.0
2022-06-29,NYM,HOU,0.0,2.0,8.5,124.0,-152.0
2022-06-29,WSN,PIT,7.0,8.0,9.5,-150.0,128.0
2022-06-29,PHI,ATL,1.0,4.0,9.0,114.0,-134.0
2022-06-29,TOR,BOS,5.0,6.0,8.5,-171.0,142.0
2022-06-29,SEA,BAL,9.0,3.0,7.5,-130.0,110.0
2022-06-29,SFG,DET,2.0,3.0,8.5,-198.0,163.0
2022-06-29,TBD,MIL,3.0,5.0,8.0,-130.0,109.0
2022-06-29,ANA,CHW,4.0,1.0,7.5,-189.0,157.0
2022-06-30,LAD,SDP,3.0,1.0,7.5,-135.0,114.0
2022-06-30,PHI,ATL,14.0,4.0,8.5,-152.0,127.0
2022-06-30,CHC,CIN,15.0,7.0,10.5,-128.0,106.0
2022-06-30,CLE,MIN,5.0,3.0,8.5,-155.0,131.0
2022-06-30,SEA,OAK,8.0,6.0,7.5,-240.0,199.0
2022-06-30,PIT,MIL,8.0,7.0,9.0,117.0,-139.0
2022-06-30,TOR,TBD,4.0,1.0,9.5,-148.0,126.0
2022-06-30,HOU,NYY,2.0,1.0,7.5,120.0,-142.0
2022-07-01,CIN,ATL,1.0,9.0,10.0,227.0,-276.0
2022-07-01,COL,ARI,3.0,9.0,11.5,-119.0,-101.0
2022-07-01,HOU,ANA,8.0,1.0,7.5,-170.0,140.0
2022-07-01,DET,KCR,1.0,3.0,8.5,-120.0,100.0
2022-07-01,LAD,SDP,5.0,1.0,7.5,-179.0,150.0
2022-07-01,NYM,TEX,4.0,3.0,9.5,-185.0,155.0
2022-07-01,SFG,CHW,0.0,1.0,8.0,-154.0,130.0
2022-07-01,MIN,BAL,3.0,2.0,9.5,-250.0,200.0
2022-07-01,PHI,STL,5.0,3.0,9.5,120.0,-145.0
2022-07-01,SEA,OAK,1.0,3.0,8.0,-182.0,150.0
2022-07-01,PIT,MIL,2.0,19.0,7.5,170.0,-200.0
2022-07-01,TOR,TBD,9.0,2.0,9.0,-147.0,123.0
2022-07-01,WSN,FLA,3.0,6.0,9.0,-131.0,110.0
2022-07-01,CHC,BOS,6.0,5.0,8.0,125.0,-148.0
2022-07-02,PHI,STL,6.0,7.0,10.0,-125.0,106.0
2022-07-02,CLE,NYY,1.0,6.0,8.5,157.0,-189.0
2022-07-02,COL,ARI,11.0,7.0,12.0,-165.0,140.0
2022-07-02,DET,KCR,4.0,3.0,9.0,-136.0,114.0
2022-07-02,HOU,ANA,9.0,1.0,8.5,-162.0,138.0
2022-07-02,LAD,SDP,7.0,2.0,8.0,-152.0,130.0
2022-07-02,MIN,BAL,4.0,3.0,9.0,-252.0,212.0
2022-07-02,SFG,CHW,3.0,5.0,7.0,-145.0,125.0
2022-07-02,PIT,MIL,7.0,4.0,9.0,182.0,-216.0
2022-07-02,SEA,OAK,2.0,1.0,7.5,-181.0,155.0
2022-07-02,TOR,TBD,2.0,6.0,7.0,-139.0,120.0
2022-07-02,WSN,FLA,3.0,5.0,9.5,-106.0,-115.0
2022-07-02,CHC,BOS,3.0,1.0,9.5,131.0,-155.0
2022-07-02,CIN,ATL,1.0,4.0,9.0,155.0,-185.0
2022-07-02,NYM,TEX,3.0,7.0,9.0,-137.0,115.0
2022-07-03,DET,KCR,4.0,7.0,7.5,-148.0,125.0
2022-07-03,CIN,ATL,4.0,3.0,8.5,150.0,-177.0
2022-07-03,NYM,TEX,4.0,1.0,8.0,-139.0,115.0
2022-07-03,CHC,BOS,2.0,4.0,8.5,-115.0,-101.0
2022-07-03,CLE,NYY,2.0,0.0,7.5,136.0,-167.0
2022-07-03,HOU,ANA,4.0,2.0,7.5,-242.0,202.0
2022-07-03,TOR,TBD,3.0,7.0,8.5,-134.0,115.0
2022-07-03,MIN,BAL,1.0,3.0,8.5,-159.0,132.0
2022-07-03,WSN,FLA,4.0,7.0,8.5,109.0,-129.0
2022-07-03,PIT,MIL,0.0,2.0,8.0,178.0,-214.0
2022-07-03,SFG,CHW,4.0,13.0,8.5,-139.0,115.0
2022-07-03,LAD,SDP,2.0,4.0,8.0,-211.0,175.0
2022-07-03,PHI,STL,4.0,0.0,8.0,-173.0,144.0
2022-07-03,COL,ARI,6.0,5.0,11.5,102.0,-118.0
2022-07-03,SEA,OAK,2.0,1.0,6.5,-152.0,128.0
2022-07-04,CHW,MIN,3.0,6.0,9.0,-144.0,119.0
2022-07-04,BAL,TEX,7.0,6.0,8.5,-108.0,-110.0
2022-07-04,BOS,TBD,4.0,0.0,10.0,-120.0,102.0
2022-07-04,ATL,STL,6.0,3.0,9.5,-182.0,155.0
2022-07-04,CIN,NYM,4.0,7.0,10.0,150.0,-177.0
2022-07-04,HOU,KCR,7.0,6.0,9.0,-270.0,220.0
2022-07-04,LAD,COL,5.0,3.0,8.0,-305.0,252.0
2022-07-04,MIL,CHC,5.0,2.0,9.0,-152.0,127.0
2022-07-04,OAK,TOR,5.0,1.0,7.5,225.0,-276.0
2022-07-04,SDP,SEA,2.0,8.0,8.0,-197.0,157.0
2022-07-04,WSN,FLA,2.0,3.0,8.0,-115.0,-104.0
2022-07-04,DET,CLE,5.0,3.0,8.5,111.0,-136.0
2022-07-04,ARI,SFG,8.0,3.0,8.0,164.0,-197.0
2022-07-05,CHW,MIN,2.0,8.0,9.0,-133.0,112.0
2022-07-05,FLA,ANA,2.0,1.0,7.0,-153.0,124.0
2022-07-05,ARI,SFG,6.0,2.0,9.0,140.0,-165.0
2022-07-05,ATL,STL,7.0,1.0,9.5,-148.0,126.0
2022-07-05,BAL,TEX,10.0,9.0,9.5,-109.0,-110.0
2022-07-05,BOS,TBD,4.0,8.0,9.0,-130.0,110.0
2022-07-05,DET,CLE,11.0,4.0,9.0,135.0,-158.0
2022-07-05,SDP,SEA,2.0,6.0,7.5,-139.0,117.0
2022-07-05,HOU,KCR,9.0,7.0,8.5,-286.0,220.0
2022-07-05,LAD,COL,5.0,2.0,8.5,-230.0,190.0
2022-07-05,MIL,CHC,3.0,8.0,9.0,-143.0,118.0
2022-07-05,OAK,TOR,5.0,3.0,8.5,145.0,-174.0
2022-07-05,PHI,WSN,11.0,0.0,9.5,-175.0,145.0
2022-07-05,PIT,NYY,5.0,2.0,9.0,164.0,-195.0
2022-07-05,CIN,NYM,1.0,0.0,9.0,191.0,-232.0
2022-07-06,BAL,TEX,2.0,1.0,9.5,-108.0,-110.0
2022-07-06,DET,CLE,8.0,2.0,7.5,140.0,-167.0
2022-07-06,ARI,SFG,5.0,7.0,8.5,112.0,-132.0
2022-07-06,ATL,STL,3.0,0.0,8.5,-175.0,145.0
2022-07-06,BOS,TBD,1.0,7.0,8.5,-121.0,104.0
2022-07-06,CHW,MIN,9.0,8.0,8.5,-122.0,103.0
2022-07-06,FLA,ANA,2.0,5.0,7.0,141.0,-167.0
2022-07-06,HOU,KCR,4.0,7.0,7.5,-285.0,230.0
2022-07-06,LAD,COL,2.0,1.0,9.0,-325.0,260.0
2022-07-06,MIL,CHC,1.0,2.0,7.5,-279.0,220.0
2022-07-06,OAK,TOR,1.0,2.0,8.5,172.0,-210.0
2022-07-06,PHI,WSN,2.0,3.0,8.0,-210.0,175.0
2022-07-06,PIT,NYY,0.0,16.0,8.5,175.0,-207.0
2022-07-06,CIN,NYM,3.0,8.0,9.5,145.0,-174.0
2022-07-07,ATL,STL,2.0,3.0,9.0,-247.0,205.0
2022-07-07,HOU,KCR,5.0,2.0,8.0,-335.0,272.0
2022-07-07,ARI,COL,3.0,4.0,9.5,-108.0,-114.0
2022-07-07,BAL,ANA,4.0,1.0,9.0,-106.0,-116.0
2022-07-07,BOS,NYY,5.0,6.0,8.5,135.0,-159.0
2022-07-07,CHW,DET,1.0,2.0,8.0,-262.0,212.0
2022-07-07,CIN,PIT,2.0,4.0,9.5,-109.0,-108.0
2022-07-07,NYM,FLA,10.0,0.0,8.5,-175.0,146.0
2022-07-07,PHI,WSN,5.0,3.0,9.5,-180.0,150.0
2022-07-07,SDP,SFG,2.0,1.0,6.5,-147.0,124.0
2022-07-07,SEA,TOR,8.0,3.0,8.5,-105.0,-113.0
2022-07-07,LAD,CHC,5.0,3.0,8.5,-281.0,230.0
2022-07-08,ARI,COL,5.0,6.0,8.5,-177.0,150.0
2022-07-08,ATL,WSN,12.0,2.0,9.0,-265.0,215.0
2022-07-08,BAL,ANA,5.0,4.0,8.5,-139.0,117.0
2022-07-08,BOS,NYY,5.0,12.0,10.0,134.0,-155.0
2022-07-08,CHW,DET,5.0,7.0,8.0,-181.0,155.0
2022-07-08,CIN,TBD,2.0,1.0,7.5,150.0,-178.0
2022-07-08,KCR,CLE,4.0,3.0,8.5,-130.0,109.0
2022-07-08,LAD,CHC,4.0,3.0,8.5,-205.0,172.0
2022-07-08,NYM,FLA,2.0,5.0,7.0,-177.0,145.0
2022-07-08,OAK,HOU,3.0,8.0,7.5,155.0,-180.0
2022-07-08,SDP,SFG,6.0,3.0,7.5,-162.0,138.0
2022-07-08,SEA,TOR,5.0,2.0,8.5,-108.0,-110.0
2022-07-08,STL,PHI,0.0,2.0,7.5,108.0,-135.0
2022-07-08,TEX,MIN,6.0,5.0,7.5,105.0,-122.0
2022-07-08,MIL,PIT,4.0,3.0,7.5,-222.0,185.0
2022-07-09,BOS,NYY,6.0,5.0,9.0,140.0,-168.0
2022-07-09,ATL,WSN,4.0,3.0,9.5,-242.0,191.0
2022-07-09,LAD,CHC,4.0,2.0,7.5,-265.0,212.0
2022-07-09,CHW,DET,8.0,0.0,8.5,-177.0,144.0
2022-07-09,BAL,ANA,1.0,0.0,8.0,103.0,-123.0
2022-07-09,CIN,TBD,5.0,4.0,9.5,130.0,-152.0
2022-07-09,ARI,COL,9.0,2.0,9.0,-130.0,110.0
2022-07-09,STL,PHI,0.0,1.0,9.0,-124.0,104.0
2022-07-09,MIL,PIT,3.0,4.0,7.5,-278.0,227.0
2022-07-09,NYM,FLA,5.0,4.0,8.0,-184.0,155.0
2022-07-09,OAK,HOU,3.0,2.0,8.0,245.0,-304.0
2022-07-09,TEX,MIN,9.0,7.0,8.5,-130.0,110.0
2022-07-09,SDP,SFG,1.0,3.0,6.5,-109.0,-111.0
2022-07-09,SEA,TOR,2.0,1.0,7.5,114.0,-134.0
2022-07-09,KCR,CLE,1.0,13.0,8.5,120.0,-141.0
2022-07-10,LAD,CHC,11.0,9.0,8.5,-267.0,220.0
2022-07-10,ARI,COL,2.0,3.0,9.0,-112.0,-105.0
2022-07-10,ATL,WSN,4.0,3.0,10.0,-230.0,185.0
2022-07-10,BAL,ANA,9.0,5.0,9.0,-115.0,-114.0
2022-07-10,CHW,DET,4.0,2.0,8.5,-189.0,155.0
2022-07-10,CIN,TBD,10.0,5.0,8.5,120.0,-141.0
2022-07-10,BOS,NYY,11.0,6.0,9.0,122.0,-149.0
2022-07-10,STL,PHI,4.0,3.0,8.5,-120.0,100.0
2022-07-10,MIL,PIT,6.0,8.0,7.5,-174.0,148.0
2022-07-10,NYM,FLA,0.0,2.0,7.0,-113.0,-104.0
2022-07-10,OAK,HOU,1.0,6.0,8.5,150.0,-178.0
2022-07-10,SDP,SFG,0.0,12.0,7.5,-120.0,104.0
2022-07-10,SEA,TOR,6.0,5.0,8.0,-125.0,106.0
2022-07-10,TEX,MIN,5.0,6.0,8.5,-113.0,-104.0
2022-07-10,KCR,CLE,5.0,1.0,9.0,-104.0,-116.0
2022-07-11,KCR,DET,3.0,1.0,8.5,-134.0,114.0
2022-07-11,ATL,NYM,1.0,4.0,7.5,-135.0,114.0
2022-07-11,CLE,CHW,8.0,4.0,9.0,-105.0,-113.0
2022-07-11,SFG,ARI,3.0,4.0,7.5,-159.0,135.0
2022-07-11,FLA,PIT,1.0,5.0,7.5,-175.0,145.0
2022-07-11,STL,PHI,6.0,1.0,7.5,112.0,-134.0
2022-07-11,TBD,BOS,10.0,5.0,7.5,-115.0,-105.0
2022-07-11,TEX,OAK,10.0,8.0,8.5,-186.0,151.0
2022-07-11,COL,SDP,5.0,6.0,11.5,122.0,-148.0
2022-07-12,COL,SDP,5.0,3.0,11.0,129.0,-153.0
2022-07-12,FLA,PIT,2.0,3.0,8.0,-165.0,140.0
2022-07-12,TEX,OAK,7.0,14.0,8.5,-165.0,140.0
2022-07-12,MIN,MIL,3.0,6.0,9.5,-160.0,135.0
2022-07-12,CLE,CHW,0.0,7.0,8.5,145.0,-172.0
2022-07-12,ANA,HOU,5.0,6.0,8.0,105.0,-123.0
2022-07-12,SFG,ARI,13.0,0.0,8.0,-226.0,188.0
2022-07-12,ATL,NYM,4.0,1.0,8.5,-214.0,177.0
2022-07-12,KCR,DET,5.0,7.0,9.0,-121.0,104.0
2022-07-12,NYY,CIN,3.0,4.0,8.5,-317.0,260.0
2022-07-12,STL,LAD,7.0,6.0,8.5,137.0,-165.0
2022-07-12,TBD,BOS,3.0,2.0,7.5,-107.0,-117.0
2022-07-12,TOR,PHI,4.0,3.0,9.5,-200.0,161.0
2022-07-12,CHC,BAL,2.0,4.0,9.0,-125.0,101.0
2022-07-13,NYY,CIN,7.0,6.0,9.0,-348.0,272.0
2022-07-13,ANA,HOU,7.0,1.0,7.0,-115.0,-101.0
2022-07-13,ATL,NYM,3.0,7.0,8.0,-159.0,135.0
2022-07-13,CHC,BAL,1.0,7.0,8.0,-150.0,128.0
2022-07-13,CLE,CHW,1.0,2.0,8.0,105.0,-124.0
2022-07-13,COL,SDP,10.0,6.0,10.5,150.0,-180.0
2022-07-13,FLA,PIT,5.0,4.0,7.0,-176.0,150.0
2022-07-13,MIN,MIL,4.0,1.0,8.5,-131.0,109.0
2022-07-13,STL,LAD,6.0,7.0,8.0,138.0,-165.0
2022-07-13,SFG,ARI,4.0,3.0,7.5,-133.0,111.0
2022-07-13,TBD,BOS,4.0,1.0,6.5,-200.0,169.0
2022-07-13,TEX,OAK,5.0,2.0,7.5,-188.0,155.0
2022-07-13,TOR,PHI,8.0,2.0,8.0,-124.0,103.0
2022-07-13,WSN,SEA,4.0,6.0,9.0,-113.0,-105.0
2022-07-13,KCR,DET,5.0,2.0,8.0,-125.0,105.0
2022-07-14,SFG,MIL,2.0,3.0,6.5,-106.0,-110.0
2022-07-14,ANA,HOU,2.0,3.0,8.0,158.0,-186.0
2022-07-14,CHC,NYM,0.0,8.0,7.5,112.0,-133.0
2022-07-14,CLE,DET,4.0,0.0,8.5,-250.0,197.0
2022-07-14,COL,SDP,8.0,5.0,11.5,117.0,-136.0
2022-07-14,NYY,CIN,6.0,7.0,7.5,-195.0,158.0
2022-07-14,MIN,CHW,2.0,12.0,8.5,-165.0,138.0
2022-07-14,STL,LAD,0.0,4.0,9.0,132.0,-157.0
2022-07-14,TBD,BOS,5.0,4.0,7.5,-125.0,108.0
2022-07-14,TEX,SEA,5.0,6.0,8.5,-126.0,107.0
2022-07-14,TOR,KCR,1.0,3.0,8.5,-420.0,330.0
2022-07-14,WSN,ATL,4.0,5.0,9.5,195.0,-240.0
2022-07-14,FLA,PIT,3.0,2.0,7.5,-162.0,137.0
2022-07-15,SDP,ARI,5.0,3.0,7.5,-197.0,163.0
2022-07-15,ANA,LAD,1.0,9.0,7.5,172.0,-205.0
2022-07-15,CLE,DET,6.0,5.0,8.5,-190.0,159.0
2022-07-15,COL,PIT,13.0,2.0,11.0,-159.0,138.0
2022-07-15,FLA,PHI,1.0,2.0,6.5,-184.0,152.0
2022-07-15,HOU,OAK,1.0,5.0,8.0,-210.0,175.0
2022-07-15,NYY,BOS,4.0,5.0,8.5,-167.0,141.0
2022-07-15,SFG,MIL,8.0,5.0,7.0,113.0,-134.0
2022-07-15,STL,CIN,7.0,3.0,8.5,-149.0,125.0
2022-07-15,TBD,BAL,5.0,4.0,7.5,-125.0,100.0
2022-07-15,TEX,SEA,3.0,8.0,7.5,135.0,-159.0
2022-07-15,TOR,KCR,8.0,1.0,8.0,-347.0,272.0
2022-07-15,WSN,ATL,4.0,8.0,9.5,142.0,-178.0
2022-07-15,MIN,CHW,2.0,6.0,9.0,-143.0,114.0
2022-07-16,COL,PIT,2.0,0.0,11.5,-148.0,125.0
2022-07-16,ANA,LAD,1.0,7.0,8.5,185.0,-220.0
2022-07-16,FLA,PHI,0.0,10.0,8.0,-113.0,-107.0
2022-07-16,NYY,BOS,14.0,1.0,9.0,-170.0,142.0
2022-07-16,CHC,NYM,1.0,2.0,7.5,110.0,-133.0
2022-07-16,HOU,OAK,5.0,0.0,7.5,-385.0,300.0
2022-07-16,TEX,SEA,2.0,3.0,8.0,132.0,-164.0
2022-07-16,CLE,DET,10.0,0.0,8.5,-171.0,144.0
2022-07-16,SDP,ARI,4.0,3.0,8.0,-189.0,155.0
2022-07-16,STL,CIN,11.0,3.0,8.5,-185.0,146.0
2022-07-16,TBD,BAL,4.0,6.0,8.0,-125.0,105.0
2022-07-16,SFG,MIL,2.0,1.0,8.0,-135.0,110.0
2022-07-16,TOR,KCR,6.0,5.0,9.5,-315.0,260.0
2022-07-16,WSN,ATL,3.0,6.0,8.5,202.0,-250.0
2022-07-16,MIN,CHW,6.0,3.0,9.0,-134.0,114.0
2022-07-17,SDP,ARI,1.0,3.0,7.5,-157.0,135.0
2022-07-17,COL,PIT,3.0,8.0,12.0,-170.0,144.0
2022-07-17,FLA,PHI,0.0,4.0,7.0,117.0,-138.0
2022-07-17,CHC,NYM,3.0,2.0,8.0,124.0,-147.0
2022-07-17,HOU,OAK,3.0,4.0,8.5,-278.0,227.0
2022-07-17,NYY,BOS,13.0,2.0,7.5,-191.0,156.0
2022-07-17,WSN,ATL,7.0,3.0,9.0,230.0,-290.0
2022-07-17,TEX,SEA,2.0,6.0,9.0,112.0,-131.0
2022-07-17,SFG,MIL,9.0,5.0,7.5,-155.0,133.0
2022-07-17,TBD,BAL,7.0,5.0,7.0,-153.0,130.0
2022-07-17,TOR,KCR,4.0,2.0,9.0,-342.0,270.0
2022-07-17,MIN,CHW,0.0,11.0,8.5,103.0,-122.0
2022-07-21,LAD,SFG,9.0,6.0,7.5,-125.0,108.0
2022-07-21,HOU,NYY,3.0,2.0,7.5,-133.0,110.0
2022-07-21,OAK,DET,2.0,7.0,7.0,127.0,-148.0
2022-07-21,FLA,TEX,0.0,8.0,6.5,-135.0,115.0
2022-07-22,CHW,CLE,2.0,8.0,8.5,-167.0,142.0
2022-07-22,LAD,SFG,5.0,1.0,8.5,-162.0,130.0
2022-07-22,ATL,ANA,8.0,1.0,7.0,-154.0,130.0
2022-07-22,BAL,NYY,6.0,7.0,9.0,128.0,-150.0
2022-07-22,BOS,TOR,5.0,28.0,9.0,104.0,-123.0
2022-07-22,CIN,STL,9.0,5.0,10.0,122.0,-148.0
2022-07-22,ARI,WSN,10.0,1.0,8.5,-165.0,140.0
2022-07-22,KCR,TBD,3.0,7.0,9.0,121.0,-146.0
2022-07-22,MIL,COL,6.0,5.0,7.5,-325.0,257.0
2022-07-22,OAK,TEX,5.0,4.0,7.5,-106.0,-115.0
2022-07-22,PHI,CHC,2.0,15.0,9.0,-136.0,115.0
2022-07-22,PIT,FLA,1.0,8.0,8.0,115.0,-134.0
2022-07-22,NYM,SDP,1.0,4.0,7.0,-188.0,160.0
2022-07-22,SEA,HOU,2.0,5.0,8.5,106.0,-125.0
2022-07-23,DET,MIN,4.0,8.0,9.0,146.0,-176.0
2022-07-23,KCR,TBD,6.0,3.0,10.0,-115.0,-105.0
2022-07-23,ARI,WSN,7.0,2.0,9.5,-159.0,135.0
2022-07-23,ATL,ANA,7.0,2.0,8.5,-228.0,189.0
2022-07-23,BAL,NYY,6.0,3.0,8.5,200.0,-245.0
2022-07-23,BOS,TOR,1.0,4.0,9.5,145.0,-170.0
2022-07-23,CHW,CLE,4.0,7.0,8.0,-113.0,-105.0
2022-07-23,CIN,STL,3.0,6.0,10.5,140.0,-170.0
2022-07-23,LAD,SFG,4.0,2.0,8.0,-182.0,152.0
2022-07-23,MIL,COL,9.0,4.0,8.5,-286.0,235.0
2022-07-23,NYM,SDP,1.0,2.0,7.5,-153.0,130.0
2022-07-23,OAK,TEX,3.0,1.0,8.0,115.0,-138.0
2022-07-23,PHI,CHC,2.0,6.0,8.0,-177.0,150.0
2022-07-23,PIT,FLA,1.0,0.0,8.0,100.0,-125.0
2022-07-23,SEA,HOU,1.0,3.0,7.0,136.0,-167.0
2022-07-24,CHW,CLE,6.0,3.0,7.5,-153.0,129.0
2022-07-24,DET,MIN,1.0,9.0,8.5,145.0,-173.0
2022-07-24,CIN,STL,6.0,3.0,9.5,135.0,-164.0
2022-07-24,BAL,NYY,0.0,6.0,9.0,152.0,-182.0
2022-07-24,ATL,ANA,1.0,9.0,9.0,-226.0,188.0
2022-07-24,ARI,WSN,3.0,4.0,9.5,-125.0,105.0
2022-07-24,LAD,SFG,7.0,4.0,7.5,-240.0,199.0
2022-07-24,BOS,TOR,4.0,8.0,10.5,136.0,-164.0
2022-07-24,MIL,COL,10.0,9.0,9.0,-195.0,163.0
2022-07-24,PHI,CHC,3.0,4.0,10.0,-122.0,104.0
2022-07-24,PIT,FLA,5.0,6.0,7.0,139.0,-165.0
2022-07-24,SEA,HOU,5.0,8.0,7.0,-103.0,-117.0
2022-07-24,NYM,SDP,8.0,5.0,8.0,-137.0,114.0
2022-07-24,KCR,TBD,4.0,2.0,8.5,130.0,-153.0
2022-07-24,OAK,TEX,8.0,11.0,7.0,124.0,-147.0
2022-07-25,KCR,ANA,7.0,0.0,8.0,-115.0,-105.0
2022-07-25,ARI,SFG,7.0,0.0,8.5,-115.0,-105.0
2022-07-25,BAL,TBD,5.0,1.0,8.5,102.0,-118.0
2022-07-25,BOS,CLE,3.0,1.0,9.5,-110.0,-107.0
2022-07-25,CHC,PIT,3.0,2.0,8.5,-145.0,123.0
2022-07-25,CIN,FLA,11.0,2.0,9.0,-130.0,112.0
2022-07-25,DET,SDP,12.0,4.0,8.5,143.0,-167.0
2022-07-25,OAK,HOU,7.0,5.0,8.0,185.0,-230.0
2022-07-25,LAD,WSN,1.0,4.0,8.5,-333.0,260.0
2022-07-25,MIL,COL,0.0,2.0,8.0,-200.0,165.0
2022-07-25,PHI,ATL,6.0,4.0,8.5,150.0,-180.0
2022-07-25,SEA,TEX,4.0,3.0,8.5,-159.0,135.0
2022-07-26,ARI,SFG,7.0,3.0,8.5,160.0,-190.0
2022-07-26,BAL,TBD,5.0,3.0,7.5,155.0,-184.0
2022-07-26,BOS,CLE,3.0,8.0,10.0,-145.0,120.0
2022-07-26,CHC,PIT,4.0,2.0,8.0,-200.0,164.0
2022-07-26,CIN,FLA,1.0,2.0,8.5,-104.0,-115.0
2022-07-26,COL,CHW,1.0,2.0,11.0,-112.0,-112.0
2022-07-26,KCR,ANA,0.0,6.0,8.5,-133.0,113.0
2022-07-26,LAD,WSN,3.0,8.0,9.0,-265.0,207.0
2022-07-26,MIL,MIN,7.0,6.0,9.5,-115.0,100.0
2022-07-26,NYM,NYY,6.0,3.0,8.0,-105.0,-116.0
2022-07-26,OAK,HOU,5.0,3.0,7.0,141.0,-167.0
2022-07-26,PHI,ATL,3.0,6.0,7.5,104.0,-130.0
2022-07-26,SEA,TEX,5.0,4.0,8.5,-177.0,143.0
2022-07-26,TOR,STL,10.0,3.0,8.5,-226.0,186.0
2022-07-26,DET,SDP,4.0,6.0,8.0,150.0,-177.0
2022-07-27,LAD,WSN,7.0,1.0,9.0,-278.0,225.0
2022-07-27,BAL,TBD,4.0,6.0,8.5,-117.0,100.0
2022-07-27,BOS,CLE,6.0,7.0,8.5,-134.0,115.0
2022-07-27,CIN,FLA,5.0,3.0,8.5,-154.0,127.0
2022-07-27,COL,CHW,6.0,5.0,11.5,112.0,-136.0
2022-07-27,ARI,SFG,5.0,3.0,7.5,-103.0,-115.0
2022-07-27,KCR,ANA,0.0,4.0,8.5,-131.0,110.0
2022-07-27,MIL,MIN,10.0,4.0,8.0,-225.0,185.0
2022-07-27,NYM,NYY,3.0,2.0,7.5,-190.0,160.0
2022-07-27,OAK,HOU,4.0,2.0,7.0,177.0,-221.0
2022-07-27,PHI,ATL,7.0,2.0,9.0,125.0,-147.0
2022-07-27,SEA,TEX,4.0,2.0,8.0,105.0,-126.0
2022-07-27,TOR,STL,1.0,6.0,8.0,-275.0,210.0
2022-07-27,DET,SDP,4.0,3.0,7.0,119.0,-142.0
2022-07-28,HOU,SEA,4.0,2.0,8.5,-143.0,120.0
2022-07-28,BAL,TBD,3.0,0.0,9.0,-127.0,108.0
2022-07-28,BOS,CLE,4.0,2.0,9.5,110.0,-133.0
2022-07-28,CIN,FLA,6.0,7.0,9.0,-135.0,116.0
2022-07-28,COL,LAD,0.0,13.0,12.0,180.0,-213.0
2022-07-28,NYY,KCR,1.0,0.0,8.5,-250.0,205.0
2022-07-28,SFG,CHC,4.0,2.0,8.0,-144.0,120.0
2022-07-28,TOR,DET,5.0,3.0,10.0,-260.0,210.0
2022-07-28,PIT,PHI,7.0,8.0,7.5,165.0,-200.0
2022-07-28,ANA,TEX,0.0,2.0,7.5,-245.0,195.0
2022-07-29,CHW,OAK,3.0,7.0,8.0,-200.0,165.0
2022-07-29,HOU,SEA,11.0,1.0,7.0,-198.0,160.0
2022-07-29,ANA,TEX,2.0,7.0,7.5,-110.0,-110.0
2022-07-29,ATL,ARI,5.0,2.0,9.0,-220.0,184.0
2022-07-29,BOS,MIL,1.0,4.0,9.0,143.0,-170.0
2022-07-29,CIN,BAL,2.0,6.0,10.5,110.0,-127.0
2022-07-29,WSN,STL,2.0,6.0,9.0,142.0,-175.0
2022-07-29,FLA,NYM,4.0,6.0,6.0,104.0,-122.0
2022-07-29,TOR,DET,2.0,4.0,8.5,-367.0,295.0
2022-07-29,TBD,CLE,1.0,4.0,7.0,-122.0,104.0
2022-07-29,SFG,CHC,2.0,4.0,7.5,-139.0,118.0
2022-07-29,COL,LAD,4.0,5.0,11.5,200.0,-245.0
2022-07-29,NYY,KCR,11.0,5.0,8.5,-420.0,310.0
2022-07-29,PIT,PHI,2.0,4.0,8.0,109.0,-130.0
2022-07-29,SDP,MIN,10.0,1.0,7.5,-138.0,114.0
2022-07-30,TOR,DET,5.0,3.0,9.0,-305.0,245.0
2022-07-30,SDP,MIN,4.0,7.0,7.5,-137.0,118.0
2022-07-30,NYY,KCR,8.0,2.0,9.0,-315.0,250.0
2022-07-30,ANA,TEX,9.0,7.0,8.5,-126.0,106.0
2022-07-30,WSN,STL,7.0,6.0,9.5,115.0,-143.0
2022-07-30,CHW,OAK,3.0,2.0,8.0,-182.0,150.0
2022-07-30,COL,LAD,5.0,3.0,11.0,188.0,-230.0
2022-07-30,ATL,ARI,6.0,2.0,10.0,-240.0,200.0
2022-07-30,HOU,SEA,4.0,5.0,8.0,-200.0,165.0
2022-07-30,BOS,MIL,4.0,9.0,10.0,-104.0,-113.0
2022-07-30,PIT,PHI,1.0,2.0,7.5,140.0,-164.0
2022-07-30,SFG,CHC,5.0,4.0,8.5,-141.0,120.0
2022-07-30,TBD,CLE,6.0,4.0,7.5,-149.0,123.0
2022-07-30,FLA,NYM,0.0,4.0,8.0,166.0,-215.0
2022-07-30,CIN,BAL,8.0,2.0,9.0,-116.0,-109.0
2022-07-31,CIN,BAL,3.0,2.0,9.0,-133.0,110.0
2022-07-31,HOU,SEA,3.0,2.0,8.5,-143.0,123.0
2022-07-31,ATL,ARI,1.0,0.0,8.0,-235.0,194.0
2022-07-31,ANA,TEX,2.0,5.0,8.5,-132.0,114.0
2022-07-31,BOS,MIL,7.0,2.0,9.5,125.0,-148.0
2022-07-31,CHW,OAK,4.0,1.0,8.0,-295.0,245.0
2022-07-31,COL,LAD,3.0,7.0,11.5,165.0,-200.0
2022-07-31,WSN,STL,0.0,5.0,9.0,100.0,-120.0
2022-07-31,PIT,PHI,2.0,8.0,7.0,152.0,-185.0
2022-07-31,FLA,NYM,3.0,9.0,7.0,117.0,-141.0
2022-07-31,TOR,DET,4.0,1.0,8.5,-315.0,235.0
2022-07-31,NYY,KCR,6.0,8.0,8.5,-295.0,235.0
2022-07-31,SFG,CHC,4.0,0.0,7.5,-180.0,152.0
2022-07-31,TBD,CLE,3.0,5.0,6.5,-250.0,195.0
2022-07-31,SDP,MIN,3.0,2.0,8.5,-144.0,125.0
2022-08-01,MIN,DET,5.0,3.0,8.5,-138.0,116.0
2022-08-01,CLE,ARI,6.0,5.0,9.0,-167.0,143.0
2022-08-01,FLA,CIN,1.0,3.0,7.5,-120.0,-103.0
2022-08-01,CHW,KCR,1.0,2.0,9.5,-186.0,145.0
2022-08-01,SDP,COL,4.0,1.0,7.5,-230.0,184.0
2022-08-01,SFG,LAD,2.0,8.0,7.5,120.0,-146.0
2022-08-01,TEX,BAL,2.0,7.0,8.0,-178.0,150.0
2022-08-01,WSN,NYM,3.0,7.0,8.5,215.0,-275.0
2022-08-01,NYY,SEA,7.0,2.0,9.0,-200.0,164.0
2022-08-01,HOU,BOS,2.0,3.0,7.5,-182.0,150.0
2022-08-02,FLA,CIN,1.0,2.0,7.5,-149.0,125.0
2022-08-02,PIT,MIL,5.0,3.0,7.5,230.0,-295.0
2022-08-02,ANA,OAK,3.0,1.0,8.0,-122.0,105.0
2022-08-02,ATL,PHI,13.0,1.0,8.5,-250.0,205.0
2022-08-02,CHW,KCR,9.0,2.0,8.5,-175.0,148.0
2022-08-02,CLE,ARI,3.0,6.0,7.5,-141.0,118.0
2022-08-02,HOU,BOS,1.0,2.0,8.0,-215.0,175.0
2022-08-02,NYY,SEA,6.0,8.0,8.5,-175.0,145.0
2022-08-02,WSN,NYM,5.0,1.0,8.0,280.0,-357.0
2022-08-02,TEX,BAL,2.0,8.0,9.0,-126.0,107.0
2022-08-02,TBD,TOR,1.0,3.0,7.0,117.0,-138.0
2022-08-02,MIN,DET,3.0,5.0,9.0,-190.0,160.0
2022-08-02,SFG,LAD,5.0,9.0,8.0,132.0,-158.0
2022-08-02,SDP,COL,3.0,2.0,8.5,-184.0,154.0
2022-08-02,STL,CHC,6.0,0.0,8.5,-175.0,142.0
2022-08-03,NYY,SEA,3.0,7.0,7.0,-175.0,150.0
2022-08-03,ANA,OAK,1.0,3.0,7.0,-235.0,200.0
2022-08-03,ATL,PHI,1.0,3.0,7.5,-151.0,124.0
2022-08-03,CHW,KCR,4.0,1.0,8.5,-143.0,119.0
2022-08-03,FLA,CIN,3.0,0.0,6.5,-230.0,180.0
2022-08-03,CLE,ARI,7.0,4.0,8.5,-230.0,188.0
2022-08-03,MIN,DET,4.0,1.0,9.0,-225.0,184.0
2022-08-03,PIT,MIL,8.0,7.0,8.5,182.0,-220.0
2022-08-03,SDP,COL,9.0,1.0,8.5,-315.0,260.0
2022-08-03,SFG,LAD,0.0,3.0,7.5,138.0,-162.0
2022-08-03,TBD,TOR,3.0,2.0,7.5,110.0,-134.0
2022-08-03,TEX,BAL,3.0,6.0,7.5,-159.0,134.0
2022-08-03,WSN,NYM,5.0,9.0,9.0,250.0,-303.0
2022-08-03,HOU,BOS,6.0,1.0,8.5,-200.0,163.0
2022-08-04,NYM,ATL,6.0,4.0,8.0,-125.0,105.0
2022-08-04,KCR,BOS,7.0,3.0,9.0,125.0,-148.0
2022-08-04,MIN,TOR,3.0,9.0,8.5,115.0,-137.0
2022-08-04,CLE,HOU,0.0,6.0,8.0,155.0,-183.0
2022-08-04,DET,TBD,2.0,6.0,8.5,156.0,-190.0
2022-08-04,PIT,MIL,5.0,4.0,8.0,225.0,-275.0
2022-08-04,PHI,WSN,5.0,4.0,9.0,-245.0,197.0
2022-08-04,SDP,COL,3.0,7.0,7.5,-305.0,240.0
2022-08-04,STL,CHC,4.0,3.0,7.5,-162.0,135.0
2022-08-04,TEX,CHW,3.0,2.0,9.0,125.0,-148.0
2022-08-04,SFG,LAD,3.0,5.0,8.0,180.0,-220.0
2022-08-04,ANA,OAK,7.0,8.0,8.0,-122.0,108.0
2022-08-05,MIL,CIN,5.0,1.0,8.5,-250.0,200.0
2022-08-05,ARI,COL,6.0,5.0,8.5,-136.0,116.0
2022-08-05,BAL,PIT,1.0,0.0,8.5,-155.0,130.0
2022-08-05,CHC,FLA,2.0,1.0,7.5,-146.0,123.0
2022-08-05,CLE,HOU,3.0,9.0,8.5,175.0,-210.0
2022-08-05,DET,TBD,3.0,5.0,8.0,163.0,-207.0
2022-08-05,LAD,SDP,8.0,1.0,8.5,-178.0,148.0
2022-08-05,PHI,WSN,7.0,2.0,9.0,-205.0,166.0
2022-08-05,MIN,TOR,6.0,5.0,8.5,100.0,-124.0
2022-08-05,NYM,ATL,6.0,9.0,8.5,-136.0,115.0
2022-08-05,SEA,ANA,3.0,4.0,7.0,-200.0,165.0
2022-08-05,STL,NYY,4.0,3.0,8.5,132.0,-161.0
2022-08-05,TEX,CHW,1.0,2.0,8.0,160.0,-190.0
2022-08-05,KCR,BOS,4.0,7.0,9.0,102.0,-120.0
2022-08-06,CHC,FLA,4.0,0.0,8.5,-104.0,-118.0
2022-08-06,CLE,HOU,4.0,1.0,8.5,136.0,-162.0
2022-08-06,NYM,ATL,8.0,5.0,9.0,-134.0,112.0
2022-08-06,ARI,COL,2.0,3.0,8.0,-190.0,160.0
2022-08-06,BAL,PIT,6.0,3.0,8.5,-174.0,143.0
2022-08-06,KCR,BOS,5.0,4.0,9.5,130.0,-154.0
2022-08-06,STL,NYY,1.0,0.0,8.5,-117.0,-101.0
2022-08-06,MIL,CIN,5.0,7.0,8.5,-190.0,155.0
2022-08-06,MIN,TOR,7.0,3.0,9.0,-105.0,-118.0
2022-08-06,DET,TBD,9.0,1.0,7.5,215.0,-255.0
2022-08-06,PHI,WSN,11.0,5.0,9.0,-282.0,220.0
2022-08-06,SEA,ANA,2.0,1.0,7.5,-215.0,180.0
2022-08-06,TEX,CHW,8.0,0.0,8.5,-105.0,-122.0
2022-08-06,LAD,SDP,8.0,3.0,9.0,-156.0,130.0
2022-08-06,OAK,SFG,3.0,7.0,7.5,200.0,-250.0
2022-08-07,DET,TBD,0.0,7.0,8.5,158.0,-189.0
2022-08-07,KCR,BOS,13.0,5.0,9.5,135.0,-161.0
2022-08-07,CHC,FLA,0.0,3.0,9.5,-143.0,118.0
2022-08-07,CLE,HOU,1.0,0.0,7.5,114.0,-139.0
2022-08-07,MIN,TOR,2.0,3.0,8.0,152.0,-182.0
2022-08-07,BAL,PIT,1.0,8.0,9.0,-190.0,155.0
2022-08-07,LAD,SDP,4.0,0.0,9.0,-138.0,115.0
2022-08-07,MIL,CIN,2.0,4.0,7.5,-320.0,260.0
2022-08-07,OAK,SFG,4.0,6.0,7.5,164.0,-200.0
2022-08-07,PHI,WSN,13.0,1.0,8.5,-337.0,265.0
2022-08-07,SEA,ANA,6.0,3.0,8.0,-160.0,135.0
2022-08-07,STL,NYY,12.0,9.0,8.0,115.0,-139.0
2022-08-07,TEX,CHW,2.0,8.0,8.0,120.0,-145.0
2022-08-07,NYM,ATL,5.0,2.0,7.0,-157.0,128.0
2022-08-07,ARI,COL,6.0,4.0,9.0,-158.0,133.0
2022-08-08,SEA,NYY,4.0,9.0,8.0,-105.0,-114.0
2022-08-08,ARI,PIT,3.0,0.0,8.5,-247.0,200.0
2022-08-08,SDP,SFG,0.0,1.0,7.5,-188.0,155.0
2022-08-08,OAK,ANA,0.0,1.0,7.5,-134.0,114.0
2022-08-08,NYM,CIN,5.0,1.0,9.0,-385.0,300.0
2022-08-08,BAL,TOR,7.0,4.0,9.5,112.0,-132.0
2022-08-08,CHC,WSN,6.0,3.0,8.0,-200.0,165.0
2022-08-09,BOS,ATL,7.0,9.0,9.5,140.0,-165.0
2022-08-09,DET,CLE,2.0,5.0,7.0,165.0,-202.0
2022-08-09,COL,STL,16.0,5.0,11.0,150.0,-182.0
2022-08-09,CHC,WSN,5.0,6.0,7.5,-245.0,188.0
2022-08-09,BAL,TOR,6.0,5.0,8.5,142.0,-178.0
2022-08-09,ARI,PIT,6.0,4.0,8.5,-167.0,135.0
2022-08-09,KCR,CHW,2.0,3.0,9.5,115.0,-137.0
2022-08-09,NYM,CIN,6.0,2.0,8.5,-315.0,260.0
2022-08-09,MIL,TBD,5.0,3.0,8.0,-177.0,145.0
2022-08-09,OAK,ANA,1.0,5.0,6.5,150.0,-182.0
2022-08-09,PHI,FLA,4.0,1.0,7.0,-235.0,194.0
2022-08-09,SDP,SFG,7.0,4.0,7.5,-182.0,150.0
2022-08-09,SEA,NYY,1.0,0.0,6.5,117.0,-140.0
2022-08-09,LAD,MIN,10.0,3.0,8.5,-265.0,210.0
2022-08-09,HOU,TEX,7.0,5.0,7.5,-200.0,163.0
2022-08-10,CHC,WSN,4.0,2.0,7.5,-167.0,140.0
2022-08-10,DET,CLE,2.0,3.0,8.0,145.0,-177.0
2022-08-10,LAD,MIN,8.0,5.0,9.0,-202.0,170.0
2022-08-10,ARI,PIT,4.0,6.0,8.0,-155.0,130.0
2022-08-10,BOS,ATL,4.0,8.0,9.5,128.0,-156.0
2022-08-10,COL,STL,5.0,9.0,12.5,136.0,-162.0
2022-08-10,SEA,NYY,4.0,3.0,7.0,107.0,-130.0
2022-08-10,KCR,CHW,8.0,3.0,8.5,125.0,-146.0
2022-08-10,MIL,TBD,4.0,3.0,7.5,-162.0,135.0
2022-08-10,NYM,CIN,10.0,2.0,9.0,-345.0,282.0
2022-08-10,OAK,ANA,4.0,5.0,7.5,-142.0,114.0
2022-08-10,PHI,FLA,4.0,3.0,7.5,-124.0,104.0
2022-08-10,HOU,TEX,4.0,8.0,7.5,-335.0,260.0
2022-08-10,SDP,SFG,13.0,7.0,9.0,-166.0,140.0
2022-08-11,BOS,BAL,4.0,3.0,10.0,-121.0,104.0
2022-08-11,DET,CLE,3.0,4.0,8.5,125.0,-152.0
2022-08-11,CIN,CHC,2.0,4.0,9.0,-118.0,102.0
2022-08-11,ARI,PIT,9.0,3.0,7.5,-174.0,145.0
2022-08-11,HOU,TEX,7.0,3.0,8.0,-267.0,220.0
2022-08-11,PHI,FLA,0.0,3.0,8.0,-167.0,143.0
2022-08-11,KCR,CHW,5.0,3.0,7.5,148.0,-180.0
2022-08-11,COL,STL,8.0,6.0,11.5,-106.0,-109.0
2022-08-12,COL,ARI,5.0,3.0,12.0,-130.0,110.0
2022-08-12,NYM,PHI,1.0,2.0,7.0,-250.0,205.0
2022-08-12,ANA,MIN,0.0,4.0,8.0,115.0,-136.0
2022-08-12,BOS,NYY,3.0,2.0,9.5,105.0,-120.0
2022-08-12,CHW,DET,2.0,0.0,8.5,-213.0,175.0
2022-08-12,FLA,ATL,3.0,4.0,7.0,125.0,-148.0
2022-08-12,SFG,PIT,5.0,3.0,7.5,-295.0,245.0
2022-08-12,KCR,LAD,3.0,8.0,9.0,220.0,-270.0
2022-08-12,TBD,BAL,3.0,10.0,7.5,-148.0,128.0
2022-08-12,STL,MIL,3.0,1.0,7.5,-172.0,145.0
2022-08-12,TEX,SEA,2.0,6.0,8.0,128.0,-150.0
2022-08-12,TOR,CLE,0.0,8.0,8.5,-167.0,139.0
2022-08-12,WSN,SDP,5.0,10.0,9.0,240.0,-302.0
2022-08-12,HOU,OAK,7.0,5.0,8.5,-350.0,280.0
2022-08-13,FLA,ATL,2.0,5.0,7.5,117.0,-139.0
2022-08-13,KCR,LAD,3.0,13.0,9.5,245.0,-295.0
2022-08-13,BOS,NYY,2.0,3.0,9.0,123.0,-148.0
2022-08-13,CHW,DET,6.0,4.0,7.5,-200.0,163.0
2022-08-13,COL,ARI,0.0,6.0,11.5,130.0,-152.0
2022-08-13,HOU,OAK,8.0,0.0,8.5,-295.0,240.0
2022-08-13,ANA,MIN,5.0,3.0,8.0,-106.0,-112.0
2022-08-13,NYM,PHI,1.0,0.0,6.0,-245.0,200.0
2022-08-13,STL,MIL,2.0,3.0,7.5,124.0,-148.0
2022-08-13,TBD,BAL,8.0,2.0,6.5,-202.0,170.0
2022-08-13,TEX,SEA,7.0,4.0,8.5,-119.0,102.0
2022-08-13,SFG,PIT,2.0,0.0,7.5,-260.0,210.0
2022-08-13,TOR,CLE,2.0,1.0,8.5,-118.0,-104.0
2022-08-13,CIN,CHC,2.0,7.0,9.0,-122.0,102.0
2022-08-13,WSN,SDP,4.0,3.0,9.0,270.0,-335.0
2022-08-14,BOS,NYY,3.0,0.0,9.5,115.0,-136.0
2022-08-14,KCR,LAD,4.0,0.0,9.0,200.0,-245.0
2022-08-14,CHW,DET,5.0,3.0,8.0,-215.0,175.0
2022-08-14,CIN,CHC,8.0,5.0,9.5,130.0,-154.0
2022-08-14,COL,ARI,4.0,7.0,12.0,-129.0,110.0
2022-08-14,FLA,ATL,1.0,3.0,7.5,107.0,-130.0
2022-08-14,ANA,MIN,4.0,2.0,9.0,120.0,-142.0
2022-08-14,SFG,PIT,8.0,7.0,8.0,-275.0,220.0
2022-08-14,NYM,PHI,6.0,0.0,7.0,-141.0,120.0
2022-08-14,TBD,BAL,4.0,1.0,7.5,-175.0,148.0
2022-08-14,TEX,SEA,5.0,3.0,7.5,102.0,-124.0
2022-08-14,TOR,CLE,2.0,7.0,7.0,-154.0,130.0
2022-08-14,STL,MIL,6.0,3.0,8.0,-154.0,130.0
2022-08-14,WSN,SDP,0.0,6.0,9.0,235.0,-286.0
2022-08-14,HOU,OAK,6.0,3.0,7.5,-286.0,235.0
2022-08-15,ANA,SEA,2.0,6.0,6.5,-108.0,-110.0
2022-08-15,ATL,NYM,13.0,1.0,8.0,-167.0,140.0
2022-08-15,CHW,HOU,4.0,2.0,8.5,105.0,-125.0
2022-08-15,CIN,PHI,3.0,4.0,9.0,155.0,-186.0
2022-08-15,CLE,DET,4.0,1.0,7.5,-227.0,180.0
2022-08-15,FLA,SDP,3.0,0.0,6.5,125.0,-150.0
2022-08-15,MIN,KCR,4.0,2.0,8.5,-195.0,165.0
2022-08-15,NYY,TBD,0.0,4.0,7.5,-245.0,200.0
2022-08-15,SFG,ARI,6.0,1.0,8.0,-197.0,165.0
2022-08-15,TEX,OAK,2.0,1.0,8.5,-175.0,140.0
2022-08-15,TOR,BAL,3.0,7.0,9.0,-165.0,140.0
2022-08-15,WSN,CHC,5.0,4.0,8.0,120.0,-140.0
2022-08-15,MIL,LAD,0.0,4.0,7.5,145.0,-180.0
2022-08-16,FLA,SDP,4.0,3.0,7.5,128.0,-152.0
2022-08-16,ANA,SEA,2.0,8.0,7.5,154.0,-180.0
2022-08-16,CHW,HOU,4.0,3.0,7.0,115.0,-135.0
2022-08-16,CIN,PHI,4.0,11.0,9.0,150.0,-182.0
2022-08-16,CLE,DET,3.0,4.0,8.0,-230.0,184.0
2022-08-16,MIL,LAD,5.0,4.0,8.0,-122.0,105.0
2022-08-16,NYY,TBD,1.0,3.0,7.0,-167.0,140.0
2022-08-16,ATL,NYM,5.0,0.0,8.5,-166.0,140.0
2022-08-16,WSN,CHC,5.0,7.0,8.5,135.0,-161.0
2022-08-16,TOR,BAL,2.0,4.0,8.5,-215.0,180.0
2022-08-16,TEX,OAK,1.0,5.0,8.0,-133.0,112.0
2022-08-16,MIN,KCR,9.0,0.0,8.0,-200.0,165.0
2022-08-16,SFG,ARI,2.0,1.0,7.5,-130.0,110.0
2022-08-16,PIT,BOS,3.0,5.0,8.0,120.0,-143.0
2022-08-16,STL,COL,5.0,4.0,8.0,-245.0,195.0
2022-08-17,MIN,KCR,4.0,0.0,8.0,-213.0,180.0
2022-08-17,ANA,SEA,7.0,11.0,8.5,155.0,-180.0
2022-08-17,ATL,NYM,7.0,9.0,7.5,130.0,-154.0
2022-08-17,CHW,HOU,2.0,3.0,8.0,130.0,-154.0
2022-08-17,CIN,PHI,1.0,0.0,8.0,140.0,-165.0
2022-08-17,FLA,SDP,3.0,10.0,7.0,135.0,-156.0
2022-08-17,CLE,DET,8.0,4.0,7.5,-230.0,188.0
2022-08-17,TOR,BAL,6.0,1.0,8.5,-177.0,147.0
2022-08-17,NYY,TBD,8.0,7.0,8.5,-135.0,115.0
2022-08-17,TEX,OAK,2.0,7.0,9.0,-178.0,150.0
2022-08-17,WSN,CHC,2.0,3.0,8.5,135.0,-157.0
2022-08-17,PIT,BOS,3.0,8.0,8.0,140.0,-165.0
2022-08-17,STL,COL,5.0,1.0,7.0,-200.0,165.0
2022-08-17,SFG,ARI,2.0,3.0,7.5,-250.0,190.0
2022-08-17,MIL,LAD,1.0,2.0,8.0,146.0,-175.0
2022-08-18,ATL,NYM,3.0,2.0,6.5,120.0,-143.0
2022-08-18,BAL,CHC,2.0,3.0,9.0,-164.0,141.0
2022-08-18,CHW,HOU,5.0,21.0,8.5,112.0,-135.0
2022-08-18,MIL,LAD,5.0,3.0,7.5,-119.0,102.0
2022-08-18,NYY,TOR,2.0,9.0,8.5,-165.0,142.0
2022-08-18,SDP,WSN,1.0,3.0,8.0,-400.0,310.0
2022-08-18,SFG,ARI,0.0,5.0,7.0,-157.0,135.0
2022-08-18,STL,COL,13.0,0.0,7.5,-250.0,210.0
2022-08-18,TBD,KCR,7.0,1.0,7.5,-190.0,163.0
2022-08-18,TEX,OAK,10.0,3.0,8.5,-197.0,169.0
2022-08-18,PIT,BOS,8.0,2.0,8.5,132.0,-155.0
2022-08-19,MIN,TEX,2.0,1.0,8.0,-140.0,120.0
2022-08-19,ARI,STL,1.0,5.0,9.0,162.0,-189.0
2022-08-19,ATL,HOU,6.0,2.0,8.5,-125.0,110.0
2022-08-19,CHC,MIL,8.0,7.0,10.0,120.0,-139.0
2022-08-19,CLE,CHW,5.0,2.0,7.5,-138.0,120.0
2022-08-19,DET,ANA,0.0,1.0,7.5,124.0,-149.0
2022-08-19,COL,SFG,7.0,4.0,11.0,135.0,-167.0
2022-08-19,BAL,BOS,15.0,10.0,8.5,-108.0,-108.0
2022-08-19,NYY,TOR,0.0,4.0,8.0,-106.0,-110.0
2022-08-19,OAK,SEA,2.0,10.0,7.5,120.0,-139.0
2022-08-19,PHI,NYM,2.0,7.0,7.5,-120.0,104.0
2022-08-19,PIT,CIN,5.0,4.0,8.0,100.0,-118.0
2022-08-19,SDP,WSN,3.0,6.0,7.5,-357.0,280.0
2022-08-19,TBD,KCR,2.0,3.0,6.5,-205.0,165.0
2022-08-19,LAD,FLA,2.0,1.0,8.0,-277.0,225.0
2022-08-20,MIN,TEX,3.0,4.0,8.5,-175.0,150.0
2022-08-20,CHC,MIL,6.0,5.0,9.0,108.0,-125.0
2022-08-20,DET,ANA,4.0,3.0,7.5,145.0,-167.0
2022-08-20,COL,SFG,4.0,3.0,11.0,149.0,-179.0
2022-08-20,CLE,CHW,0.0,2.0,7.5,-170.0,148.0
2022-08-20,BAL,BOS,3.0,4.0,9.0,110.0,-130.0
2022-08-20,TBD,KCR,5.0,2.0,7.0,-210.0,168.0
2022-08-20,ARI,STL,7.0,16.0,9.5,132.0,-154.0
2022-08-20,ATL,HOU,5.0,4.0,7.5,-165.0,140.0
2022-08-20,PIT,CIN,1.0,10.0,8.5,-148.0,125.0
2022-08-20,PHI,NYM,2.0,8.0,8.5,-150.0,132.0
2022-08-20,OAK,SEA,4.0,3.0,7.5,163.0,-200.0
2022-08-20,SDP,WSN,2.0,1.0,7.5,-322.0,265.0
2022-08-20,LAD,FLA,7.0,0.0,7.5,-357.0,275.0
2022-08-20,NYY,TOR,2.0,5.0,7.5,-189.0,163.0
2022-08-21,DET,ANA,4.0,0.0,6.5,161.0,-188.0
2022-08-21,MIN,TEX,0.0,7.0,8.5,-182.0,158.0
2022-08-21,ARI,STL,4.0,6.0,7.5,115.0,-132.0
2022-08-21,ATL,HOU,4.0,5.0,8.5,-165.0,140.0
2022-08-21,BAL,BOS,5.0,3.0,8.5,-105.0,-117.0
2022-08-21,CHC,MIL,2.0,5.0,7.0,130.0,-154.0
2022-08-21,LAD,FLA,10.0,3.0,7.5,-167.0,145.0
2022-08-21,NYY,TOR,4.0,2.0,7.5,-120.0,105.0
2022-08-21,OAK,SEA,5.0,3.0,6.5,188.0,-225.0
2022-08-21,PHI,NYM,9.0,10.0,10.0,-123.0,107.0
2022-08-21,PIT,CIN,5.0,9.0,8.5,-120.0,104.0
2022-08-21,SDP,WSN,2.0,1.0,8.5,-307.0,250.0
2022-08-21,TBD,KCR,3.0,2.0,7.5,-190.0,158.0
2022-08-21,COL,SFG,8.0,9.0,11.0,115.0,-134.0
2022-08-22,KCR,CHW,6.0,4.0,8.0,135.0,-155.0
2022-08-22,NYY,NYM,4.0,2.0,7.5,140.0,-162.0
2022-08-22,LAD,MIL,0.0,4.0,7.5,-275.0,222.0
2022-08-22,CHC,STL,0.0,1.0,8.0,150.0,-180.0
2022-08-22,OAK,FLA,0.0,3.0,7.5,129.0,-148.0
2022-08-22,PHI,CIN,4.0,1.0,8.5,-250.0,200.0
2022-08-22,PIT,ATL,1.0,2.0,9.0,170.0,-200.0
2022-08-22,TBD,ANA,2.0,1.0,7.0,-235.0,200.0
2022-08-22,MIN,TEX,1.0,2.0,8.5,-205.0,176.0
2022-08-23,LAD,MIL,10.0,1.0,7.0,-156.0,130.0
2022-08-23,BAL,CHW,5.0,3.0,7.0,117.0,-136.0
2022-08-23,BOS,TOR,3.0,9.0,9.5,120.0,-140.0
2022-08-23,CHC,STL,2.0,0.0,8.5,160.0,-200.0
2022-08-23,COL,TEX,7.0,6.0,10.5,-116.0,-103.0
2022-08-23,HOU,MIN,4.0,2.0,7.5,-303.0,250.0
2022-08-23,DET,SFG,1.0,3.0,7.5,185.0,-215.0
2022-08-23,NYY,NYM,4.0,2.0,9.0,-134.0,116.0
2022-08-23,OAK,FLA,3.0,5.0,7.5,126.0,-147.0
2022-08-23,PHI,CIN,7.0,6.0,8.0,-215.0,180.0
2022-08-23,PIT,ATL,1.0,6.0,7.5,230.0,-277.0
2022-08-23,SDP,CLE,1.0,3.0,7.5,-145.0,125.0
2022-08-23,SEA,WSN,4.0,2.0,7.5,-286.0,235.0
2022-08-23,TBD,ANA,11.0,1.0,7.0,-175.0,150.0
2022-08-23,KCR,ARI,3.0,7.0,9.0,106.0,-124.0
2022-08-24,COL,TEX,4.0,16.0,11.0,115.0,-135.0
2022-08-24,LAD,MIL,12.0,6.0,8.5,-265.0,210.0
2022-08-24,BOS,TOR,2.0,3.0,9.5,130.0,-154.0
2022-08-24,CHC,STL,7.0,1.0,8.5,165.0,-205.0
2022-08-24,DET,SFG,6.0,1.0,8.0,135.0,-158.0
2022-08-24,BAL,CHW,3.0,5.0,8.5,102.0,-120.0
2022-08-24,KCR,ARI,5.0,3.0,7.5,110.0,-130.0
2022-08-24,PHI,CIN,7.0,5.0,9.5,-262.0,212.0
2022-08-24,OAK,FLA,3.0,2.0,6.5,105.0,-122.0
2022-08-24,PIT,ATL,2.0,14.0,9.0,237.0,-284.0
2022-08-24,SDP,CLE,0.0,7.0,7.5,-167.0,145.0
2022-08-24,TBD,ANA,4.0,3.0,7.0,-295.0,235.0
2022-08-24,HOU,MIN,5.0,3.0,8.0,-240.0,200.0
2022-08-24,SEA,WSN,1.0,3.0,8.0,-327.0,265.0
2022-08-25,BAL,CHW,4.0,3.0,8.0,105.0,-120.0
2022-08-25,BOS,TOR,5.0,6.0,9.0,150.0,-177.0
2022-08-25,CHC,STL,3.0,8.0,10.0,-108.0,-106.0
2022-08-25,PHI,CIN,4.0,0.0,8.0,-360.0,290.0
2022-08-25,NYM,COL,3.0,1.0,7.0,-450.0,350.0
2022-08-25,TBD,ANA,8.0,3.0,6.5,-195.0,170.0
2022-08-25,HOU,MIN,6.0,3.0,8.5,-165.0,145.0
2022-08-25,OAK,NYY,4.0,13.0,7.5,188.0,-225.0
2022-08-25,SEA,CLE,3.0,1.0,8.0,-104.0,-118.0
2022-08-26,WSN,CIN,3.0,7.0,8.5,-152.0,133.0
2022-08-26,OAK,NYY,2.0,3.0,6.5,205.0,-240.0
2022-08-26,BOS,TBD,9.0,8.0,9.0,-117.0,100.0
2022-08-26,CHW,ARI,2.0,7.0,8.5,-167.0,142.0
2022-08-26,KCR,SDP,5.0,13.0,8.5,167.0,-197.0
2022-08-26,MIN,SFG,9.0,0.0,7.5,-128.0,111.0
2022-08-26,FLA,LAD,6.0,10.0,8.0,235.0,-275.0
2022-08-26,HOU,BAL,0.0,2.0,8.0,-193.0,161.0
2022-08-26,PHI,PIT,7.0,4.0,9.0,-286.0,232.0
2022-08-26,SEA,CLE,3.0,2.0,7.0,103.0,-120.0
2022-08-26,STL,ATL,4.0,11.0,7.0,142.0,-167.0
2022-08-26,TEX,DET,7.0,6.0,8.5,-158.0,138.0
2022-08-26,TOR,ANA,0.0,12.0,9.0,-190.0,164.0
2022-08-26,NYM,COL,7.0,6.0,8.5,-342.0,275.0
2022-08-26,MIL,CHC,3.0,4.0,7.5,-154.0,131.0
2022-08-27,MIL,CHC,7.0,0.0,7.5,-188.0,159.0
2022-08-27,OAK,NYY,3.0,2.0,8.0,195.0,-232.0
2022-08-27,CHW,ARI,5.0,10.0,8.0,-104.0,-114.0
2022-08-27,BOS,TBD,5.0,1.0,8.5,108.0,-122.0
2022-08-27,HOU,BAL,1.0,3.0,8.0,-186.0,159.0
2022-08-27,KCR,SDP,3.0,4.0,8.5,185.0,-220.0
2022-08-27,NYM,COL,3.0,0.0,8.5,-250.0,212.0
2022-08-27,FLA,LAD,2.0,1.0,6.5,175.0,-200.0
2022-08-27,MIN,SFG,3.0,2.0,7.5,-139.0,121.0
2022-08-27,SEA,CLE,3.0,4.0,7.0,-171.0,148.0
2022-08-27,TOR,ANA,0.0,2.0,7.0,-150.0,133.0
2022-08-27,WSN,CIN,2.0,6.0,8.5,-136.0,116.0
2022-08-27,STL,ATL,6.0,5.0,7.0,-106.0,-108.0
2022-08-27,PHI,PIT,6.0,0.0,9.0,-295.0,245.0
2022-08-27,TEX,DET,2.0,11.0,7.5,-119.0,101.0
2022-08-28,OAK,NYY,4.0,1.0,8.0,175.0,-200.0
2022-08-28,BOS,TBD,4.0,12.0,8.5,-110.0,-104.0
2022-08-28,CHW,ARI,2.0,3.0,7.5,-195.0,163.0
2022-08-28,FLA,LAD,1.0,8.0,6.5,215.0,-265.0
2022-08-28,HOU,BAL,3.0,1.0,6.5,-240.0,200.0
2022-08-28,KCR,SDP,15.0,7.0,9.5,172.0,-200.0
2022-08-28,MIL,CHC,9.0,7.0,8.5,-175.0,145.0
2022-08-28,PHI,PIT,0.0,5.0,8.5,-250.0,205.0
2022-08-28,SEA,CLE,4.0,0.0,7.0,-150.0,128.0
2022-08-28,STL,ATL,6.0,3.0,8.5,-148.0,127.0
2022-08-28,TEX,DET,8.0,9.0,8.5,-166.0,144.0
2022-08-28,TOR,ANA,3.0,8.0,9.0,-275.0,225.0
2022-08-28,WSN,CIN,3.0,2.0,8.5,-104.0,-112.0
2022-08-28,NYM,COL,0.0,1.0,7.0,-357.0,280.0
2022-08-28,MIN,SFG,8.0,3.0,9.0,-110.0,-106.0
2022-08-29,ARI,PHI,13.0,7.0,8.5,150.0,-180.0
2022-08-29,ANA,NYY,4.0,3.0,8.0,150.0,-180.0
2022-08-29,CIN,STL,4.0,13.0,9.5,190.0,-225.0
2022-08-29,MIL,PIT,7.0,5.0,7.5,-357.0,285.0
2022-08-29,MIN,BOS,4.0,2.0,8.5,-117.0,102.0
2022-08-29,TOR,CHC,5.0,4.0,9.0,-250.0,205.0
2022-08-29,SFG,SDP,5.0,6.0,7.0,-134.0,115.0
2022-08-29,FLA,LAD,2.0,3.0,7.5,145.0,-167.0
2022-08-30,FLA,TBD,2.0,7.0,6.5,167.0,-200.0
2022-08-30,ANA,NYY,4.0,7.0,9.0,145.0,-170.0
2022-08-30,ARI,PHI,12.0,3.0,7.0,112.0,-130.0
2022-08-30,ATL,COL,2.0,3.0,8.5,-360.0,300.0
2022-08-30,CHW,KCR,7.0,9.0,8.0,-132.0,112.0
2022-08-30,CLE,BAL,5.0,1.0,8.0,-148.0,128.0
2022-08-30,CIN,STL,5.0,1.0,10.5,180.0,-210.0
2022-08-30,NYM,LAD,3.0,4.0,8.5,118.0,-138.0
2022-08-30,MIL,PIT,2.0,4.0,9.0,-178.0,150.0
2022-08-30,MIN,BOS,10.0,5.0,9.0,-132.0,115.0
2022-08-30,SFG,SDP,3.0,4.0,7.5,120.0,-137.0
2022-08-30,TEX,HOU,2.0,4.0,7.0,128.0,-150.0
2022-08-30,TOR,CHC,5.0,3.0,7.5,-210.0,180.0
2022-08-30,WSN,OAK,6.0,10.0,8.5,-106.0,-110.0
2022-08-30,DET,SEA,3.0,9.0,7.5,145.0,-175.0
2022-08-31,CIN,STL,3.0,5.0,9.5,200.0,-240.0
2022-08-31,ARI,PHI,2.0,18.0,9.5,120.0,-139.0
2022-08-31,ANA,NYY,3.0,2.0,7.5,165.0,-200.0
2022-08-31,ATL,COL,3.0,2.0,8.5,-350.0,275.0
2022-08-31,CHW,KCR,4.0,2.0,8.5,-205.0,175.0
2022-08-31,CLE,BAL,0.0,4.0,8.0,-178.0,150.0
2022-08-31,FLA,TBD,1.0,2.0,6.5,143.0,-167.0
2022-08-31,WSN,OAK,5.0,1.0,8.5,-109.0,-108.0
2022-08-31,MIL,PIT,6.0,1.0,8.5,-286.0,245.0
2022-08-31,NYM,LAD,2.0,1.0,6.5,-170.0,140.0
2022-08-31,SFG,SDP,4.0,5.0,7.5,135.0,-155.0
2022-08-31,MIN,BOS,5.0,6.0,8.0,-125.0,107.0
2022-08-31,TEX,HOU,3.0,5.0,7.5,120.0,-143.0
2022-08-31,DET,SEA,3.0,5.0,8.5,134.0,-158.0
2022-08-31,TOR,CHC,5.0,7.0,9.5,-250.0,200.0
2022-09-01,ARI,MIL,5.0,0.0,7.0,118.0,-135.0
2022-09-01,ATL,COL,3.0,0.0,8.5,-400.0,330.0
2022-09-01,BOS,TEX,9.0,8.0,9.0,-175.0,145.0
2022-09-01,CHW,KCR,7.0,1.0,9.0,-189.0,155.0
2022-09-01,CLE,BAL,0.0,3.0,7.5,-184.0,154.0
2022-09-01,DET,SEA,0.0,7.0,7.5,133.0,-154.0
2022-09-01,NYM,LAD,5.0,3.0,7.5,116.0,-133.0
2022-09-01,WSN,OAK,7.0,5.0,8.5,-114.0,-105.0
2022-09-02,DET,KCR,5.0,4.0,8.5,-109.0,-104.0
2022-09-02,ANA,HOU,2.0,4.0,8.5,120.0,-141.0
2022-09-02,ARI,MIL,2.0,1.0,8.5,-105.0,-115.0
2022-09-02,ATL,FLA,8.0,1.0,6.5,-182.0,158.0
2022-09-02,BAL,OAK,5.0,2.0,8.0,-165.0,142.0
2022-09-02,CHW,MIN,4.0,3.0,8.0,120.0,-139.0
2022-09-02,NYM,WSN,7.0,3.0,7.5,-275.0,230.0
2022-09-02,CLE,SEA,1.0,6.0,7.5,118.0,-139.0
2022-09-02,BOS,TEX,9.0,1.0,9.5,-200.0,165.0
2022-09-02,LAD,SDP,1.0,7.0,7.5,-165.0,145.0
2022-09-02,PIT,TOR,0.0,4.0,8.0,200.0,-245.0
2022-09-02,SFG,PHI,13.0,1.0,7.5,-118.0,-104.0
2022-09-02,STL,CHC,8.0,0.0,8.0,-255.0,210.0
2022-09-02,TBD,NYY,9.0,0.0,7.5,-130.0,110.0
2022-09-02,CIN,COL,3.0,2.0,9.5,-130.0,110.0
2022-09-03,DET,KCR,2.0,12.0,8.5,-122.0,105.0
2022-09-03,BOS,TEX,5.0,3.0,9.5,-165.0,140.0
2022-09-03,ANA,HOU,2.0,1.0,7.5,-135.0,115.0
2022-09-03,ARI,MIL,6.0,8.0,8.0,163.0,-196.0
2022-09-03,ATL,FLA,2.0,1.0,8.0,-175.0,145.0
2022-09-03,CHW,MIN,13.0,0.0,7.5,-140.0,120.0
2022-09-03,NYM,WSN,1.0,7.0,7.5,-400.0,310.0
2022-09-03,BAL,OAK,8.0,1.0,8.5,-230.0,190.0
2022-09-03,TBD,NYY,2.0,1.0,7.5,-130.0,114.0
2022-09-03,STL,CHC,8.0,4.0,7.5,-215.0,180.0
2022-09-03,CLE,SEA,0.0,4.0,7.5,140.0,-164.0
2022-09-03,PIT,TOR,1.0,4.0,8.5,145.0,-175.0
2022-09-03,LAD,SDP,12.0,1.0,8.5,-230.0,200.0
2022-09-03,SFG,PHI,5.0,4.0,8.5,108.0,-124.0
2022-09-04,CLE,SEA,3.0,6.0,7.5,108.0,-125.0
2022-09-04,ARI,MIL,5.0,1.0,8.0,-170.0,145.0
2022-09-04,ATL,FLA,7.0,1.0,7.0,-265.0,210.0
2022-09-04,ANA,HOU,1.0,9.0,9.5,155.0,-189.0
2022-09-04,BAL,OAK,0.0,5.0,8.5,-180.0,155.0
2022-09-04,CHW,MIN,1.0,5.0,8.0,-133.0,116.0
2022-09-04,BOS,TEX,5.0,2.0,10.0,-120.0,100.0
2022-09-04,STL,CHC,2.0,0.0,7.5,-190.0,160.0
2022-09-04,DET,KCR,2.0,3.0,8.0,-124.0,106.0
2022-09-04,LAD,SDP,9.0,4.0,9.5,-167.0,140.0
2022-09-04,NYM,WSN,1.0,7.0,8.5,-305.0,250.0
2022-09-04,PIT,TOR,3.0,4.0,8.0,176.0,-210.0
2022-09-04,SFG,PHI,5.0,3.0,7.5,-115.0,102.0
2022-09-04,TBD,NYY,1.0,2.0,7.0,105.0,-125.0
2022-09-04,CIN,COL,4.0,8.0,8.5,-120.0,102.0
2022-09-05,LAD,SFG,4.0,7.0,8.0,-235.0,200.0
2022-09-05,ANA,DET,10.0,0.0,8.5,-190.0,164.0
2022-09-05,BAL,TOR,3.0,7.0,8.5,150.0,-175.0
2022-09-05,COL,MIL,4.0,6.0,11.5,120.0,-140.0
2022-09-05,HOU,TEX,1.0,0.0,8.0,-182.0,155.0
2022-09-05,NYY,MIN,5.0,2.0,8.5,-165.0,143.0
2022-09-05,SDP,ARI,0.0,5.0,8.5,-235.0,197.0
2022-09-05,SEA,CHW,2.0,3.0,7.5,108.0,-126.0
2022-09-05,STL,WSN,0.0,6.0,8.0,-275.0,230.0
2022-09-05,TBD,BOS,4.0,3.0,7.5,-108.0,-108.0
2022-09-05,KCR,CLE,5.0,6.0,7.0,118.0,-138.0
2022-09-06,COL,MIL,10.0,7.0,11.0,170.0,-200.0
2022-09-06,KCR,CLE,1.0,4.0,7.5,175.0,-200.0
2022-09-06,HOU,TEX,3.0,4.0,7.5,-250.0,210.0
2022-09-06,OAK,ATL,9.0,10.0,8.0,200.0,-240.0
2022-09-06,CHC,CIN,9.0,3.0,7.5,-152.0,132.0
2022-09-06,ANA,DET,5.0,4.0,8.5,-138.0,120.0
2022-09-06,LAD,SFG,6.0,3.0,9.0,-325.0,265.0
2022-09-06,TBD,BOS,8.0,4.0,7.5,-138.0,120.0
2022-09-06,PHI,FLA,3.0,2.0,7.0,-240.0,195.0
2022-09-06,SDP,ARI,6.0,5.0,7.0,-164.0,140.0
2022-09-06,SEA,CHW,3.0,0.0,7.5,-152.0,132.0
2022-09-06,STL,WSN,4.0,1.0,8.0,-260.0,215.0
2022-09-06,PIT,NYM,8.0,2.0,8.5,188.0,-225.0
2022-09-06,BAL,TOR,9.0,6.0,8.5,-110.0,-106.0
2022-09-07,NYY,MIN,5.0,4.0,7.5,-143.0,125.0
2022-09-07,ANA,DET,4.0,5.0,9.0,-225.0,188.0
2022-09-07,BAL,TOR,1.0,4.0,7.5,120.0,-141.0
2022-09-07,CHC,CIN,1.0,7.0,8.0,-152.0,130.0
2022-09-07,COL,MIL,8.0,4.0,12.0,120.0,-140.0
2022-09-07,HOU,TEX,4.0,3.0,8.0,-295.0,250.0
2022-09-07,OAK,ATL,3.0,7.0,7.5,250.0,-325.0
2022-09-07,LAD,SFG,7.0,3.0,8.0,-247.0,205.0
2022-09-07,PHI,FLA,4.0,3.0,7.5,-168.0,146.0
2022-09-07,PIT,NYM,1.0,5.0,8.5,220.0,-275.0
2022-09-07,SDP,ARI,6.0,3.0,8.5,-240.0,195.0
2022-09-07,SEA,CHW,6.0,9.0,7.0,-200.0,168.0
2022-09-07,STL,WSN,6.0,5.0,7.5,-357.0,275.0
2022-09-07,TBD,BOS,1.0,0.0,7.0,-182.0,154.0
2022-09-07,KCR,CLE,2.0,1.0,8.0,120.0,-142.0
2022-09-08,OAK,CHW,2.0,14.0,7.0,180.0,-210.0
2022-09-08,CHC,CIN,3.0,4.0,8.0,-143.0,120.0
2022-09-08,MIL,SFG,2.0,1.0,7.5,-200.0,172.0
2022-09-08,NYY,MIN,3.0,4.0,6.5,-148.0,125.0
2022-09-08,STL,WSN,6.0,11.0,7.5,-286.0,235.0
2022-09-08,PHI,FLA,5.0,6.0,7.0,-136.0,120.0
2022-09-09,MIN,CLE,6.0,7.0,7.5,-109.0,-105.0
2022-09-09,BAL,BOS,3.0,2.0,8.5,-120.0,105.0
2022-09-09,COL,ARI,13.0,10.0,10.0,-118.0,102.0
2022-09-09,FLA,NYM,6.0,3.0,7.5,140.0,-167.0
2022-09-09,HOU,ANA,4.0,3.0,8.5,-213.0,176.0
2022-09-09,KCR,DET,2.0,10.0,8.5,-135.0,116.0
2022-09-09,CHC,SFG,4.0,2.0,8.0,123.0,-141.0
2022-09-09,PHI,WSN,5.0,3.0,8.5,-200.0,172.0
2022-09-09,NYY,TBD,2.0,4.0,7.0,-104.0,-112.0
2022-09-09,OAK,CHW,3.0,5.0,7.5,148.0,-170.0
2022-09-09,TEX,TOR,3.0,4.0,8.0,130.0,-149.0
2022-09-09,PIT,STL,8.0,2.0,8.0,173.0,-200.0
2022-09-09,SDP,LAD,5.0,4.0,8.5,135.0,-160.0
2022-09-09,SEA,ATL,4.0,6.0,7.0,105.0,-120.0
2022-09-09,MIL,CIN,2.0,8.0,8.0,-152.0,130.0
2022-09-10,HOU,ANA,1.0,6.0,7.0,-136.0,115.0
2022-09-10,MIL,CIN,5.0,1.0,9.0,-240.0,195.0
2022-09-10,KCR,DET,4.0,8.0,8.0,-125.0,110.0
2022-09-10,NYY,TBD,10.0,3.0,8.0,-105.0,-113.0
2022-09-10,FLA,NYM,3.0,11.0,7.0,140.0,-167.0
2022-09-10,COL,ARI,4.0,1.0,11.0,-107.0,-110.0
2022-09-10,CHC,SFG,2.0,5.0,7.5,105.0,-120.0
2022-09-10,BAL,BOS,4.0,17.0,8.5,-108.0,-107.0
2022-09-10,OAK,CHW,2.0,10.0,7.5,165.0,-195.0
2022-09-10,PIT,STL,5.0,7.0,7.5,158.0,-186.0
2022-09-10,SDP,LAD,4.0,8.0,8.0,125.0,-148.0
2022-09-10,SEA,ATL,3.0,1.0,7.0,105.0,-120.0
2022-09-10,TEX,TOR,7.0,11.0,8.5,180.0,-215.0
2022-09-10,PHI,WSN,8.0,5.0,9.0,-250.0,210.0
2022-09-10,MIN,CLE,4.0,6.0,7.5,-102.0,-115.0
2022-09-11,FLA,NYM,3.0,9.0,7.5,120.0,-148.0
2022-09-11,MIN,CLE,1.0,4.0,7.5,128.0,-148.0
2022-09-11,CHC,SFG,2.0,4.0,9.0,-112.0,-103.0
2022-09-11,COL,ARI,6.0,12.0,10.5,144.0,-167.0
2022-09-11,BAL,BOS,0.0,1.0,8.5,-122.0,108.0
2022-09-11,HOU,ANA,12.0,4.0,8.0,-275.0,230.0
2022-09-11,SDP,LAD,2.0,11.0,8.0,110.0,-130.0
2022-09-11,MIL,CIN,7.0,6.0,7.5,-286.0,240.0
2022-09-11,SEA,ATL,8.0,7.0,8.5,115.0,-130.0
2022-09-11,NYY,TBD,10.0,4.0,8.5,-133.0,113.0
2022-09-11,OAK,CHW,10.0,3.0,7.5,140.0,-161.0
2022-09-11,PHI,WSN,7.0,5.0,8.0,-320.0,255.0
2022-09-11,PIT,STL,3.0,4.0,7.5,140.0,-165.0
2022-09-11,KCR,DET,4.0,0.0,7.5,-167.0,140.0
2022-09-11,TEX,TOR,4.0,1.0,8.5,102.0,-117.0
2022-09-12,ARI,LAD,0.0,6.0,9.0,188.0,-225.0
2022-09-12,FLA,TEX,2.0,3.0,7.5,-125.0,108.0
2022-09-12,CIN,PIT,3.0,6.0,9.0,-137.0,120.0
2022-09-12,CLE,ANA,5.0,4.0,8.0,-120.0,-100.0
2022-09-12,DET,HOU,0.0,7.0,7.0,200.0,-240.0
2022-09-12,NYM,CHC,2.0,5.0,8.0,-297.0,250.0
2022-09-12,SFG,ATL,3.0,2.0,6.5,160.0,-190.0
2022-09-12,TOR,TBD,3.0,2.0,8.5,-175.0,145.0
2022-09-13,NYM,CHC,1.0,4.0,7.0,-425.0,340.0
2022-09-13,ARI,LAD,0.0,4.0,8.0,175.0,-200.0
2022-09-13,BOS,NYY,6.0,7.0,8.5,140.0,-162.0
2022-09-13,CHW,COL,4.0,2.0,8.5,-200.0,175.0
2022-09-13,CIN,PIT,1.0,6.0,9.0,-143.0,120.0
2022-09-13,CLE,ANA,3.0,1.0,8.0,-127.0,112.0
2022-09-13,STL,MIL,4.0,8.0,7.5,-182.0,155.0
2022-09-13,FLA,PHI,1.0,2.0,7.0,-121.0,106.0
2022-09-13,MIN,KCR,6.0,3.0,8.5,-195.0,167.0
2022-09-13,SFG,ATL,1.0,5.0,8.0,140.0,-166.0
2022-09-13,TEX,OAK,8.0,7.0,8.5,-124.0,109.0
2022-09-13,TOR,TBD,2.0,4.0,8.0,-113.0,-105.0
2022-09-13,WSN,BAL,3.0,4.0,8.5,145.0,-167.0
2022-09-13,SEA,SDP,0.0,2.0,7.5,-110.0,-105.0
2022-09-13,DET,HOU,3.0,6.0,8.0,200.0,-237.0
2022-09-14,CLE,ANA,5.0,3.0,7.5,-112.0,-105.0
2022-09-14,MIN,KCR,4.0,0.0,7.5,-200.0,170.0
2022-09-14,ARI,LAD,5.0,3.0,9.0,110.0,-127.0
2022-09-14,BOS,NYY,3.0,5.0,9.0,108.0,-125.0
2022-09-14,CHW,COL,0.0,3.0,7.5,-265.0,225.0
2022-09-14,DET,HOU,1.0,2.0,8.0,192.0,-230.0
2022-09-14,CIN,PIT,4.0,10.0,7.5,-157.0,135.0
2022-09-14,STL,MIL,4.0,1.0,7.0,107.0,-124.0
2022-09-14,FLA,PHI,1.0,6.0,7.5,114.0,-130.0
2022-09-14,TOR,TBD,5.0,1.0,7.5,-115.0,-100.0
2022-09-14,TEX,OAK,7.0,8.0,8.5,-167.0,143.0
2022-09-14,WSN,BAL,2.0,6.0,8.5,130.0,-150.0
2022-09-14,SEA,SDP,6.0,1.0,7.5,-172.0,145.0
2022-09-14,SFG,ATL,4.0,1.0,7.5,112.0,-129.0
2022-09-14,NYM,CHC,3.0,6.0,7.5,-205.0,175.0
2022-09-15,ARI,SDP,4.0,0.0,9.0,143.0,-162.0
2022-09-15,CLE,CHW,2.0,8.0,7.5,128.0,-150.0
2022-09-15,HOU,OAK,5.0,2.0,8.0,-320.0,270.0
2022-09-15,MIN,KCR,3.0,2.0,8.5,-175.0,148.0
2022-09-15,NYM,PIT,7.0,1.0,7.5,-278.0,225.0
2022-09-15,STL,CIN,2.0,3.0,8.0,-286.0,235.0
2022-09-15,TOR,TBD,0.0,11.0,7.0,-135.0,115.0
2022-09-15,FLA,PHI,5.0,3.0,7.5,110.0,-127.0
2022-09-16,ATL,PHI,7.0,2.0,7.5,-210.0,180.0
2022-09-16,CLE,MIN,4.0,3.0,7.5,-154.0,135.0
2022-09-16,BOS,KCR,2.0,1.0,9.5,-225.0,185.0
2022-09-16,CHC,COL,2.0,1.0,8.5,-130.0,110.0
2022-09-16,ANA,SEA,8.0,7.0,8.5,145.0,-175.0
2022-09-16,ARI,SDP,3.0,12.0,8.5,165.0,-198.0
2022-09-16,WSN,FLA,5.0,4.0,7.5,110.0,-130.0
2022-09-16,DET,CHW,3.0,2.0,8.0,135.0,-161.0
2022-09-16,MIL,NYY,7.0,6.0,8.0,102.0,-120.0
2022-09-16,SFG,LAD,0.0,5.0,7.5,140.0,-160.0
2022-09-16,STL,CIN,6.0,5.0,8.5,-290.0,235.0
2022-09-16,TBD,TEX,3.0,4.0,7.5,-154.0,130.0
2022-09-16,TOR,BAL,6.0,3.0,9.0,-167.0,145.0
2022-09-16,NYM,PIT,4.0,3.0,7.5,-275.0,210.0
2022-09-16,HOU,OAK,5.0,0.0,7.5,-360.0,295.0
2022-09-17,BOS,KCR,0.0,9.0,8.5,-143.0,125.0
2022-09-17,HOU,OAK,5.0,8.0,8.0,-295.0,240.0
2022-09-17,ANA,SEA,2.0,1.0,7.0,-120.0,100.0
2022-09-17,ARI,SDP,0.0,2.0,7.0,-118.0,104.0
2022-09-17,ATL,PHI,4.0,3.0,8.0,105.0,-114.0
2022-09-17,CHC,COL,1.0,3.0,9.5,-148.0,125.0
2022-09-17,MIL,NYY,4.0,1.0,7.5,-142.0,125.0
2022-09-17,DET,CHW,3.0,4.0,8.0,130.0,-154.0
2022-09-17,SFG,LAD,2.0,7.0,8.0,250.0,-303.0
2022-09-17,WSN,FLA,5.0,3.0,8.0,116.0,-134.0
2022-09-17,NYM,PIT,5.0,1.0,8.0,-327.0,267.0
2022-09-17,STL,CIN,5.0,1.0,9.0,-275.0,215.0
2022-09-17,TBD,TEX,5.0,1.0,7.0,-130.0,115.0
2022-09-17,TOR,BAL,6.0,3.0,8.0,-165.0,141.0
2022-09-17,CLE,MIN,5.0,1.0,7.5,-189.0,155.0
2022-09-18,CLE,MIN,0.0,3.0,8.0,-108.0,-106.0
2022-09-18,CHC,COL,3.0,4.0,9.5,-125.0,108.0
2022-09-18,BOS,KCR,13.0,3.0,10.0,-200.0,168.0
2022-09-18,TBD,TEX,5.0,3.0,7.0,-200.0,172.0
2022-09-18,ATL,PHI,5.0,2.0,8.0,-250.0,210.0
2022-09-18,ARI,SDP,1.0,6.0,8.0,135.0,-157.0
2022-09-18,DET,CHW,5.0,11.0,8.5,135.0,-161.0
2022-09-18,ANA,SEA,5.0,1.0,8.5,-129.0,110.0
2022-09-18,WSN,FLA,1.0,3.0,7.5,155.0,-180.0
2022-09-18,MIL,NYY,8.0,12.0,8.0,155.0,-180.0
2022-09-18,SFG,LAD,3.0,4.0,7.5,150.0,-180.0
2022-09-18,STL,CIN,0.0,3.0,8.0,-265.0,220.0
2022-09-18,TOR,BAL,4.0,5.0,8.0,-200.0,170.0
2022-09-18,NYM,PIT,7.0,3.0,6.5,-455.0,375.0
2022-09-18,HOU,OAK,11.0,2.0,7.5,-347.0,290.0
2022-09-19,COL,SFG,7.0,10.0,11.0,108.0,-125.0
2022-09-19,ANA,SEA,1.0,9.0,7.5,115.0,-136.0
2022-09-19,ATL,WSN,5.0,2.0,8.5,-375.0,300.0
2022-09-19,FLA,CHC,10.0,3.0,7.0,-143.0,125.0
2022-09-19,CLE,MIN,11.0,4.0,7.0,-120.0,105.0
2022-09-19,BAL,DET,0.0,11.0,8.0,-215.0,180.0
2022-09-19,MIL,NYM,2.0,7.0,6.5,-118.0,104.0
2022-09-19,TBD,HOU,0.0,4.0,7.0,-118.0,104.0
2022-09-19,LAD,ARI,5.0,2.0,7.5,-300.0,240.0
2022-09-20,CIN,BOS,3.0,5.0,8.0,108.0,-124.0
2022-09-20,LAD,ARI,2.0,5.0,8.5,-315.0,250.0
2022-09-20,ATL,WSN,3.0,2.0,8.5,-360.0,280.0
2022-09-20,BAL,DET,2.0,3.0,8.0,-190.0,160.0
2022-09-20,COL,SFG,3.0,6.0,11.5,-117.0,-102.0
2022-09-20,FLA,CHC,1.0,2.0,7.0,-170.0,143.0
2022-09-20,NYY,PIT,9.0,8.0,8.0,-325.0,260.0
2022-09-20,MIL,NYM,5.0,7.0,8.0,106.0,-121.0
2022-09-20,OAK,SEA,4.0,1.0,6.5,190.0,-240.0
2022-09-20,PHI,TOR,11.0,18.0,8.5,102.0,-118.0
2022-09-20,SDP,STL,5.0,0.0,7.5,-121.0,104.0
2022-09-20,TBD,HOU,0.0,5.0,6.0,-149.0,125.0
2022-09-20,TEX,ANA,2.0,5.0,8.5,110.0,-126.0
2022-09-20,KCR,MIN,5.0,4.0,9.0,-103.0,-118.0
2022-09-20,CHW,CLE,7.0,10.0,7.5,-180.0,152.0
2022-09-21,COL,SFG,1.0,6.0,10.0,120.0,-143.0
2022-09-21,MIL,NYM,6.0,0.0,9.0,115.0,-135.0
2022-09-21,ATL,WSN,2.0,3.0,9.0,-278.0,220.0
2022-09-21,BAL,DET,8.0,1.0,8.5,-152.0,133.0
2022-09-21,CHW,CLE,2.0,8.0,8.0,-134.0,115.0
2022-09-21,CIN,BOS,5.0,1.0,10.5,130.0,-154.0
2022-09-21,LAD,ARI,1.0,6.0,8.5,-335.0,270.0
2022-09-21,KCR,MIN,5.0,2.0,7.5,110.0,-130.0
2022-09-21,NYY,PIT,14.0,2.0,7.5,-288.0,240.0
2022-09-21,TEX,ANA,7.0,2.0,8.5,-150.0,128.0
2022-09-21,FLA,CHC,3.0,4.0,6.5,-117.0,100.0
2022-09-21,SDP,STL,1.0,0.0,7.5,-135.0,118.0
2022-09-21,PHI,TOR,4.0,3.0,8.5,-112.0,-105.0
2022-09-21,TBD,HOU,2.0,5.0,7.0,112.0,-129.0
2022-09-21,OAK,SEA,2.0,1.0,7.5,190.0,-225.0
2022-09-22,BAL,HOU,2.0,0.0,6.5,175.0,-205.0
2022-09-22,CHW,CLE,2.0,4.0,7.0,129.0,-149.0
2022-09-22,CIN,MIL,1.0,5.0,7.5,145.0,-175.0
2022-09-22,KCR,MIN,4.0,1.0,8.0,110.0,-130.0
2022-09-22,LAD,ARI,3.0,2.0,7.0,-215.0,180.0
2022-09-22,COL,SFG,0.0,3.0,11.0,102.0,-120.0
2022-09-22,PHI,ATL,1.0,0.0,7.5,120.0,-143.0
2022-09-22,PIT,CHC,2.0,3.0,7.5,-115.0,-102.0
2022-09-22,SDP,STL,4.0,5.0,8.0,-159.0,135.0
2022-09-22,TBD,TOR,10.0,5.0,7.5,102.0,-120.0
2022-09-22,TEX,ANA,5.0,3.0,7.5,-182.0,152.0
2022-09-22,OAK,SEA,5.0,9.0,7.0,210.0,-250.0
2022-09-22,NYY,BOS,5.0,4.0,8.0,-150.0,130.0
2022-09-23,FLA,WSN,5.0,2.0,7.0,-140.0,123.0
2022-09-23,MIN,ANA,2.0,4.0,6.5,150.0,-177.0
2022-09-23,ARI,SFG,5.0,6.0,8.0,150.0,-180.0
2022-09-23,CHW,DET,3.0,5.0,7.0,-183.0,156.0
2022-09-23,CIN,MIL,3.0,5.0,8.5,140.0,-167.0
2022-09-23,COL,SDP,4.0,3.0,11.0,145.0,-172.0
2022-09-23,KCR,SEA,5.0,1.0,7.5,-127.0,110.0
2022-09-23,BAL,HOU,6.0,0.0,7.5,115.0,-135.0
2022-09-23,NYY,BOS,5.0,4.0,7.5,-240.0,205.0
2022-09-23,OAK,NYM,2.0,9.0,7.0,190.0,-227.0
2022-09-23,PHI,ATL,9.0,1.0,7.0,-167.0,140.0
2022-09-23,PIT,CHC,5.0,6.0,8.0,-125.0,110.0
2022-09-23,TBD,TOR,10.0,6.0,7.5,-145.0,125.0
2022-09-23,LAD,STL,0.0,11.0,8.0,-175.0,145.0
2022-09-23,TEX,CLE,3.0,6.0,7.5,-126.0,108.0
2022-09-24,COL,SDP,3.0,9.0,10.5,190.0,-225.0
2022-09-24,FLA,WSN,4.0,1.0,6.5,-213.0,180.0
2022-09-24,ARI,SFG,5.0,2.0,7.5,-120.0,105.0
2022-09-24,LAD,STL,6.0,2.0,7.5,-175.0,145.0
2022-09-24,CIN,MIL,2.0,10.0,7.5,185.0,-220.0
2022-09-24,CHW,DET,2.0,7.0,8.5,-175.0,150.0
2022-09-24,BAL,HOU,10.0,11.0,7.5,165.0,-200.0
2022-09-24,KCR,SEA,5.0,6.0,8.0,150.0,-182.0
2022-09-24,PHI,ATL,3.0,6.0,8.0,110.0,-125.0
2022-09-24,MIN,ANA,8.0,4.0,7.0,-136.0,120.0
2022-09-24,OAK,NYM,10.0,4.0,6.5,315.0,-385.0
2022-09-24,PIT,CHC,6.0,0.0,7.5,-106.0,-107.0
2022-09-24,TBD,TOR,1.0,3.0,6.5,-107.0,-107.0
2022-09-24,TEX,CLE,2.0,4.0,8.0,112.0,-130.0
2022-09-24,NYY,BOS,7.0,5.0,8.5,-160.0,138.0
2022-09-25,FLA,WSN,1.0,6.0,7.5,-180.0,150.0
2022-09-25,LAD,STL,4.0,1.0,9.5,-150.0,133.0
2022-09-25,ARI,SFG,2.0,3.0,8.0,-127.0,110.0
2022-09-25,BAL,HOU,3.0,6.0,8.0,140.0,-162.0
2022-09-25,CHW,DET,1.0,4.0,8.0,-245.0,200.0
2022-09-25,CIN,MIL,2.0,1.0,8.5,130.0,-148.0
2022-09-25,PIT,CHC,3.0,8.0,8.0,-134.0,115.0
2022-09-25,KCR,SEA,13.0,12.0,7.5,154.0,-180.0
2022-09-25,MIN,ANA,3.0,10.0,8.5,102.0,-115.0
2022-09-25,NYY,BOS,2.0,0.0,8.0,-180.0,150.0
2022-09-25,OAK,NYM,4.0,13.0,6.5,260.0,-325.0
2022-09-25,PHI,ATL,7.0,8.0,8.5,123.0,-142.0
2022-09-25,TEX,CLE,4.0,10.0,8.0,115.0,-136.0
2022-09-25,TBD,TOR,1.0,7.0,6.5,-143.0,120.0
2022-09-25,COL,SDP,6.0,13.0,10.5,130.0,-154.0
2022-09-26,PIT,CIN,8.0,3.0,7.5,-159.0,137.0
2022-09-26,BOS,BAL,8.0,14.0,10.0,-113.0,-104.0
2022-09-26,WSN,ATL,0.0,8.0,9.5,210.0,-250.0
2022-09-26,TOR,NYY,3.0,2.0,7.5,-120.0,104.0
2022-09-27,NYM,FLA,4.0,6.0,7.0,-227.0,185.0
2022-09-27,BOS,BAL,13.0,9.0,9.0,-125.0,110.0
2022-09-27,CHC,PHI,2.0,1.0,7.0,146.0,-170.0
2022-09-27,DET,KCR,4.0,3.0,7.5,-120.0,102.0
2022-09-27,CLE,TBD,5.0,6.0,6.5,-155.0,135.0
2022-09-27,HOU,ARI,10.0,2.0,8.5,-213.0,175.0
2022-09-27,SDP,LAD,4.0,3.0,7.5,-112.0,-106.0
2022-09-27,MIN,CHW,4.0,0.0,6.5,108.0,-122.0
2022-09-27,MIL,STL,2.0,6.0,8.5,104.0,-120.0
2022-09-27,WSN,ATL,2.0,8.0,8.5,180.0,-210.0
2022-09-27,TOR,NYY,2.0,5.0,8.0,-107.0,-108.0
2022-09-27,ANA,OAK,4.0,3.0,8.0,-205.0,175.0
2022-09-27,PIT,CIN,4.0,1.0,7.0,-106.0,-108.0
2022-09-27,SEA,TEX,0.0,5.0,7.5,-205.0,172.0
2022-09-27,SFG,COL,5.0,2.0,7.5,-200.0,170.0
2022-09-28,NYM,FLA,5.0,4.0,6.5,-196.0,165.0
2022-09-28,ANA,OAK,4.0,1.0,8.5,-182.0,154.0
2022-09-28,BOS,BAL,3.0,1.0,9.0,-133.0,115.0
2022-09-28,CLE,TBD,2.0,1.0,6.0,-132.0,112.0
2022-09-28,DET,KCR,2.0,1.0,7.5,-136.0,118.0
2022-09-28,MIL,STL,5.0,1.0,7.0,-182.0,160.0
2022-09-28,HOU,ARI,2.0,5.0,6.0,-170.0,145.0
2022-09-28,CHC,PHI,4.0,2.0,6.5,165.0,-200.0
2022-09-28,PIT,CIN,4.0,3.0,7.5,-124.0,105.0
2022-09-28,SEA,TEX,3.0,1.0,6.5,-175.0,150.0
2022-09-28,SFG,COL,6.0,3.0,8.0,-167.0,145.0
2022-09-28,TOR,NYY,3.0,8.0,7.0,110.0,-130.0
2022-09-28,SDP,LAD,0.0,1.0,7.5,132.0,-156.0
2022-09-28,WSN,ATL,3.0,2.0,8.5,180.0,-215.0
2022-09-28,MIN,CHW,8.0,4.0,7.5,-115.0,-105.0
2022-09-29,ANA,OAK,4.0,2.0,7.0,-275.0,230.0
2022-09-29,BOS,BAL,5.0,3.0,8.5,-149.0,129.0
2022-09-29,CHC,PHI,2.0,0.0,7.5,163.0,-195.0
2022-09-29,CLE,TBD,2.0,1.0,6.5,115.0,-139.0
2022-09-29,DET,KCR,10.0,3.0,7.5,-130.0,115.0
2022-09-29,MIN,CHW,3.0,4.0,8.0,-105.0,-110.0
2022-09-29,SDP,LAD,2.0,5.0,8.0,128.0,-144.0
2022-09-29,SEA,TEX,10.0,9.0,7.0,-129.0,110.0
2022-09-29,SFG,COL,6.0,4.0,7.0,-250.0,205.0
2022-09-29,MIL,FLA,2.0,4.0,8.0,-170.0,148.0
2022-09-30,MIL,FLA,1.0,0.0,6.0,-188.0,155.0
2022-09-30,ANA,TEX,4.0,1.0,8.5,-162.0,140.0
2022-09-30,ATL,NYM,5.0,2.0,6.5,105.0,-125.0
2022-09-30,CHC,CIN,6.0,1.0,7.0,-159.0,139.0
2022-09-30,CLE,KCR,6.0,3.0,7.0,-143.0,120.0
2022-09-30,HOU,TBD,3.0,7.0,7.0,-180.0,154.0
2022-09-30,DET,MIN,0.0,7.0,7.0,135.0,-162.0
2022-09-30,TOR,BOS,9.0,0.0,8.0,-197.0,170.0
2022-09-30,NYY,BAL,1.0,2.0,8.0,-179.0,151.0
2022-09-30,SDP,CHW,1.0,3.0,7.5,-225.0,185.0
2022-09-30,SEA,OAK,2.0,1.0,7.0,-240.0,200.0
2022-09-30,SFG,ARI,10.0,4.0,7.0,-134.0,115.0
2022-09-30,STL,PIT,2.0,1.0,7.0,-215.0,184.0
2022-09-30,WSN,PHI,1.0,5.0,8.5,194.0,-232.0
2022-09-30,LAD,COL,10.0,1.0,7.5,-420.0,340.0
2022-10-01,NYY,BAL,8.0,0.0,6.5,-240.0,205.0
2022-10-01,ATL,NYM,4.0,2.0,7.0,102.0,-120.0
2022-10-01,ANA,TEX,3.0,2.0,8.0,-136.0,118.0
2022-10-01,CHC,CIN,2.0,1.0,6.5,-141.0,120.0
2022-10-01,CLE,KCR,1.0,7.0,7.5,-180.0,150.0
2022-10-01,HOU,TBD,2.0,1.0,6.5,-150.0,130.0
2022-10-01,DET,MIN,3.0,2.0,8.5,110.0,-130.0
2022-10-01,MIL,FLA,3.0,4.0,7.5,-184.0,155.0
2022-10-01,WSN,PHI,2.0,8.0,8.0,172.0,-200.0
2022-10-01,SDP,CHW,5.0,2.0,7.0,-110.0,-106.0
2022-10-01,SEA,OAK,5.0,1.0,6.5,-230.0,195.0
2022-10-01,SFG,ARI,4.0,8.0,7.5,-120.0,104.0
2022-10-01,STL,PIT,13.0,3.0,6.5,-225.0,190.0
2022-10-01,TOR,BOS,10.0,0.0,8.0,-167.0,140.0
2022-10-01,LAD,COL,6.0,4.0,8.5,-278.0,220.0
2022-10-02,NYY,BAL,1.0,3.0,7.5,-133.0,112.0
2022-10-02,ANA,TEX,8.0,3.0,9.0,-120.0,104.0
2022-10-02,ATL,NYM,5.0,3.0,7.5,-130.0,114.0
2022-10-02,CHC,CIN,8.0,1.0,6.5,-190.0,163.0
2022-10-02,CLE,KCR,7.0,5.0,6.5,-230.0,195.0
2022-10-02,DET,MIN,5.0,2.0,7.5,-105.0,-116.0
2022-10-02,HOU,TBD,3.0,1.0,7.5,-170.0,143.0
2022-10-02,LAD,COL,1.0,4.0,8.0,-278.0,220.0
2022-10-02,MIL,FLA,3.0,4.0,7.0,-177.0,150.0
2022-10-02,SDP,CHW,1.0,2.0,7.0,-150.0,130.0
2022-10-02,SEA,OAK,3.0,10.0,7.0,-275.0,220.0
2022-10-02,SFG,ARI,4.0,3.0,8.5,-134.0,115.0
2022-10-02,STL,PIT,5.0,7.0,7.0,-186.0,163.0
2022-10-02,TOR,BOS,6.0,3.0,7.5,-213.0,180.0
2022-10-02,WSN,PHI,1.0,8.0,7.5,220.0,-265.0
2022-10-03,BAL,TOR,1.0,5.0,7.5,110.0,-125.0
2022-10-03,LAD,COL,1.0,2.0,8.0,-375.0,300.0
2022-10-03,BOS,TBD,4.0,3.0,7.5,120.0,-143.0
2022-10-03,CHW,MIN,3.0,2.0,7.0,-113.0,-105.0
2022-10-03,CIN,CHC,3.0,1.0,7.5,-115.0,102.0
2022-10-03,CLE,KCR,2.0,5.0,6.5,-200.0,168.0
2022-10-03,PIT,STL,3.0,2.0,7.0,135.0,-157.0
2022-10-03,HOU,PHI,0.0,3.0,7.5,-122.0,105.0
2022-10-03,TEX,NYY,1.0,3.0,8.0,135.0,-158.0
2022-10-03,MIL,ARI,6.0,5.0,7.5,-275.0,225.0
2022-10-03,SDP,SFG,7.0,4.0,7.5,-180.0,155.0
2022-10-03,SEA,DET,3.0,4.0,7.0,-275.0,220.0
2022-10-03,OAK,ANA,5.0,4.0,7.5,145.0,-175.0
2022-10-03,FLA,ATL,4.0,0.0,7.0,136.0,-162.0
2022-10-04,BOS,TBD,6.0,0.0,7.5,-100.0,-115.0
2022-10-04,NYM,WSN,4.0,2.0,7.0,-303.0,250.0
2022-10-04,CHW,MIN,8.0,3.0,7.5,-140.0,120.0
2022-10-04,CIN,CHC,3.0,2.0,8.5,-103.0,-115.0
2022-10-04,CLE,KCR,5.0,3.0,7.0,-190.0,165.0
2022-10-04,FLA,ATL,1.0,2.0,8.0,150.0,-180.0
2022-10-04,LAD,COL,2.0,5.0,8.0,-360.0,300.0
2022-10-04,MIL,ARI,3.0,0.0,6.5,-100.0,-120.0
2022-10-04,PIT,STL,7.0,8.0,7.5,103.0,-117.0
2022-10-04,OAK,ANA,2.0,1.0,7.5,130.0,-148.0
2022-10-04,SDP,SFG,6.0,2.0,7.5,-150.0,130.0
2022-10-04,SEA,DET,7.0,6.0,,,
2022-10-04,TEX,NYY,4.0,5.0,7.0,-109.0,-105.0
2022-10-04,HOU,PHI,10.0,0.0,6.5,-235.0,200.0
2022-10-05,CIN,CHC,2.0,15.0,9.0,112.0,-127.0
2022-10-05,LAD,COL,6.0,1.0,7.5,-325.0,265.0
2022-10-05,BAL,TOR,5.0,4.0,7.0,-152.0,135.0
2022-10-05,BOS,TBD,6.0,3.0,8.0,-143.0,125.0
2022-10-05,CHW,MIN,1.0,10.0,7.5,-122.0,105.0
2022-10-05,FLA,ATL,12.0,9.0,7.5,-120.0,106.0
2022-10-05,PIT,STL,5.0,3.0,7.5,-124.0,110.0
2022-10-05,CLE,KCR,9.0,2.0,7.5,-180.0,155.0
2022-10-05,MIL,ARI,2.0,4.0,7.0,-175.0,145.0
2022-10-05,NYM,WSN,9.0,2.0,7.5,-152.0,130.0
2022-10-05,OAK,ANA,3.0,2.0,6.5,190.0,-222.0
2022-10-05,SDP,SFG,1.0,8.0,8.5,-140.0,120.0
2022-10-05,SEA,DET,5.0,4.0,7.5,-148.0,128.0
2022-10-05,HOU,PHI,3.0,2.0,7.5,-200.0,175.0
2022-10-05,TEX,NYY,4.0,2.0,8.0,-109.0,-107.0
2022-10-07,STL,PHI,3.0,6.0,6.5,-107.0,-106.0
2022-10-07,NYM,SDP,1.0,7.0,6.5,-167.0,138.0
2022-10-07,CLE,TBD,2.0,1.0,5.5,-122.0,105.0
2022-10-07,TOR,SEA,0.0,4.0,7.0,-130.0,110.0
2022-10-08,CLE,TBD,1.0,0.0,,,
2022-10-08,NYM,SDP,7.0,3.0,5.5,-180.0,155.0
2022-10-08,STL,PHI,0.0,2.0,6.5,105.0,-125.0
2022-10-08,TOR,SEA,9.0,10.0,7.5,-162.0,143.0
2022-10-09,NYM,SDP,0.0,6.0,6.5,-141.0,125.0
2022-10-11,NYY,CLE,4.0,1.0,7.0,-200.0,168.0
2022-10-11,ATL,PHI,6.0,7.0,7.5,-205.0,175.0
2022-10-11,LAD,SDP,5.0,3.0,7.5,-240.0,205.0
2022-10-11,HOU,SEA,8.0,7.0,6.5,-245.0,195.0
2022-10-12,ATL,PHI,3.0,0.0,7.5,-149.0,125.0
2022-10-12,LAD,SDP,3.0,5.0,,,
2022-10-13,HOU,SEA,4.0,2.0,6.5,-152.0,130.0
2022-10-14,PHI,ATL,9.0,1.0,7.0,104.0,-114.0
2022-10-14,SDP,LAD,2.0,1.0,7.5,110.0,-125.0
2022-10-14,NYY,CLE,2.0,4.0,6.0,-162.0,136.0
2022-10-15,SEA,HOU,0.0,1.0,7.0,-105.0,-115.0
2022-10-15,SDP,LAD,5.0,3.0,7.5,108.0,-124.0
2022-10-15,PHI,ATL,8.0,3.0,9.0,110.0,-128.0
2022-10-15,CLE,NYY,6.0,5.0,6.5,104.0,-118.0
2022-10-16,CLE,NYY,2.0,4.0,6.5,140.0,-160.0
2022-10-18,NYY,CLE,5.0,1.0,7.0,-178.0,150.0
2022-10-18,SDP,PHI,0.0,2.0,7.0,-118.0,-100.0
2022-10-19,SDP,PHI,8.0,5.0,7.0,-115.0,-102.0
2022-10-19,HOU,NYY,4.0,2.0,7.0,-189.0,160.0
2022-10-20,HOU,NYY,3.0,2.0,7.0,-142.0,122.0
2022-10-21,PHI,SDP,4.0,2.0,7.5,105.0,-124.0
2022-10-22,NYY,HOU,0.0,5.0,6.5,-148.0,128.0
2022-10-22,PHI,SDP,10.0,6.0,8.0,-118.0,102.0
2022-10-23,NYY,HOU,5.0,6.0,6.5,-121.0,105.0
2022-10-23,PHI,SDP,4.0,3.0,6.5,-140.0,120.0
2022-10-28,HOU,PHI,5.0,6.0,6.5,-165.0,140.0
2022-10-29,HOU,PHI,5.0,2.0,7.0,-148.0,125.0
2022-11-01,PHI,HOU,7.0,0.0,7.5,106.0,-124.0
2022-11-02,PHI,HOU,0.0,5.0,7.0,-115.0,-105.0
2022-11-03,PHI,HOU,2.0,3.0,7.5,130.0,-150.0
2022-11-05,HOU,PHI,4.0,1.0,7.0,-152.0,130.0
2023-03-30,BOS,BAL,9.0,10.0,8.5,-125.0,105.0
2023-03-30,WSN,ATL,2.0,7.0,7.5,210.0,-260.0
2023-03-30,TBD,DET,4.0,0.0,6.5,-240.0,195.0
2023-03-30,STL,TOR,9.0,10.0,7.5,-110.0,-110.0
2023-03-30,SEA,CLE,3.0,0.0,6.5,-120.0,100.0
2023-03-30,SDP,COL,2.0,7.0,7.0,-220.0,180.0
2023-03-30,OAK,ANA,2.0,1.0,7.0,175.0,-205.0
2023-03-30,TEX,PHI,11.0,7.0,6.5,-140.0,125.0
2023-03-30,FLA,NYM,3.0,5.0,7.0,113.0,-135.0
2023-03-30,LAD,ARI,8.0,2.0,7.0,-165.0,145.0
2023-03-30,KCR,MIN,0.0,2.0,9.0,139.0,-154.0
2023-03-30,HOU,CHW,2.0,3.0,7.5,-139.0,129.0
2023-03-30,CIN,PIT,4.0,5.0,8.0,-135.0,125.0
2023-03-30,CHC,MIL,4.0,0.0,6.5,120.0,-130.0
2023-03-30,NYY,SFG,5.0,0.0,6.5,-170.0,155.0
2023-03-31,SEA,CLE,4.0,9.0,7.5,-167.0,140.0
2023-03-31,SDP,COL,1.0,4.0,8.0,-200.0,170.0
2023-03-31,FLA,NYM,2.0,1.0,8.0,-105.0,-105.0
2023-03-31,HOU,CHW,6.0,3.0,8.0,-158.0,143.0
2023-03-31,LAD,ARI,1.0,2.0,7.5,-190.0,170.0
2023-04-01,SDP,COL,8.0,4.0,8.0,-240.0,210.0
2023-04-01,WSN,ATL,1.0,7.0,9.0,205.0,-250.0
2023-04-01,TEX,PHI,16.0,3.0,7.5,105.0,-125.0
2023-04-01,TBD,DET,12.0,2.0,7.0,-182.0,155.0
2023-04-01,STL,TOR,4.0,1.0,8.0,117.0,-127.0
2023-04-01,SEA,CLE,0.0,2.0,7.0,-133.0,123.0
2023-04-01,NYY,SFG,5.0,7.0,8.5,-136.0,126.0
2023-04-01,OAK,ANA,1.0,13.0,7.5,141.0,-170.0
2023-04-01,LAD,ARI,10.0,1.0,8.0,-270.0,220.0
2023-04-01,KCR,MIN,0.0,2.0,8.0,140.0,-165.0
2023-04-01,HOU,CHW,6.0,4.0,8.5,-134.0,124.0
2023-04-01,CIN,PIT,6.0,2.0,8.5,-150.0,135.0
2023-04-01,CHC,MIL,1.0,3.0,6.5,100.0,-120.0
2023-04-01,BOS,BAL,9.0,8.0,9.5,-155.0,130.0
2023-04-01,FLA,NYM,2.0,6.0,8.5,-105.0,-105.0
2023-04-02,NYY,SFG,6.0,0.0,8.0,-130.0,120.0
2023-04-02,WSN,ATL,4.0,1.0,8.5,144.0,-175.0
2023-04-02,TEX,PHI,2.0,1.0,8.5,-125.0,105.0
2023-04-02,TBD,DET,5.0,1.0,7.5,-278.0,230.0
2023-04-02,STL,TOR,9.0,4.0,7.5,-115.0,105.0
2023-04-02,SEA,CLE,5.0,6.0,8.0,-115.0,105.0
2023-04-02,SDP,COL,3.0,1.0,8.0,-205.0,185.0
2023-04-02,OAK,ANA,0.0,6.0,7.5,135.0,-150.0
2023-04-02,KCR,MIN,4.0,7.0,9.0,122.0,-145.0
2023-04-02,LAD,ARI,1.0,2.0,8.5,-185.0,165.0
2023-04-02,HOU,CHW,3.0,6.0,8.0,-145.0,122.0
2023-04-02,CIN,PIT,3.0,1.0,9.0,-128.0,118.0
2023-04-02,CHC,MIL,5.0,9.0,9.0,-125.0,115.0
2023-04-02,BOS,BAL,9.0,5.0,9.0,-141.0,120.0
2023-04-02,FLA,NYM,1.0,5.0,7.5,105.0,-115.0
2023-04-03,SDP,ARI,5.0,4.0,8.0,-135.0,125.0
2023-04-03,SEA,ANA,3.0,7.0,7.0,-132.0,122.0
2023-04-03,OAK,CLE,11.0,12.0,7.5,135.0,-150.0
2023-04-03,TEX,BAL,0.0,2.0,8.5,-133.0,123.0
2023-04-03,WSN,TBD,2.0,6.0,8.0,160.0,-175.0
2023-04-03,STL,ATL,4.0,8.0,8.5,108.0,-118.0
2023-04-03,MIL,NYM,10.0,0.0,8.5,-110.0,100.0
2023-04-03,NYY,PHI,8.0,1.0,7.5,-175.0,144.0
2023-04-03,LAD,COL,13.0,4.0,8.5,-225.0,185.0
2023-04-03,KCR,TOR,9.0,5.0,8.0,120.0,-130.0
2023-04-03,HOU,DET,6.0,7.0,8.0,-250.0,205.0
2023-04-03,CIN,CHC,7.0,6.0,9.0,103.0,-113.0
2023-04-03,CHW,SFG,3.0,12.0,8.0,-134.0,124.0
2023-04-03,BOS,PIT,6.0,7.0,9.5,-150.0,135.0
2023-04-03,FLA,MIN,1.0,11.0,8.0,112.0,-122.0
2023-04-04,FLA,MIN,1.0,0.0,7.0,-150.0,135.0
2023-04-04,TEX,BAL,2.0,7.0,8.5,-145.0,122.0
2023-04-04,STL,ATL,1.0,4.0,9.5,-132.0,122.0
2023-04-04,SEA,ANA,11.0,2.0,7.5,-170.0,150.0
2023-04-04,SDP,ARI,6.0,8.0,7.0,-150.0,135.0
2023-04-04,OAK,CLE,4.0,3.0,7.0,165.0,-185.0
2023-04-04,NYY,PHI,1.0,4.0,8.5,-155.0,140.0
2023-04-04,KCR,TOR,1.0,4.0,10.0,145.0,-175.0
2023-04-04,LAD,COL,5.0,2.0,7.5,-250.0,205.0
2023-04-04,WSN,TBD,6.0,10.0,9.0,141.0,-170.0
2023-04-04,HOU,DET,3.0,6.0,7.5,-280.0,240.0
2023-04-04,CIN,CHC,5.0,12.0,9.0,115.0,-135.0
2023-04-04,BOS,PIT,1.0,4.0,9.0,-145.0,133.0
2023-04-04,MIL,NYM,9.0,0.0,8.0,135.0,-150.0
2023-04-05,STL,ATL,2.0,5.0,9.0,-120.0,110.0
2023-04-05,SEA,ANA,3.0,4.0,7.0,155.0,-170.0
2023-04-05,WSN,TBD,2.0,7.0,8.5,225.0,-275.0
2023-04-05,TEX,BAL,5.0,2.0,7.5,-213.0,168.0
2023-04-05,OAK,CLE,4.0,6.0,8.0,115.0,-125.0
2023-04-05,NYY,PHI,4.0,2.0,6.5,-170.0,141.0
2023-04-05,FLA,MIN,5.0,2.0,7.0,105.0,-115.0
2023-04-05,KCR,TOR,0.0,3.0,8.5,160.0,-195.0
2023-04-05,HOU,DET,8.0,2.0,7.5,-250.0,205.0
2023-04-05,CHW,SFG,7.0,3.0,7.5,-135.0,115.0
2023-04-05,BOS,PIT,1.0,4.0,8.5,-155.0,130.0
2023-04-05,MIL,NYM,7.0,6.0,8.0,-130.0,120.0
2023-04-06,CHW,SFG,6.0,16.0,8.0,-115.0,105.0
2023-04-06,ARI,LAD,2.0,5.0,8.5,137.0,-163.0
2023-04-06,ATL,SDP,7.0,6.0,8.5,-160.0,134.0
2023-04-06,COL,WSN,1.0,0.0,11.0,-170.0,150.0
2023-04-06,DET,BOS,3.0,6.0,8.0,126.0,-136.0
2023-04-06,KCR,TOR,3.0,6.0,8.5,185.0,-225.0
2023-04-07,NYM,FLA,9.0,3.0,8.0,-170.0,150.0
2023-04-07,PHI,CIN,5.0,2.0,7.5,-185.0,165.0
2023-04-07,ARI,LAD,6.0,3.0,9.0,210.0,-250.0
2023-04-07,MIN,HOU,3.0,2.0,7.5,-126.0,116.0
2023-04-07,PIT,CHW,13.0,9.0,8.5,115.0,-125.0
2023-04-07,MIL,STL,4.0,0.0,8.5,-150.0,135.0
2023-04-07,ANA,TOR,3.0,4.0,9.0,-145.0,125.0
2023-04-07,CLE,SEA,3.0,5.0,7.5,-121.0,111.0
2023-04-07,CHC,TEX,2.0,0.0,6.5,-122.0,112.0
2023-04-07,BAL,NYY,7.0,6.0,8.5,110.0,-120.0
2023-04-07,ATL,SDP,4.0,5.0,9.5,-110.0,-110.0
2023-04-07,SFG,KCR,1.0,3.0,8.0,-215.0,175.0
2023-04-07,COL,WSN,5.0,10.0,11.5,-115.0,-105.0
2023-04-07,TBD,OAK,9.0,5.0,7.5,-275.0,225.0
2023-04-08,NYM,FLA,5.0,2.0,7.5,-173.0,158.0
2023-04-08,PHI,CIN,3.0,2.0,8.0,-145.0,122.0
2023-04-08,MIN,HOU,9.0,6.0,7.5,-110.0,100.0
2023-04-08,SFG,KCR,5.0,6.0,8.5,-150.0,126.0
2023-04-08,TBD,OAK,11.0,0.0,7.5,-300.0,250.0
2023-04-08,PIT,CHW,5.0,11.0,8.5,105.0,-125.0
2023-04-08,MIL,STL,0.0,6.0,9.0,145.0,-160.0
2023-04-08,BAL,NYY,1.0,4.0,8.5,116.0,-126.0
2023-04-08,COL,WSN,6.0,7.0,11.0,-145.0,133.0
2023-04-08,CLE,SEA,2.0,3.0,8.5,-134.0,124.0
2023-04-08,CHC,TEX,10.0,3.0,7.0,-125.0,105.0
2023-04-08,DET,BOS,5.0,14.0,8.5,132.0,-143.0
2023-04-08,ATL,SDP,1.0,4.0,9.0,-152.0,137.0
2023-04-08,ARI,LAD,12.0,8.0,9.5,135.0,-161.0
2023-04-08,ANA,TOR,9.0,5.0,9.5,-130.0,120.0
2023-04-09,TBD,OAK,11.0,0.0,8.0,-310.0,250.0
2023-04-09,SFG,KCR,3.0,1.0,8.5,-160.0,135.0
2023-04-09,PIT,CHW,1.0,0.0,9.0,-135.0,115.0
2023-04-09,PHI,CIN,4.0,6.0,8.5,-205.0,175.0
2023-04-09,NYM,FLA,2.0,7.0,8.0,-141.0,120.0
2023-04-09,MIN,HOU,1.0,5.0,8.0,100.0,-120.0
2023-04-09,MIL,STL,6.0,1.0,9.0,-150.0,135.0
2023-04-09,DET,BOS,1.0,4.0,8.5,112.0,-122.0
2023-04-09,COL,WSN,7.0,6.0,12.0,-145.0,122.0
2023-04-09,CLE,SEA,7.0,6.0,8.0,115.0,-125.0
2023-04-09,CHC,TEX,2.0,8.0,8.5,-110.0,-110.0
2023-04-09,BAL,NYY,3.0,5.0,7.5,122.0,-145.0
2023-04-09,ATL,SDP,2.0,10.0,9.0,-120.0,110.0
2023-04-09,ARI,LAD,11.0,6.0,9.5,115.0,-135.0
2023-04-09,ANA,TOR,11.0,12.0,10.0,-132.0,122.0
2023-04-10,TEX,KCR,11.0,2.0,8.5,-172.0,157.0
2023-04-10,TBD,BOS,1.0,0.0,8.5,-150.0,135.0
2023-04-10,SFG,LAD,1.0,9.0,7.5,143.0,-158.0
2023-04-10,PIT,HOU,2.0,8.0,8.0,148.0,-180.0
2023-04-10,PHI,FLA,15.0,3.0,8.0,120.0,-130.0
2023-04-10,NYM,SDP,5.0,0.0,7.5,-130.0,120.0
2023-04-10,MIN,CHW,3.0,4.0,7.0,125.0,-135.0
2023-04-10,COL,STL,7.0,4.0,11.5,125.0,-135.0
2023-04-10,CLE,NYY,3.0,2.0,7.5,-158.0,143.0
2023-04-10,CHC,SEA,3.0,2.0,9.0,135.0,-150.0
2023-04-10,BAL,OAK,5.0,1.0,8.0,-180.0,160.0
2023-04-10,ATL,CIN,5.0,4.0,8.5,-190.0,156.0
2023-04-10,ARI,MIL,3.0,0.0,9.0,-145.0,130.0
2023-04-10,ANA,WSN,4.0,6.0,10.0,-280.0,240.0
2023-04-11,TOR,DET,9.0,3.0,9.0,-280.0,230.0
2023-04-11,TEX,KCR,8.0,5.0,8.0,-300.0,240.0
2023-04-11,TBD,BOS,7.0,2.0,7.5,-170.0,150.0
2023-04-11,SFG,LAD,5.0,0.0,8.5,137.0,-152.0
2023-04-11,PIT,HOU,7.0,4.0,8.0,145.0,-175.0
2023-04-11,PHI,FLA,4.0,8.0,8.0,-145.0,125.0
2023-04-11,NYM,SDP,2.0,4.0,9.0,-141.0,120.0
2023-04-11,MIN,CHW,4.0,3.0,7.5,-175.0,145.0
2023-04-11,COL,STL,6.0,9.0,12.0,150.0,-170.0
2023-04-11,CLE,NYY,2.0,11.0,8.5,155.0,-185.0
2023-04-11,CHC,SEA,14.0,9.0,10.5,-120.0,100.0
2023-04-11,BAL,OAK,12.0,8.0,8.5,-200.0,170.0
2023-04-11,ATL,CIN,7.0,6.0,9.0,-230.0,190.0
2023-04-11,ARI,MIL,1.0,7.0,8.5,107.0,-117.0
2023-04-11,ANA,WSN,2.0,0.0,8.5,-300.0,250.0
2023-04-12,TEX,KCR,1.0,10.0,9.0,-167.0,145.0
2023-04-12,TBD,BOS,9.0,7.0,8.5,-135.0,115.0
2023-04-12,SFG,LAD,5.0,10.0,7.5,130.0,-155.0
2023-04-12,TOR,DET,4.0,3.0,9.0,-300.0,240.0
2023-04-12,PIT,HOU,0.0,7.0,9.5,142.0,-154.0
2023-04-12,PHI,FLA,2.0,3.0,8.5,-200.0,165.0
2023-04-12,NYM,SDP,5.0,2.0,9.0,-116.0,106.0
2023-04-12,BAL,OAK,4.0,8.0,9.0,-206.0,168.0
2023-04-12,COL,STL,4.0,7.0,13.0,145.0,-175.0
2023-04-12,CLE,NYY,3.0,4.0,9.5,-105.0,-115.0
2023-04-12,CHC,SEA,2.0,5.0,11.0,100.0,-110.0
2023-04-12,ATL,CIN,5.0,4.0,8.0,-275.0,225.0
2023-04-12,ARI,MIL,7.0,3.0,9.5,-131.0,121.0
2023-04-12,ANA,WSN,3.0,2.0,9.0,-165.0,140.0
2023-04-12,MIN,CHW,3.0,1.0,8.5,-150.0,135.0
2023-04-13,TOR,DET,1.0,3.0,9.5,-250.0,200.0
2023-04-13,TBD,BOS,9.0,3.0,8.0,-250.0,200.0
2023-04-13,STL,PIT,0.0,5.0,8.5,-265.0,215.0
2023-04-13,SDP,MIL,3.0,4.0,9.0,-150.0,135.0
2023-04-13,NYY,MIN,2.0,11.0,9.0,-140.0,120.0
2023-04-13,CIN,PHI,6.0,2.0,9.0,-115.0,-105.0
2023-04-13,BAL,OAK,8.0,7.0,10.0,-240.0,195.0
2023-04-14,TOR,TBD,6.0,3.0,9.0,112.0,-122.0
2023-04-14,STL,PIT,3.0,0.0,9.0,-162.0,136.0
2023-04-14,WSN,CLE,3.0,4.0,9.5,143.0,-158.0
2023-04-14,SDP,MIL,2.0,11.0,9.0,-175.0,150.0
2023-04-14,OAK,NYM,6.0,17.0,8.0,200.0,-220.0
2023-04-14,NYY,MIN,3.0,4.0,8.5,-175.0,150.0
2023-04-14,FLA,ARI,5.0,1.0,9.0,-155.0,140.0
2023-04-14,SEA,COL,5.0,3.0,8.5,-180.0,160.0
2023-04-14,KCR,ATL,3.0,10.0,9.0,120.0,-130.0
2023-04-14,HOU,TEX,2.0,6.0,8.5,-160.0,140.0
2023-04-14,DET,SFG,7.0,5.0,8.5,135.0,-150.0
2023-04-14,CIN,PHI,3.0,8.0,10.0,130.0,-150.0
2023-04-14,CHW,BAL,3.0,6.0,9.0,113.0,-123.0
2023-04-14,BOS,ANA,5.0,3.0,9.0,101.0,-111.0
2023-04-14,LAD,CHC,2.0,8.0,8.5,-153.0,138.0
2023-04-15,WSN,CLE,4.0,6.0,9.5,150.0,-175.0
2023-04-15,TOR,TBD,5.0,2.0,10.0,-120.0,110.0
2023-04-15,STL,PIT,3.0,6.0,9.0,-185.0,165.0
2023-04-15,SEA,COL,9.0,2.0,8.0,-240.0,195.0
2023-04-15,SDP,MIL,10.0,3.0,7.5,-140.0,130.0
2023-04-15,OAK,NYM,2.0,3.0,9.5,160.0,-180.0
2023-04-15,NYY,MIN,6.0,1.0,8.5,-150.0,126.0
2023-04-15,FLA,ARI,3.0,2.0,8.5,-120.0,110.0
2023-04-15,KCR,ATL,3.0,9.0,8.5,123.0,-133.0
2023-04-15,HOU,TEX,8.0,2.0,8.0,-182.0,155.0
2023-04-15,DET,SFG,7.0,6.0,9.0,130.0,-155.0
2023-04-15,CIN,PHI,13.0,0.0,9.5,100.0,-110.0
2023-04-15,CHW,BAL,7.0,6.0,9.0,-110.0,-110.0
2023-04-15,BOS,ANA,9.0,7.0,9.5,100.0,-120.0
2023-04-15,LAD,CHC,2.0,1.0,9.0,-145.0,125.0
2023-04-16,OAK,NYM,3.0,4.0,8.5,140.0,-155.0
2023-04-16,WSN,CLE,7.0,6.0,9.0,185.0,-225.0
2023-04-16,TOR,TBD,1.0,8.0,8.5,115.0,-135.0
2023-04-16,STL,PIT,5.0,4.0,8.5,-150.0,135.0
2023-04-16,SEA,COL,1.0,0.0,8.0,-300.0,250.0
2023-04-16,SDP,MIL,0.0,1.0,8.0,-170.0,155.0
2023-04-16,NYY,MIN,2.0,0.0,7.0,-160.0,134.0
2023-04-16,CHW,BAL,4.0,8.0,7.5,-125.0,115.0
2023-04-16,LAD,CHC,2.0,3.0,8.0,-240.0,195.0
2023-04-16,KCR,ATL,4.0,5.0,9.0,135.0,-150.0
2023-04-16,HOU,TEX,1.0,9.0,8.0,-220.0,180.0
2023-04-16,CIN,PHI,3.0,14.0,9.5,170.0,-200.0
2023-04-16,FLA,ARI,0.0,5.0,7.0,-128.0,118.0
2023-04-16,BOS,ANA,2.0,1.0,9.0,-111.0,101.0
2023-04-17,STL,ARI,3.0,6.0,8.5,-140.0,130.0
2023-04-17,SEA,MIL,3.0,7.0,7.5,125.0,-145.0
2023-04-17,SDP,ATL,0.0,2.0,8.5,125.0,-143.0
2023-04-17,OAK,CHC,1.0,10.0,8.0,115.0,-135.0
2023-04-17,FLA,SFG,4.0,3.0,7.5,-116.0,106.0
2023-04-17,LAD,NYM,6.0,8.0,8.5,-132.0,122.0
2023-04-17,KCR,TEX,0.0,4.0,7.5,180.0,-220.0
2023-04-17,HOU,TOR,9.0,2.0,8.0,105.0,-115.0
2023-04-17,COL,PIT,3.0,14.0,11.5,-135.0,125.0
2023-04-17,CIN,TBD,8.0,1.0,9.5,135.0,-150.0
2023-04-17,BOS,ANA,4.0,5.0,8.0,120.0,-130.0
2023-04-18,WSN,BAL,0.0,1.0,9.0,122.0,-145.0
2023-04-18,STL,ARI,7.0,8.0,8.0,-180.0,148.0
2023-04-18,SEA,MIL,5.0,6.0,8.0,-155.0,140.0
2023-04-18,SDP,ATL,1.0,8.0,7.5,122.0,-132.0
2023-04-18,OAK,CHC,0.0,4.0,7.5,165.0,-185.0
2023-04-18,NYY,ANA,2.0,5.0,9.5,-150.0,135.0
2023-04-18,FLA,SFG,4.0,2.0,8.5,-106.0,-104.0
2023-04-18,LAD,NYM,5.0,0.0,8.0,-150.0,135.0
2023-04-18,KCR,TEX,2.0,12.0,9.0,100.0,-120.0
2023-04-18,HOU,TOR,2.0,4.0,9.0,-115.0,-105.0
2023-04-18,DET,CLE,4.0,3.0,9.0,120.0,-130.0
2023-04-18,COL,PIT,3.0,5.0,13.0,-110.0,-110.0
2023-04-18,CIN,TBD,0.0,10.0,9.5,115.0,-125.0
2023-04-18,CHW,PHI,4.0,7.0,8.0,110.0,-130.0
2023-04-18,BOS,MIN,5.0,4.0,8.5,-105.0,-115.0
2023-04-19,WSN,BAL,0.0,4.0,8.5,130.0,-140.0
2023-04-19,STL,ARI,14.0,5.0,10.5,-205.0,185.0
2023-04-19,SEA,MIL,3.0,5.0,8.5,-135.0,115.0
2023-04-19,SDP,ATL,1.0,0.0,9.0,100.0,-120.0
2023-04-19,OAK,CHC,2.0,12.0,7.0,145.0,-160.0
2023-04-19,NYY,ANA,3.0,2.0,9.0,-130.0,120.0
2023-04-19,FLA,SFG,2.0,5.0,7.5,-105.0,-105.0
2023-04-19,HOU,TOR,8.0,1.0,9.0,-101.0,-109.0
2023-04-19,KCR,TEX,3.0,12.0,9.5,-110.0,100.0
2023-04-19,DET,CLE,2.0,3.0,8.0,122.0,-132.0
2023-04-19,COL,PIT,3.0,14.0,11.0,110.0,-125.0
2023-04-19,CIN,TBD,0.0,8.0,10.0,225.0,-275.0
2023-04-19,CHW,PHI,2.0,5.0,8.5,100.0,-120.0
2023-04-19,BOS,MIN,4.0,10.0,9.0,128.0,-138.0
2023-04-19,LAD,NYM,3.0,5.0,9.0,120.0,-130.0
2023-04-20,PIT,CIN,4.0,3.0,9.0,-167.0,145.0
2023-04-20,SFG,NYM,4.0,9.0,8.5,109.0,-119.0
2023-04-20,NYY,ANA,9.0,3.0,8.5,-150.0,135.0
2023-04-20,PHI,COL,0.0,5.0,9.0,-230.0,190.0
2023-04-20,CHC,LAD,2.0,6.0,11.5,-110.0,-110.0
2023-04-20,BOS,MIN,11.0,5.0,9.0,-120.0,100.0
2023-04-20,ARI,SDP,5.0,7.0,10.0,120.0,-141.0
2023-04-21,TEX,OAK,4.0,5.0,8.5,-250.0,200.0
2023-04-21,TBD,CHW,8.0,7.0,9.0,-180.0,160.0
2023-04-21,SFG,NYM,0.0,7.0,9.0,-110.0,100.0
2023-04-21,SEA,STL,5.0,2.0,8.0,-120.0,110.0
2023-04-21,PIT,CIN,4.0,2.0,8.5,-143.0,128.0
2023-04-21,NYY,TOR,1.0,6.0,8.5,-128.0,118.0
2023-04-21,PHI,COL,4.0,3.0,8.5,-300.0,240.0
2023-04-21,MIL,BOS,3.0,5.0,8.5,-165.0,145.0
2023-04-21,CHC,LAD,13.0,0.0,9.5,146.0,-178.0
2023-04-21,BAL,DET,2.0,1.0,9.0,-200.0,170.0
2023-04-21,ATL,HOU,4.0,6.0,8.5,-111.0,101.0
2023-04-21,ARI,SDP,9.0,0.0,9.0,100.0,-110.0
2023-04-21,ANA,KCR,2.0,0.0,8.5,-250.0,200.0
2023-04-21,MIN,WSN,2.0,3.0,7.5,-250.0,200.0
2023-04-22,PHI,COL,4.0,3.0,10.5,-167.0,157.0
2023-04-22,TEX,OAK,18.0,3.0,8.5,-260.0,210.0
2023-04-22,TBD,CHW,4.0,3.0,7.0,-200.0,170.0
2023-04-22,SFG,NYM,7.0,4.0,8.5,-120.0,110.0
2023-04-22,SEA,STL,5.0,4.0,7.5,-164.0,151.0
2023-04-22,PIT,CIN,2.0,1.0,9.0,-160.0,145.0
2023-04-22,NYY,TOR,3.0,2.0,7.0,-175.0,150.0
2023-04-22,MIL,BOS,5.0,4.0,8.5,-124.0,114.0
2023-04-22,CLE,FLA,1.0,6.0,8.0,-230.0,205.0
2023-04-22,CHC,LAD,4.0,9.0,8.5,105.0,-125.0
2023-04-22,BAL,DET,5.0,1.0,8.0,-180.0,148.0
2023-04-22,ATL,HOU,3.0,6.0,8.5,-112.0,102.0
2023-04-22,ARI,SDP,3.0,5.0,9.5,125.0,-143.0
2023-04-22,ANA,KCR,8.0,11.0,9.5,-175.0,150.0
2023-04-22,MIN,WSN,4.0,10.0,7.5,-320.0,260.0
2023-04-23,TEX,OAK,5.0,2.0,7.0,-385.0,300.0
2023-04-23,TBD,CHW,4.0,1.0,8.0,-185.0,165.0
2023-04-23,SFG,NYM,5.0,4.0,9.0,105.0,-125.0
2023-04-23,SEA,STL,3.0,7.0,9.0,-102.0,-108.0
2023-04-23,PIT,CIN,2.0,0.0,7.5,100.0,-110.0
2023-04-23,PHI,COL,9.0,3.0,8.5,-300.0,250.0
2023-04-23,NYY,TOR,1.0,5.0,8.5,117.0,-127.0
2023-04-23,CHC,LAD,3.0,7.0,7.5,122.0,-145.0
2023-04-23,MIL,BOS,5.0,12.0,8.0,-165.0,145.0
2023-04-23,CLE,FLA,7.0,4.0,7.5,-120.0,100.0
2023-04-23,BAL,DET,2.0,1.0,7.5,-165.0,150.0
2023-04-23,ATL,HOU,2.0,5.0,8.0,-135.0,115.0
2023-04-23,ARI,SDP,5.0,7.0,9.0,138.0,-153.0
2023-04-23,ANA,KCR,4.0,3.0,9.5,-220.0,180.0
2023-04-23,MIN,WSN,3.0,1.0,8.5,-260.0,220.0
2023-04-24,MIN,NYY,6.0,1.0,8.0,-158.0,132.0
2023-04-24,MIL,DET,2.0,4.0,8.5,-148.0,134.0
2023-04-24,TBD,HOU,8.0,3.0,8.5,-200.0,170.0
2023-04-24,SFG,STL,4.0,0.0,8.0,-110.0,100.0
2023-04-24,CLE,COL,0.0,6.0,8.0,-200.0,170.0
2023-04-24,TOR,CHW,5.0,2.0,9.0,-155.0,140.0
2023-04-24,BAL,BOS,5.0,4.0,8.5,104.0,-114.0
2023-04-24,ATL,FLA,11.0,0.0,7.5,-270.0,220.0
2023-04-24,ARI,KCR,5.0,4.0,10.0,-155.0,140.0
2023-04-24,ANA,OAK,10.0,11.0,10.5,-205.0,185.0
2023-04-24,CIN,TEX,7.0,6.0,8.0,100.0,-110.0
2023-04-25,TOR,CHW,7.0,0.0,9.0,-200.0,170.0
2023-04-25,TBD,HOU,0.0,5.0,7.5,-182.0,155.0
2023-04-25,SFG,STL,5.0,4.0,9.5,-110.0,100.0
2023-04-25,PIT,LAD,7.0,8.0,8.0,-105.0,-115.0
2023-04-25,PHI,SEA,3.0,5.0,9.0,-123.0,113.0
2023-04-25,NYM,WSN,0.0,5.0,8.5,-205.0,175.0
2023-04-25,MIL,DET,3.0,4.0,8.5,-170.0,150.0
2023-04-25,MIN,NYY,6.0,2.0,6.5,-125.0,115.0
2023-04-25,CIN,TEX,7.0,6.0,9.5,115.0,-125.0
2023-04-25,CHC,SDP,6.0,0.0,7.0,-110.0,100.0
2023-04-25,BAL,BOS,6.0,8.0,9.0,-160.0,134.0
2023-04-25,ATL,FLA,7.0,4.0,9.0,-245.0,215.0
2023-04-25,ARI,KCR,4.0,5.0,9.5,-143.0,125.0
2023-04-25,ANA,OAK,5.0,3.0,9.5,-170.0,150.0
2023-04-25,CLE,COL,1.0,5.0,8.0,-210.0,175.0
2023-04-26,NYM,WSN,1.0,4.0,8.5,-215.0,175.0
2023-04-26,TOR,CHW,8.0,0.0,10.0,-200.0,165.0
2023-04-26,TBD,HOU,0.0,1.0,8.5,-114.0,104.0
2023-04-26,SFG,STL,7.0,3.0,8.5,-110.0,-110.0
2023-04-26,PIT,LAD,8.0,1.0,8.5,130.0,-140.0
2023-04-26,PHI,SEA,6.0,5.0,8.5,105.0,-115.0
2023-04-26,MIN,NYY,6.0,12.0,7.5,-105.0,-105.0
2023-04-26,CIN,TEX,5.0,3.0,8.5,-110.0,-110.0
2023-04-26,CLE,COL,4.0,1.0,7.5,-175.0,155.0
2023-04-26,CHC,SDP,3.0,5.0,8.0,-112.0,102.0
2023-04-26,BAL,BOS,6.0,2.0,8.5,-125.0,115.0
2023-04-26,ATL,FLA,6.0,4.0,8.0,-139.0,129.0
2023-04-26,ARI,KCR,2.0,0.0,8.0,-270.0,220.0
2023-04-26,ANA,OAK,11.0,3.0,9.5,-250.0,200.0
2023-04-26,MIL,DET,6.0,2.0,8.0,-200.0,170.0
2023-04-27,TEX,NYY,2.0,4.0,8.0,160.0,-180.0
2023-04-27,SFG,STL,0.0,6.0,8.5,-155.0,140.0
2023-04-27,PIT,LAD,6.0,2.0,7.5,140.0,-155.0
2023-04-27,PHI,SEA,1.0,0.0,8.0,-108.0,-102.0
2023-04-27,NYM,WSN,9.0,8.0,8.5,-220.0,200.0
2023-04-27,DET,BAL,4.0,7.0,8.0,137.0,-152.0
2023-04-27,CHC,SDP,5.0,2.0,8.5,135.0,-150.0
2023-04-27,CHW,TBD,5.0,14.0,7.0,143.0,-158.0
2023-04-27,ATL,FLA,4.0,5.0,8.5,-168.0,153.0
2023-04-27,ANA,OAK,8.0,7.0,8.5,-300.0,250.0
2023-04-27,MIN,KCR,7.0,1.0,8.0,-210.0,170.0
2023-04-28,MIN,KCR,8.0,6.0,7.5,-275.0,225.0
2023-04-28,TOR,SEA,3.0,2.0,8.5,-110.0,100.0
2023-04-28,OAK,CIN,7.0,11.0,9.0,-105.0,-115.0
2023-04-28,NYM,ATL,0.0,4.0,7.5,120.0,-130.0
2023-04-28,MIL,ANA,2.0,1.0,9.0,-140.0,120.0
2023-04-28,TEX,NYY,5.0,2.0,7.0,-225.0,185.0
2023-04-28,LAD,STL,7.0,3.0,8.5,-132.0,122.0
2023-04-28,HOU,PHI,1.0,3.0,7.5,-150.0,126.0
2023-04-28,COL,ARI,1.0,9.0,11.0,105.0,-125.0
2023-04-28,CHW,TBD,2.0,3.0,8.5,135.0,-160.0
2023-04-28,BOS,CLE,2.0,5.0,9.0,115.0,-125.0
2023-04-28,FLA,CHC,3.0,2.0,7.5,105.0,-115.0
2023-04-29,WSN,PIT,3.0,6.0,9.5,130.0,-140.0
2023-04-29,TOR,SEA,1.0,0.0,9.0,-270.0,220.0
2023-04-29,TEX,NYY,2.0,0.0,8.5,-168.0,140.0
2023-04-29,SDP,SFG,16.0,11.0,15.5,-200.0,165.0
2023-04-29,OAK,CIN,2.0,3.0,8.0,130.0,-155.0
2023-04-29,MIN,KCR,2.0,3.0,8.0,-240.0,200.0
2023-04-29,MIL,ANA,7.0,5.0,8.0,-138.0,128.0
2023-04-29,FLA,CHC,7.0,6.0,9.0,-120.0,110.0
2023-04-29,LAD,STL,1.0,0.0,8.0,-150.0,130.0
2023-04-29,HOU,PHI,1.0,6.0,7.5,-130.0,120.0
2023-04-29,DET,BAL,7.0,4.0,7.5,-105.0,-105.0
2023-04-29,COL,ARI,4.0,11.0,12.0,-120.0,100.0
2023-04-29,CHW,TBD,3.0,12.0,9.5,125.0,-135.0
2023-04-29,BOS,CLE,8.0,7.0,9.0,-115.0,105.0
2023-04-30,TOR,SEA,8.0,10.0,9.5,-210.0,175.0
2023-04-30,TEX,NYY,15.0,2.0,8.0,106.0,-116.0
2023-04-30,WSN,PIT,7.0,2.0,8.5,130.0,-155.0
2023-04-30,OAK,CIN,5.0,4.0,8.0,126.0,-150.0
2023-04-30,MIN,KCR,8.0,4.0,7.5,-220.0,180.0
2023-04-30,MIL,ANA,0.0,3.0,9.5,-118.0,108.0
2023-04-30,SDP,SFG,6.0,4.0,19.5,-150.0,130.0
2023-04-30,LAD,STL,6.0,3.0,10.5,-137.0,127.0
2023-04-30,HOU,PHI,4.0,3.0,9.0,-160.0,145.0
2023-04-30,DET,BAL,3.0,5.0,8.5,130.0,-150.0
2023-04-30,COL,ARI,12.0,4.0,12.0,117.0,-127.0
2023-04-30,CHW,TBD,12.0,9.0,9.0,170.0,-200.0
2023-04-30,BOS,CLE,7.0,1.0,9.0,-118.0,108.0
2023-04-30,FLA,CHC,4.0,3.0,8.5,155.0,-175.0
2023-05-01,WSN,CHC,1.0,5.0,8.5,118.0,-128.0
2023-05-01,SDP,CIN,8.0,3.0,8.5,-220.0,180.0
2023-05-01,NYM,ATL,8.0,9.0,8.0,170.0,-200.0
2023-05-01,NYY,CLE,2.0,3.0,8.5,-120.0,110.0
2023-05-01,LAD,PHI,13.0,4.0,8.5,-174.0,159.0
2023-05-01,HOU,SFG,7.0,3.0,8.5,-200.0,170.0
2023-05-01,BOS,TOR,6.0,5.0,10.0,135.0,-160.0
2023-05-02,TEX,ARI,6.0,4.0,8.0,137.0,-152.0
2023-05-02,TBD,PIT,4.0,1.0,8.5,-158.0,143.0
2023-05-02,STL,ANA,1.0,5.0,8.5,-137.0,126.0
2023-05-02,WSN,CHC,4.0,1.0,8.5,125.0,-135.0
2023-05-02,SDP,CIN,1.0,2.0,8.5,-181.0,166.0
2023-05-02,OAK,SEA,1.0,2.0,8.0,115.0,-125.0
2023-05-02,NYY,CLE,4.0,2.0,7.0,-153.0,143.0
2023-05-02,HOU,SFG,0.0,2.0,8.0,-200.0,170.0
2023-05-02,LAD,PHI,13.0,1.0,8.0,-147.0,125.0
2023-05-02,KCR,BAL,7.0,11.0,8.5,160.0,-180.0
2023-05-02,COL,MIL,3.0,2.0,11.0,140.0,-165.0
2023-05-02,CHW,MIN,3.0,2.0,9.0,145.0,-175.0
2023-05-02,BOS,TOR,7.0,6.0,9.5,122.0,-132.0
2023-05-02,FLA,ATL,0.0,6.0,8.0,-117.0,107.0
2023-05-03,OAK,SEA,2.0,7.0,7.5,165.0,-185.0
2023-05-03,WSN,CHC,2.0,1.0,8.0,165.0,-185.0
2023-05-03,TEX,ARI,7.0,12.0,8.5,-125.0,105.0
2023-05-03,TBD,PIT,8.0,1.0,7.0,-215.0,180.0
2023-05-03,STL,ANA,4.0,6.0,7.5,115.0,-125.0
2023-05-03,SDP,CIN,7.0,1.0,8.5,-260.0,210.0
2023-05-03,NYY,CLE,4.0,3.0,7.5,110.0,-120.0
2023-05-03,FLA,ATL,6.0,14.0,8.5,120.0,-140.0
2023-05-03,LAD,PHI,10.0,6.0,9.0,-120.0,110.0
2023-05-03,KCR,BAL,6.0,0.0,9.0,130.0,-150.0
2023-05-03,HOU,SFG,2.0,4.0,7.5,-145.0,125.0
2023-05-03,DET,NYM,6.0,5.0,9.0,141.0,-170.0
2023-05-03,COL,MIL,7.0,1.0,12.0,-105.0,-115.0
2023-05-03,CHW,MIN,6.0,4.0,7.5,-125.0,115.0
2023-05-03,BOS,TOR,8.0,3.0,9.5,130.0,-155.0
2023-05-04,WSN,CHC,4.0,3.0,8.5,155.0,-175.0
2023-05-04,TBD,PIT,3.0,2.0,8.5,-185.0,165.0
2023-05-04,STL,ANA,7.0,11.0,8.5,-178.0,146.0
2023-05-04,OAK,SEA,3.0,5.0,8.5,200.0,-250.0
2023-05-04,FLA,ATL,3.0,6.0,8.5,-107.0,-103.0
2023-05-04,KCR,BAL,10.0,13.0,9.5,156.0,-190.0
2023-05-04,DET,NYM,2.0,0.0,7.5,150.0,-170.0
2023-05-04,COL,MIL,9.0,6.0,12.0,135.0,-150.0
2023-05-04,CHW,MIN,3.0,7.0,7.5,125.0,-145.0
2023-05-04,BOS,TOR,11.0,5.0,8.5,170.0,-200.0
2023-05-05,TBD,NYY,5.0,4.0,8.5,-182.0,155.0
2023-05-05,STL,DET,4.0,5.0,8.0,-230.0,190.0
2023-05-05,SFG,MIL,6.0,4.0,8.0,105.0,-125.0
2023-05-05,SEA,HOU,4.0,6.0,7.0,-135.0,115.0
2023-05-05,SDP,LAD,5.0,2.0,7.5,100.0,-110.0
2023-05-05,PHI,BOS,3.0,5.0,8.0,-165.0,139.0
2023-05-05,NYM,COL,1.0,0.0,8.0,-260.0,210.0
2023-05-05,PIT,TOR,0.0,4.0,9.0,140.0,-165.0
2023-05-05,CLE,MIN,0.0,2.0,8.5,105.0,-115.0
2023-05-05,CIN,CHW,4.0,5.0,8.5,-125.0,105.0
2023-05-05,CHC,FLA,4.0,1.0,9.0,-165.0,140.0
2023-05-05,ATL,BAL,4.0,9.0,8.5,-225.0,180.0
2023-05-05,ARI,WSN,3.0,1.0,9.0,-180.0,160.0
2023-05-05,ANA,TEX,5.0,4.0,9.5,-124.0,114.0
2023-05-05,KCR,OAK,8.0,12.0,10.0,-136.0,126.0
2023-05-06,TBD,NYY,2.0,3.0,7.5,-182.0,155.0
2023-05-06,STL,DET,5.0,6.0,9.0,-185.0,165.0
2023-05-06,SFG,MIL,4.0,1.0,8.5,-167.0,145.0
2023-05-06,SEA,HOU,7.0,5.0,8.5,105.0,-125.0
2023-05-06,SDP,LAD,1.0,2.0,8.5,-125.0,115.0
2023-05-06,PIT,TOR,2.0,8.0,8.5,115.0,-135.0
2023-05-06,PHI,BOS,4.0,7.0,9.0,-165.0,139.0
2023-05-06,NYM,COL,2.0,5.0,8.5,-220.0,185.0
2023-05-06,CLE,MIN,4.0,3.0,7.5,-107.0,-103.0
2023-05-06,CIN,CHW,5.0,3.0,9.5,-135.0,115.0
2023-05-06,CHC,FLA,4.0,2.0,9.0,-180.0,160.0
2023-05-06,ATL,BAL,5.0,4.0,8.0,-250.0,210.0
2023-05-06,ARI,WSN,8.0,7.0,9.5,-125.0,105.0
2023-05-06,ANA,TEX,1.0,10.0,8.0,-110.0,-110.0
2023-05-06,KCR,OAK,4.0,5.0,10.5,-169.0,154.0
2023-05-07,PHI,BOS,6.0,1.0,10.0,-125.0,105.0
2023-05-07,TBD,NYY,8.0,7.0,7.5,-105.0,-115.0
2023-05-07,STL,DET,12.0,6.0,9.5,-200.0,165.0
2023-05-07,SFG,MIL,3.0,7.0,9.0,-141.0,120.0
2023-05-07,SEA,HOU,3.0,1.0,8.5,-131.0,121.0
2023-05-07,PIT,TOR,1.0,10.0,9.0,120.0,-130.0
2023-05-07,NYM,COL,6.0,13.0,8.5,-200.0,170.0
2023-05-07,SDP,LAD,2.0,5.0,8.0,102.0,-112.0
2023-05-07,CLE,MIN,2.0,0.0,8.5,141.0,-170.0
2023-05-07,CIN,CHW,4.0,17.0,9.5,-118.0,108.0
2023-05-07,KCR,OAK,5.0,1.0,10.0,-105.0,-115.0
2023-05-07,CHC,FLA,4.0,5.0,7.5,-105.0,-115.0
2023-05-07,ATL,BAL,3.0,2.0,9.0,-155.0,140.0
2023-05-07,ARI,WSN,8.0,9.0,9.0,-150.0,130.0
2023-05-07,ANA,TEX,8.0,16.0,9.5,-126.0,116.0
2023-05-08,SFG,WSN,1.0,5.0,8.5,-230.0,190.0
2023-05-08,SEA,TEX,1.0,2.0,7.5,-175.0,150.0
2023-05-08,PIT,COL,2.0,0.0,8.5,-172.0,157.0
2023-05-08,NYY,OAK,7.0,2.0,8.5,-195.0,165.0
2023-05-08,MIL,LAD,9.0,3.0,8.5,-117.0,107.0
2023-05-08,KCR,CHW,12.0,5.0,8.5,112.0,-127.0
2023-05-08,CLE,DET,2.0,6.0,7.5,-200.0,170.0
2023-05-08,CHC,STL,1.0,3.0,7.5,-125.0,105.0
2023-05-08,BAL,TBD,0.0,3.0,8.5,160.0,-180.0
2023-05-08,ARI,FLA,5.0,2.0,8.5,-200.0,170.0
2023-05-08,ANA,HOU,6.0,4.0,9.0,110.0,-130.0
2023-05-09,SEA,TEX,5.0,0.0,7.5,-160.0,135.0
2023-05-09,SFG,WSN,4.0,1.0,8.5,-230.0,190.0
2023-05-09,PHI,TOR,8.0,4.0,9.0,-133.0,123.0
2023-05-09,NYY,OAK,10.0,5.0,9.0,-270.0,220.0
2023-05-09,MIN,SDP,1.0,6.0,9.0,-115.0,-105.0
2023-05-09,MIL,LAD,2.0,6.0,9.5,110.0,-120.0
2023-05-09,KCR,CHW,2.0,4.0,9.0,130.0,-150.0
2023-05-09,PIT,COL,1.0,10.0,8.5,-175.0,150.0
2023-05-09,CIN,NYM,7.0,6.0,11.0,145.0,-160.0
2023-05-09,CHC,STL,4.0,6.0,8.0,-120.0,100.0
2023-05-09,BAL,TBD,4.0,2.0,8.0,117.0,-127.0
2023-05-09,ATL,BOS,9.0,3.0,9.5,-196.0,156.0
2023-05-09,ARI,FLA,2.0,6.0,9.0,-107.0,-103.0
2023-05-09,ANA,HOU,1.0,3.0,7.5,-141.0,120.0
2023-05-09,CLE,DET,2.0,0.0,7.5,-200.0,170.0
2023-05-10,SFG,WSN,6.0,11.0,8.5,-157.0,142.0
2023-05-10,SEA,TEX,3.0,4.0,7.5,-185.0,165.0
2023-05-10,PIT,COL,3.0,4.0,8.5,-141.0,120.0
2023-05-10,PHI,TOR,2.0,1.0,8.5,-112.0,102.0
2023-05-10,MIN,SDP,4.0,3.0,8.5,-126.0,116.0
2023-05-10,MIL,LAD,1.0,8.0,8.0,145.0,-167.0
2023-05-10,KCR,CHW,9.0,1.0,9.5,130.0,-152.0
2023-05-10,NYY,OAK,11.0,3.0,9.5,-250.0,205.0
2023-05-10,CIN,NYM,1.0,2.0,9.0,139.0,-154.0
2023-05-10,CHC,STL,10.0,4.0,7.5,-105.0,-115.0
2023-05-10,BAL,TBD,2.0,1.0,9.5,100.0,-110.0
2023-05-10,ATL,BOS,2.0,5.0,9.5,-170.0,150.0
2023-05-10,ARI,FLA,4.0,5.0,8.5,-145.0,125.0
2023-05-10,ANA,HOU,4.0,5.0,9.5,110.0,-125.0
2023-05-10,CLE,DET,0.0,5.0,7.0,-110.0,-110.0
2023-05-11,OAK,TEX,0.0,4.0,8.5,220.0,-270.0
2023-05-11,NYY,TBD,2.0,8.0,8.5,-120.0,100.0
2023-05-11,MIN,SDP,5.0,3.0,8.0,117.0,-132.0
2023-05-11,KCR,CHW,4.0,3.0,9.0,-110.0,-110.0
2023-05-11,ARI,SFG,2.0,6.0,9.5,125.0,-145.0
2023-05-11,CIN,NYM,5.0,0.0,10.0,170.0,-200.0
2023-05-12,MIL,KCR,5.0,1.0,8.5,-275.0,225.0
2023-05-12,WSN,NYM,2.0,3.0,9.0,108.0,-118.0
2023-05-12,TOR,ATL,3.0,0.0,8.5,126.0,-150.0
2023-05-12,OAK,TEX,9.0,7.0,8.5,141.0,-170.0
2023-05-12,NYY,TBD,6.0,5.0,8.5,-182.0,155.0
2023-05-12,MIN,CHC,2.0,6.0,7.5,-160.0,135.0
2023-05-12,FLA,CIN,4.0,7.0,7.5,-140.0,120.0
2023-05-12,BOS,STL,6.0,8.0,11.0,-115.0,-105.0
2023-05-12,DET,SEA,2.0,9.0,8.5,105.0,-115.0
2023-05-12,COL,PHI,3.0,6.0,11.0,120.0,-130.0
2023-05-12,CLE,ANA,4.0,5.0,8.5,-135.0,115.0
2023-05-12,CHW,HOU,1.0,5.0,8.5,130.0,-150.0
2023-05-12,LAD,SDP,4.0,2.0,9.0,-130.0,108.0
2023-05-12,BAL,PIT,6.0,3.0,9.0,-150.0,135.0
2023-05-12,ARI,SFG,7.0,5.0,10.0,-105.0,-115.0
2023-05-13,WSN,NYM,3.0,2.0,9.0,130.0,-145.0
2023-05-13,TOR,ATL,5.0,2.0,9.5,-125.0,105.0
2023-05-13,OAK,TEX,0.0,5.0,9.0,157.0,-167.0
2023-05-13,NYY,TBD,9.0,8.0,8.0,130.0,-150.0
2023-05-13,MIN,CHC,11.0,1.0,7.5,-170.0,155.0
2023-05-13,MIL,KCR,4.0,3.0,9.0,-165.0,145.0
2023-05-13,FLA,CIN,5.0,6.0,7.5,-250.0,205.0
2023-05-13,LAD,SDP,4.0,2.0,8.5,-155.0,130.0
2023-05-13,DET,SEA,0.0,5.0,8.5,170.0,-200.0
2023-05-13,COL,PHI,4.0,7.0,11.5,120.0,-140.0
2023-05-13,CLE,ANA,8.0,6.0,8.0,105.0,-125.0
2023-05-13,CHW,HOU,3.0,1.0,8.5,-125.0,105.0
2023-05-13,BOS,STL,3.0,4.0,10.5,-135.0,115.0
2023-05-13,BAL,PIT,2.0,0.0,8.5,-179.0,150.0
2023-05-13,ARI,SFG,7.0,2.0,7.5,-175.0,150.0
2023-05-14,WSN,NYM,2.0,8.0,9.0,165.0,-200.0
2023-05-14,TOR,ATL,6.0,5.0,9.5,-115.0,-105.0
2023-05-14,OAK,TEX,3.0,11.0,9.0,134.0,-160.0
2023-05-14,NYY,TBD,7.0,8.0,9.0,115.0,-135.0
2023-05-14,MIN,CHC,16.0,3.0,7.5,-138.0,115.0
2023-05-14,MIL,KCR,9.0,6.0,9.5,-167.0,145.0
2023-05-14,FLA,CIN,3.0,1.0,8.5,-155.0,130.0
2023-05-14,COL,PHI,4.0,0.0,10.5,140.0,-165.0
2023-05-14,DET,SEA,5.0,3.0,8.5,156.0,-190.0
2023-05-14,CLE,ANA,4.0,3.0,7.5,-125.0,115.0
2023-05-14,CHW,HOU,3.0,4.0,7.5,115.0,-135.0
2023-05-14,BOS,STL,1.0,9.0,10.0,100.0,-110.0
2023-05-14,BAL,PIT,0.0,4.0,8.0,-105.0,-115.0
2023-05-14,ARI,SFG,2.0,1.0,8.5,120.0,-140.0
2023-05-14,LAD,SDP,4.0,0.0,9.5,-150.0,135.0
2023-05-15,WSN,NYM,10.0,3.0,10.0,134.0,-160.0
2023-05-15,TOR,NYY,4.0,7.0,9.5,-150.0,130.0
2023-05-15,TEX,ATL,0.0,12.0,9.0,150.0,-170.0
2023-05-15,STL,MIL,18.0,1.0,8.0,102.0,-112.0
2023-05-15,SFG,PHI,6.0,3.0,9.0,-115.0,-105.0
2023-05-15,SDP,KCR,4.0,0.0,9.0,-230.0,205.0
2023-05-15,OAK,ARI,2.0,5.0,9.0,180.0,-220.0
2023-05-15,HOU,CHC,6.0,4.0,7.5,-200.0,170.0
2023-05-15,COL,CIN,9.0,8.0,10.5,105.0,-125.0
2023-05-15,BOS,SEA,1.0,10.0,10.0,105.0,-125.0
2023-05-15,BAL,ANA,5.0,9.0,8.0,105.0,-115.0
2023-05-15,LAD,MIN,9.0,8.0,8.5,-120.0,100.0
2023-05-16,OAK,ARI,9.0,8.0,9.5,139.0,-165.0
2023-05-16,TEX,ATL,7.0,4.0,9.5,-105.0,-105.0
2023-05-16,STL,MIL,2.0,3.0,8.5,-180.0,160.0
2023-05-16,SFG,PHI,4.0,3.0,7.5,-105.0,-105.0
2023-05-16,TOR,NYY,3.0,6.0,8.0,-170.0,155.0
2023-05-16,SDP,KCR,4.0,5.0,8.5,-200.0,170.0
2023-05-16,NYM,TBD,5.0,8.0,9.0,-153.0,140.0
2023-05-16,COL,CIN,1.0,3.0,12.5,-135.0,115.0
2023-05-16,LAD,MIN,1.0,5.0,7.5,-200.0,170.0
2023-05-16,BAL,ANA,7.0,3.0,9.5,-150.0,126.0
2023-05-16,BOS,SEA,9.0,4.0,10.5,139.0,-165.0
2023-05-16,FLA,WSN,5.0,4.0,7.5,-165.0,140.0
2023-05-16,DET,PIT,4.0,0.0,9.0,-123.0,113.0
2023-05-16,HOU,CHC,7.0,3.0,7.5,-175.0,150.0
2023-05-16,CHW,CLE,8.0,3.0,8.5,105.0,-125.0
2023-05-17,TOR,NYY,3.0,0.0,8.0,105.0,-115.0
2023-05-17,TEX,ATL,5.0,6.0,7.5,130.0,-155.0
2023-05-17,STL,MIL,3.0,0.0,8.0,-117.0,107.0
2023-05-17,SFG,PHI,7.0,4.0,9.0,104.0,-114.0
2023-05-17,SDP,KCR,3.0,4.0,8.5,-280.0,230.0
2023-05-17,OAK,ARI,3.0,5.0,9.5,135.0,-150.0
2023-05-17,NYM,TBD,8.0,7.0,8.5,-124.0,114.0
2023-05-17,FLA,WSN,4.0,3.0,7.5,-125.0,115.0
2023-05-17,DET,PIT,0.0,8.0,7.5,-167.0,145.0
2023-05-17,COL,CIN,11.0,6.0,11.5,-113.0,-103.0
2023-05-17,CHW,CLE,7.0,2.0,9.0,-140.0,120.0
2023-05-17,BOS,SEA,12.0,3.0,9.5,-130.0,110.0
2023-05-17,BAL,ANA,3.0,1.0,8.5,-155.0,140.0
2023-05-17,LAD,MIN,7.0,3.0,8.5,-135.0,115.0
2023-05-17,HOU,CHC,7.0,6.0,8.5,-175.0,144.0
2023-05-18,NYM,TBD,3.0,2.0,9.0,-105.0,-115.0
2023-05-18,TOR,NYY,2.0,4.0,9.0,-141.0,120.0
2023-05-18,STL,LAD,16.0,8.0,9.0,130.0,-155.0
2023-05-18,FLA,WSN,5.0,3.0,8.0,-155.0,130.0
2023-05-18,BAL,ANA,5.0,6.0,8.5,-167.0,145.0
2023-05-18,CHW,CLE,1.0,3.0,7.5,-145.0,125.0
2023-05-19,WSN,DET,6.0,8.0,8.5,100.0,-110.0
2023-05-19,TOR,BAL,2.0,6.0,9.5,-160.0,135.0
2023-05-19,TEX,COL,7.0,2.0,9.5,-220.0,200.0
2023-05-19,TBD,MIL,1.0,0.0,8.0,-230.0,190.0
2023-05-19,STL,LAD,0.0,5.0,8.5,103.0,-113.0
2023-05-19,SDP,BOS,1.0,6.0,8.0,-150.0,130.0
2023-05-19,PIT,ARI,13.0,3.0,7.5,155.0,-182.0
2023-05-19,SFG,FLA,4.0,3.0,7.5,-125.0,105.0
2023-05-19,NYM,CLE,10.0,9.0,8.5,-137.0,127.0
2023-05-19,HOU,OAK,5.0,1.0,9.5,-265.0,215.0
2023-05-19,CIN,NYY,2.0,6.0,10.5,141.0,-170.0
2023-05-19,CHW,KCR,2.0,0.0,9.0,-135.0,115.0
2023-05-19,ATL,SEA,6.0,2.0,8.5,-143.0,132.0
2023-05-19,ANA,MIN,5.0,4.0,8.0,130.0,-140.0
2023-05-19,PHI,CHC,1.0,10.0,9.0,-127.0,117.0
2023-05-20,STL,LAD,6.0,5.0,9.0,-135.0,115.0
2023-05-20,WSN,DET,5.0,2.0,9.5,-120.0,100.0
2023-05-20,TOR,BAL,5.0,6.0,9.5,-131.0,121.0
2023-05-20,TEX,COL,11.0,5.0,8.5,-200.0,165.0
2023-05-20,TBD,MIL,8.0,4.0,8.5,-200.0,170.0
2023-05-20,SFG,FLA,0.0,1.0,7.5,-175.0,145.0
2023-05-20,SDP,BOS,2.0,4.0,7.5,-114.0,104.0
2023-05-20,PIT,ARI,3.0,4.0,8.5,-155.0,130.0
2023-05-20,PHI,CHC,12.0,3.0,9.0,-160.0,135.0
2023-05-20,HOU,OAK,3.0,2.0,8.5,-300.0,250.0
2023-05-20,CIN,NYY,4.0,7.0,10.5,128.0,-143.0
2023-05-20,CHW,KCR,5.0,1.0,9.0,-200.0,170.0
2023-05-20,ATL,SEA,3.0,7.0,9.5,-125.0,115.0
2023-05-20,ANA,MIN,2.0,6.0,9.0,-125.0,115.0
2023-05-21,WSN,DET,6.0,4.0,8.5,-130.0,120.0
2023-05-21,TOR,BAL,3.0,8.0,8.5,-200.0,170.0
2023-05-21,TEX,COL,13.0,3.0,9.0,-225.0,185.0
2023-05-21,TBD,MIL,4.0,6.0,8.0,-130.0,120.0
2023-05-21,STL,LAD,10.0,5.0,8.0,115.0,-135.0
2023-05-21,SFG,FLA,7.0,5.0,7.5,-135.0,115.0
2023-05-21,SDP,BOS,7.0,0.0,9.0,-185.0,153.0
2023-05-21,PHI,CHC,2.0,1.0,8.5,-117.0,107.0
2023-05-21,NYM,CLE,5.0,4.0,7.5,-155.0,130.0
2023-05-21,HOU,OAK,2.0,0.0,8.5,-400.0,300.0
2023-05-21,CIN,NYY,1.0,4.0,8.5,115.0,-135.0
2023-05-21,CHW,KCR,5.0,2.0,9.0,-175.0,144.0
2023-05-21,ATL,SEA,3.0,2.0,9.5,-115.0,-105.0
2023-05-21,ANA,MIN,4.0,2.0,8.0,-160.0,135.0
2023-05-21,PIT,ARI,3.0,8.0,8.5,108.0,-130.0
2023-05-22,MIN,SFG,1.0,4.0,8.5,-165.0,145.0
2023-05-22,TBD,TOR,6.0,4.0,9.0,100.0,-110.0
2023-05-22,SEA,OAK,11.0,2.0,8.0,-310.0,255.0
2023-05-22,PIT,TEX,6.0,4.0,9.0,125.0,-135.0
2023-05-22,PHI,ARI,3.0,6.0,9.0,-220.0,180.0
2023-05-22,MIL,HOU,2.0,12.0,7.5,-110.0,-110.0
2023-05-22,KCR,DET,5.0,8.0,8.5,-115.0,-105.0
2023-05-22,COL,FLA,5.0,3.0,11.5,100.0,-120.0
2023-05-22,CLE,CHW,3.0,0.0,8.5,-118.0,108.0
2023-05-22,CIN,STL,6.0,5.0,10.0,165.0,-185.0
2023-05-22,ATL,LAD,6.0,8.0,9.5,-156.0,133.0
2023-05-22,ANA,BOS,2.0,1.0,9.5,-110.0,-110.0
2023-05-23,WSN,SDP,4.0,7.0,8.0,132.0,-158.0
2023-05-23,TBD,TOR,1.0,20.0,8.5,-117.0,-103.0
2023-05-23,SEA,OAK,3.0,2.0,9.0,-220.0,185.0
2023-05-23,PIT,TEX,1.0,6.0,8.0,134.0,-160.0
2023-05-23,PHI,ARI,3.0,4.0,9.5,-155.0,130.0
2023-05-23,NYY,BAL,6.0,5.0,8.0,-170.0,150.0
2023-05-23,MIL,HOU,6.0,0.0,9.5,110.0,-130.0
2023-05-23,MIN,SFG,3.0,4.0,8.0,-155.0,130.0
2023-05-23,COL,FLA,5.0,4.0,11.5,108.0,-130.0
2023-05-23,CLE,CHW,2.0,4.0,8.5,-123.0,113.0
2023-05-23,CIN,STL,5.0,8.0,10.5,125.0,-145.0
2023-05-23,CHC,NYM,7.0,2.0,8.5,-112.0,102.0
2023-05-23,ATL,LAD,1.0,8.0,8.5,-200.0,170.0
2023-05-23,ANA,BOS,4.0,0.0,9.5,-105.0,-115.0
2023-05-23,KCR,DET,4.0,1.0,8.5,135.0,-150.0
2023-05-24,NYY,BAL,6.0,9.0,8.5,-139.0,129.0
2023-05-24,WSN,SDP,5.0,3.0,9.5,126.0,-150.0
2023-05-24,TBD,TOR,7.0,3.0,8.0,-175.0,155.0
2023-05-24,SEA,OAK,6.0,1.0,8.5,-300.0,240.0
2023-05-24,PIT,TEX,2.0,3.0,9.0,103.0,-113.0
2023-05-24,PHI,ARI,6.0,5.0,8.5,-105.0,-105.0
2023-05-24,MIN,SFG,7.0,1.0,7.5,-147.0,123.0
2023-05-24,KCR,DET,4.0,6.0,8.5,-116.0,106.0
2023-05-24,COL,FLA,2.0,10.0,10.5,145.0,-167.0
2023-05-24,CLE,CHW,0.0,6.0,8.0,-145.0,122.0
2023-05-24,CIN,STL,10.0,3.0,11.0,135.0,-160.0
2023-05-24,CHC,NYM,4.0,2.0,6.5,-115.0,-105.0
2023-05-24,ATL,LAD,4.0,3.0,9.5,-117.0,107.0
2023-05-24,ANA,BOS,7.0,3.0,9.5,-105.0,-115.0
2023-05-24,MIL,HOU,4.0,0.0,9.0,-110.0,-110.0
2023-05-25,DET,CHW,7.0,2.0,8.0,130.0,-150.0
2023-05-25,WSN,SDP,6.0,8.0,9.5,170.0,-200.0
2023-05-25,TBD,TOR,6.0,3.0,8.0,-175.0,150.0
2023-05-25,SEA,OAK,3.0,2.0,7.5,-250.0,210.0
2023-05-25,NYY,BAL,1.0,3.0,9.0,-140.0,117.0
2023-05-25,CIN,STL,1.0,2.0,9.5,105.0,-125.0
2023-05-25,COL,FLA,7.0,6.0,11.0,109.0,-119.0
2023-05-25,CHC,NYM,1.0,10.0,8.0,-110.0,-110.0
2023-05-25,ATL,PHI,8.0,5.0,9.5,-110.0,-110.0
2023-05-25,MIL,SFG,0.0,5.0,9.0,115.0,-135.0
2023-05-26,MIN,TOR,1.0,3.0,7.5,126.0,-150.0
2023-05-26,NYY,SDP,1.0,5.0,9.5,-105.0,-115.0
2023-05-26,MIL,SFG,1.0,15.0,8.0,-150.0,130.0
2023-05-26,SEA,PIT,6.0,11.0,7.0,-160.0,134.0
2023-05-26,TBD,LAD,9.0,3.0,9.5,-126.0,116.0
2023-05-26,OAK,HOU,2.0,5.0,8.5,230.0,-290.0
2023-05-26,KCR,WSN,10.0,12.0,9.5,-115.0,-105.0
2023-05-26,DET,CHW,3.0,12.0,8.5,130.0,-150.0
2023-05-26,COL,NYM,2.0,5.0,11.5,175.0,-210.0
2023-05-26,CLE,STL,4.0,3.0,8.0,-110.0,100.0
2023-05-26,CHC,CIN,0.0,9.0,6.5,-145.0,125.0
2023-05-26,BAL,TEX,2.0,12.0,9.0,-130.0,120.0
2023-05-26,ATL,PHI,4.0,6.0,10.0,-155.0,130.0
2023-05-26,ARI,BOS,2.0,7.0,8.5,110.0,-132.0
2023-05-26,ANA,FLA,2.0,6.0,8.5,-141.0,120.0
2023-05-27,TBD,LAD,5.0,6.0,8.0,-111.0,101.0
2023-05-27,SEA,PIT,5.0,0.0,7.5,-230.0,190.0
2023-05-27,OAK,HOU,3.0,6.0,8.5,275.0,-350.0
2023-05-27,NYY,SDP,3.0,2.0,8.5,-160.0,135.0
2023-05-27,MIN,TOR,9.0,7.0,8.0,-112.0,102.0
2023-05-27,MIL,SFG,1.0,3.0,7.5,-115.0,-105.0
2023-05-27,KCR,WSN,2.0,4.0,9.5,-114.0,104.0
2023-05-27,CHC,CIN,5.0,8.0,8.5,-170.0,155.0
2023-05-27,COL,NYM,10.0,7.0,11.0,170.0,-200.0
2023-05-27,CLE,STL,1.0,2.0,8.5,-105.0,-105.0
2023-05-27,BAL,TEX,3.0,5.0,8.5,-107.0,-103.0
2023-05-27,ATL,PHI,1.0,2.0,8.5,-130.0,110.0
2023-05-27,ARI,BOS,1.0,2.0,9.5,105.0,-125.0
2023-05-27,ANA,FLA,5.0,8.0,7.5,-200.0,180.0
2023-05-27,DET,CHW,7.0,3.0,8.5,-110.0,100.0
2023-05-28,MIN,TOR,0.0,3.0,8.5,-105.0,-115.0
2023-05-28,NYY,SDP,10.0,7.0,7.5,-126.0,116.0
2023-05-28,MIL,SFG,7.0,5.0,8.0,112.0,-122.0
2023-05-28,SEA,PIT,6.0,3.0,8.5,-140.0,130.0
2023-05-28,TBD,LAD,11.0,10.0,9.5,-123.0,113.0
2023-05-28,OAK,HOU,1.0,10.0,8.5,230.0,-280.0
2023-05-28,KCR,WSN,3.0,2.0,9.0,-115.0,-105.0
2023-05-28,CLE,STL,4.0,3.0,8.0,122.0,-145.0
2023-05-28,COL,NYM,11.0,10.0,13.0,117.0,-140.0
2023-05-28,DET,CHW,6.0,5.0,8.0,102.0,-112.0
2023-05-28,CHC,CIN,5.0,8.0,7.5,-170.0,150.0
2023-05-28,BAL,TEX,3.0,2.0,9.0,-150.0,130.0
2023-05-28,ATL,PHI,11.0,4.0,9.0,-250.0,210.0
2023-05-28,ARI,BOS,4.0,2.0,8.5,-124.0,114.0
2023-05-28,ANA,FLA,0.0,2.0,9.0,-130.0,110.0
2023-05-29,STL,KCR,0.0,7.0,9.5,-180.0,160.0
2023-05-29,SFG,PIT,14.0,4.0,8.5,-132.0,122.0
2023-05-29,SEA,NYY,4.0,10.0,7.5,-135.0,115.0
2023-05-29,OAK,ATL,7.0,2.0,9.0,210.0,-260.0
2023-05-29,LAD,WSN,6.0,1.0,9.0,-260.0,210.0
2023-05-29,HOU,MIN,5.0,7.0,8.0,-121.0,111.0
2023-05-29,DET,TEX,0.0,5.0,8.5,160.0,-180.0
2023-05-29,CHC,TBD,1.0,0.0,8.0,105.0,-125.0
2023-05-29,CHW,ANA,4.0,6.0,9.0,-140.0,117.0
2023-05-29,BAL,CLE,0.0,5.0,8.0,-134.0,124.0
2023-05-29,ARI,COL,7.0,5.0,9.5,-200.0,170.0
2023-05-30,TOR,MIL,7.0,2.0,9.0,-155.0,140.0
2023-05-30,STL,KCR,2.0,1.0,9.0,-200.0,170.0
2023-05-30,SFG,PIT,1.0,2.0,8.5,-155.0,140.0
2023-05-30,SEA,NYY,2.0,10.0,7.0,-145.0,125.0
2023-05-30,OAK,ATL,2.0,1.0,8.5,205.0,-250.0
2023-05-30,NYM,PHI,2.0,0.0,8.5,-150.0,130.0
2023-05-30,FLA,SDP,4.0,9.0,8.0,-140.0,117.0
2023-05-30,HOU,MIN,5.0,1.0,8.5,-115.0,-105.0
2023-05-30,DET,TEX,6.0,10.0,8.5,105.0,-125.0
2023-05-30,CHC,TBD,2.0,1.0,8.5,148.0,-180.0
2023-05-30,CHW,ANA,7.0,3.0,9.5,-145.0,130.0
2023-05-30,BOS,CIN,8.0,9.0,9.5,-170.0,141.0
2023-05-30,BAL,CLE,8.0,5.0,9.0,-140.0,117.0
2023-05-30,ARI,COL,5.0,1.0,8.5,-250.0,210.0
2023-05-30,LAD,WSN,9.0,3.0,8.5,-320.0,260.0
2023-05-31,CHC,TBD,3.0,4.0,8.5,120.0,-140.0
2023-05-31,SEA,NYY,1.0,0.0,7.5,-138.0,128.0
2023-05-31,OAK,ATL,2.0,4.0,9.5,200.0,-250.0
2023-05-31,NYM,PHI,4.0,1.0,9.0,110.0,-120.0
2023-05-31,FLA,SDP,2.0,1.0,8.5,102.0,-112.0
2023-05-31,LAD,WSN,6.0,10.0,9.5,-245.0,205.0
2023-05-31,CHW,ANA,5.0,12.0,9.0,-145.0,125.0
2023-05-31,DET,TEX,3.0,2.0,9.0,135.0,-160.0
2023-05-31,SFG,PIT,4.0,9.0,7.5,-114.0,104.0
2023-05-31,BOS,CIN,4.0,5.0,10.5,-165.0,145.0
2023-05-31,BAL,CLE,8.0,12.0,8.5,-105.0,-115.0
2023-05-31,ARI,COL,6.0,0.0,10.0,-160.0,135.0
2023-05-31,HOU,MIN,2.0,8.0,7.5,-185.0,165.0
2023-05-31,TOR,MIL,2.0,4.0,10.0,-150.0,126.0
2023-06-01,MIN,CLE,7.0,6.0,8.0,-141.0,120.0
2023-06-01,NYM,PHI,4.0,2.0,8.5,-180.0,160.0
2023-06-01,FLA,SDP,1.0,10.0,7.5,100.0,-120.0
2023-06-01,TOR,MIL,3.0,1.0,8.0,-185.0,155.0
2023-06-01,BOS,CIN,8.0,2.0,9.5,-170.0,145.0
2023-06-01,ARI,COL,5.0,4.0,9.5,-175.0,148.0
2023-06-01,HOU,ANA,5.0,2.0,9.0,-142.0,119.0
2023-06-02,WSN,PHI,8.0,7.0,9.0,160.0,-180.0
2023-06-02,TEX,SEA,2.0,0.0,7.5,-110.0,-110.0
2023-06-02,SFG,BAL,2.0,3.0,7.5,-165.0,139.0
2023-06-02,SDP,CHC,1.0,2.0,9.0,-182.0,155.0
2023-06-02,PIT,STL,7.0,5.0,9.5,129.0,-144.0
2023-06-02,MIN,CLE,1.0,0.0,8.0,-130.0,110.0
2023-06-02,NYM,TOR,0.0,3.0,8.5,-130.0,110.0
2023-06-02,LAD,NYY,8.0,4.0,8.0,-152.0,127.0
2023-06-02,KCR,COL,2.0,7.0,9.5,-125.0,105.0
2023-06-02,HOU,ANA,6.0,2.0,7.5,-130.0,110.0
2023-06-02,CIN,MIL,4.0,5.0,10.0,140.0,-165.0
2023-06-02,CHW,DET,3.0,0.0,9.0,-158.0,143.0
2023-06-02,ARI,ATL,3.0,2.0,9.0,102.0,-112.0
2023-06-02,FLA,OAK,4.0,0.0,8.5,-210.0,170.0
2023-06-03,MIN,CLE,2.0,4.0,7.0,-126.0,116.0
2023-06-03,TEX,SEA,16.0,6.0,8.5,-150.0,126.0
2023-06-03,SFG,BAL,4.0,0.0,7.5,-135.0,110.0
2023-06-03,WSN,PHI,2.0,4.0,8.5,-110.0,-110.0
2023-06-03,PIT,STL,4.0,3.0,9.5,125.0,-143.0
2023-06-03,NYM,TOR,1.0,2.0,8.5,118.0,-128.0
2023-06-03,FLA,OAK,12.0,1.0,8.0,-220.0,185.0
2023-06-03,SDP,CHC,6.0,0.0,8.0,-180.0,160.0
2023-06-03,KCR,COL,4.0,6.0,9.5,-150.0,135.0
2023-06-03,HOU,ANA,9.0,6.0,8.5,-165.0,145.0
2023-06-03,CIN,MIL,8.0,10.0,10.0,-105.0,-105.0
2023-06-03,CHW,DET,2.0,1.0,8.5,-155.0,140.0
2023-06-03,BOS,TBD,8.0,5.0,9.0,-117.0,107.0
2023-06-03,ARI,ATL,2.0,5.0,9.0,195.0,-240.0
2023-06-03,LAD,NYY,3.0,6.0,9.0,-110.0,-110.0
2023-06-04,WSN,PHI,3.0,11.0,9.0,128.0,-153.0
2023-06-04,TEX,SEA,12.0,3.0,8.0,-160.0,145.0
2023-06-04,SFG,BAL,3.0,8.0,8.0,-102.0,-108.0
2023-06-04,SDP,CHC,1.0,7.0,9.0,-105.0,-105.0
2023-06-04,PIT,STL,2.0,1.0,8.5,130.0,-150.0
2023-06-04,NYM,TOR,4.0,6.0,8.5,-141.0,120.0
2023-06-04,FLA,OAK,7.0,5.0,7.5,-240.0,195.0
2023-06-04,MIN,CLE,1.0,2.0,7.5,-135.0,125.0
2023-06-04,KCR,COL,2.0,0.0,9.0,-150.0,130.0
2023-06-04,HOU,ANA,1.0,2.0,9.0,-150.0,135.0
2023-06-04,CIN,MIL,1.0,5.0,9.5,-118.0,108.0
2023-06-04,CHW,DET,6.0,2.0,8.5,-170.0,141.0
2023-06-04,BOS,TBD,2.0,6.0,9.0,110.0,-120.0
2023-06-04,ARI,ATL,5.0,8.0,8.5,-130.0,110.0
2023-06-04,LAD,NYY,1.0,4.0,8.5,-178.0,146.0
2023-06-05,TOR,HOU,4.0,11.0,10.0,-115.0,-105.0
2023-06-05,TEX,STL,4.0,3.0,10.0,-145.0,125.0
2023-06-05,SDP,CHC,5.0,0.0,9.0,-175.0,145.0
2023-06-05,PIT,OAK,5.0,4.0,9.0,-185.0,153.0
2023-06-05,CIN,MIL,2.0,0.0,9.5,-115.0,105.0
2023-06-05,FLA,KCR,9.0,6.0,7.5,-165.0,140.0
2023-06-05,BOS,TBD,1.0,4.0,8.0,125.0,-145.0
2023-06-05,PHI,DET,8.0,3.0,8.5,-270.0,220.0
2023-06-06,SDP,SEA,1.0,4.0,7.5,-130.0,110.0
2023-06-06,TBD,MIN,7.0,0.0,7.5,-165.0,140.0
2023-06-06,PIT,OAK,2.0,11.0,8.5,-294.0,235.0
2023-06-06,TOR,HOU,5.0,1.0,8.0,-140.0,120.0
2023-06-06,WSN,ARI,5.0,10.0,10.0,115.0,-135.0
2023-06-06,TEX,STL,6.0,4.0,9.5,-135.0,125.0
2023-06-06,PHI,DET,1.0,0.0,9.0,-185.0,155.0
2023-06-06,NYY,CHW,2.0,3.0,8.0,-140.0,117.0
2023-06-06,MIL,BAL,4.0,3.0,8.5,-130.0,110.0
2023-06-06,FLA,KCR,6.0,1.0,7.5,-165.0,150.0
2023-06-06,COL,SFG,4.0,10.0,11.0,139.0,-165.0
2023-06-06,CLE,BOS,4.0,5.0,7.5,-105.0,-105.0
2023-06-06,CIN,LAD,9.0,8.0,10.5,160.0,-190.0
2023-06-06,ATL,NYM,6.0,4.0,10.5,-167.0,145.0
2023-06-06,ANA,CHC,7.0,4.0,9.5,-120.0,100.0
2023-06-07,WSN,ARI,2.0,6.0,10.0,100.0,-120.0
2023-06-07,TOR,HOU,3.0,2.0,9.0,-150.0,130.0
2023-06-07,TEX,STL,0.0,1.0,9.0,-135.0,115.0
2023-06-07,TBD,MIN,2.0,1.0,8.0,-112.0,102.0
2023-06-07,SDP,SEA,10.0,3.0,7.5,-110.0,100.0
2023-06-07,PIT,OAK,5.0,9.0,9.5,-190.0,156.0
2023-06-07,COL,SFG,4.0,5.0,11.0,190.0,-230.0
2023-06-07,FLA,KCR,6.0,1.0,8.0,-190.0,156.0
2023-06-07,CLE,BOS,5.0,2.0,7.5,-135.0,115.0
2023-06-07,CIN,LAD,8.0,6.0,11.0,135.0,-160.0
2023-06-07,ATL,NYM,7.0,5.0,9.5,-125.0,115.0
2023-06-07,ANA,CHC,6.0,2.0,9.0,-145.0,125.0
2023-06-07,MIL,BAL,10.0,2.0,8.0,-140.0,120.0
2023-06-08,PHI,DET,3.0,2.0,7.5,-250.0,200.0
2023-06-08,TOR,HOU,3.0,2.0,8.0,-105.0,-115.0
2023-06-08,TBD,MIN,4.0,2.0,8.0,-115.0,-105.0
2023-06-08,NYY,CHW,5.0,6.0,8.0,-133.0,123.0
2023-06-08,MIL,BAL,3.0,6.0,9.0,-110.0,-110.0
2023-06-08,CLE,BOS,10.0,3.0,8.5,-150.0,130.0
2023-06-08,CIN,LAD,0.0,6.0,9.5,200.0,-250.0
2023-06-08,ATL,NYM,13.0,10.0,8.5,-185.0,155.0
2023-06-08,ANA,CHC,3.0,1.0,9.0,-126.0,116.0
2023-06-08,COL,SFG,4.0,6.0,12.0,155.0,-175.0
2023-06-09,NYY,BOS,2.0,3.0,8.0,-160.0,135.0
2023-06-09,TOR,MIN,2.0,3.0,8.5,-119.0,109.0
2023-06-09,TBD,TEX,8.0,3.0,8.0,-155.0,140.0
2023-06-09,STL,CIN,7.0,4.0,8.0,-179.0,150.0
2023-06-09,SFG,CHC,2.0,3.0,8.0,-110.0,-110.0
2023-06-09,PIT,NYM,14.0,7.0,9.5,-110.0,100.0
2023-06-09,PHI,LAD,5.0,4.0,9.5,-101.0,-109.0
2023-06-09,COL,SDP,6.0,9.0,11.5,170.0,-200.0
2023-06-09,DET,ARI,6.0,11.0,8.0,125.0,-145.0
2023-06-09,CLE,HOU,10.0,9.0,8.0,-110.0,-110.0
2023-06-09,CHW,FLA,2.0,1.0,8.0,-126.0,106.0
2023-06-09,BAL,KCR,3.0,2.0,8.0,-185.0,165.0
2023-06-09,ATL,WSN,3.0,2.0,10.0,-200.0,170.0
2023-06-09,ANA,SEA,5.0,4.0,7.5,-120.0,100.0
2023-06-09,MIL,OAK,2.0,5.0,9.5,-260.0,210.0
2023-06-10,PIT,NYM,1.0,5.0,9.5,100.0,-120.0
2023-06-10,SFG,CHC,0.0,4.0,8.5,-170.0,155.0
2023-06-10,PHI,LAD,0.0,9.0,8.5,100.0,-120.0
2023-06-10,TBD,TEX,4.0,8.0,8.0,-110.0,100.0
2023-06-10,TOR,MIN,4.0,9.0,8.5,-128.0,118.0
2023-06-10,STL,CIN,4.0,8.0,9.0,-175.0,150.0
2023-06-10,NYY,BOS,3.0,1.0,9.0,-135.0,115.0
2023-06-10,DET,ARI,0.0,5.0,9.0,105.0,-125.0
2023-06-10,MIL,OAK,1.0,2.0,9.5,-180.0,148.0
2023-06-10,COL,SDP,2.0,3.0,12.5,120.0,-140.0
2023-06-10,CLE,HOU,4.0,6.0,8.0,-130.0,120.0
2023-06-10,CHW,FLA,1.0,5.0,8.5,-120.0,100.0
2023-06-10,BAL,KCR,6.0,1.0,9.5,-145.0,122.0
2023-06-10,ATL,WSN,6.0,4.0,9.5,-185.0,165.0
2023-06-10,ANA,SEA,2.0,6.0,9.0,-145.0,125.0
2023-06-11,TOR,MIN,7.0,6.0,7.5,-210.0,175.0
2023-06-11,TBD,TEX,7.0,3.0,8.5,-200.0,170.0
2023-06-11,STL,CIN,3.0,4.0,8.0,-115.0,-105.0
2023-06-11,SFG,CHC,13.0,3.0,8.5,-150.0,130.0
2023-06-11,PIT,NYM,2.0,1.0,8.5,-135.0,115.0
2023-06-11,PHI,LAD,7.0,3.0,10.5,117.0,-140.0
2023-06-11,NYY,BOS,2.0,3.0,8.5,-115.0,105.0
2023-06-11,COL,SDP,5.0,4.0,11.5,170.0,-200.0
2023-06-11,DET,ARI,5.0,7.0,8.5,190.0,-230.0
2023-06-11,CLE,HOU,5.0,0.0,8.0,-120.0,110.0
2023-06-11,CHW,FLA,5.0,6.0,8.0,-112.0,102.0
2023-06-11,BAL,KCR,11.0,3.0,9.0,-160.0,135.0
2023-06-11,ATL,WSN,2.0,6.0,9.5,-280.0,230.0
2023-06-11,ANA,SEA,9.0,4.0,8.5,100.0,-120.0
2023-06-11,MIL,OAK,6.0,8.0,8.0,-200.0,170.0
2023-06-12,SEA,FLA,8.0,1.0,7.5,-108.0,-102.0
2023-06-12,TEX,ANA,6.0,9.0,10.0,-160.0,135.0
2023-06-12,STL,SFG,3.0,4.0,8.0,112.0,-122.0
2023-06-12,KCR,CIN,4.0,5.0,8.5,-110.0,-110.0
2023-06-12,ARI,PHI,9.0,8.0,10.0,100.0,-120.0
2023-06-12,DET,ATL,6.0,5.0,9.0,210.0,-260.0
2023-06-12,BOS,COL,3.0,4.0,9.0,-245.0,200.0
2023-06-12,OAK,TBD,4.0,3.0,8.5,220.0,-270.0
2023-06-13,TEX,ANA,3.0,7.0,9.5,-130.0,115.0
2023-06-13,STL,SFG,3.0,11.0,9.0,-115.0,-105.0
2023-06-13,SEA,FLA,9.0,3.0,7.0,-155.0,130.0
2023-06-13,SDP,CLE,6.0,3.0,7.5,-180.0,148.0
2023-06-13,OAK,TBD,2.0,1.0,9.0,175.0,-210.0
2023-06-13,NYM,NYY,6.0,7.0,7.5,-165.0,139.0
2023-06-13,MIN,MIL,7.0,5.0,7.0,-128.0,118.0
2023-06-13,LAD,CHW,5.0,1.0,9.0,-200.0,170.0
2023-06-13,HOU,WSN,6.0,1.0,8.5,-270.0,220.0
2023-06-13,CHC,PIT,11.0,3.0,9.0,-124.0,114.0
2023-06-13,BOS,COL,6.0,7.0,9.0,-220.0,180.0
2023-06-13,BAL,TOR,11.0,6.0,9.0,105.0,-125.0
2023-06-13,ARI,PHI,3.0,15.0,9.0,121.0,-131.0
2023-06-13,KCR,CIN,4.0,5.0,10.0,100.0,-110.0
2023-06-14,NYM,NYY,4.0,3.0,7.5,-110.0,-110.0
2023-06-14,OAK,TBD,3.0,6.0,8.0,225.0,-275.0
2023-06-14,MIN,MIL,4.0,2.0,8.5,-155.0,140.0
2023-06-14,STL,SFG,5.0,8.0,8.5,-150.0,130.0
2023-06-14,TEX,ANA,6.0,3.0,9.0,-140.0,120.0
2023-06-14,SDP,CLE,5.0,0.0,8.5,-155.0,140.0
2023-06-14,LAD,CHW,4.0,8.0,8.0,-260.0,210.0
2023-06-14,SEA,FLA,1.0,4.0,6.5,-182.0,150.0
2023-06-14,HOU,WSN,5.0,4.0,7.5,-250.0,210.0
2023-06-14,DET,ATL,7.0,10.0,8.5,220.0,-270.0
2023-06-14,CHC,PIT,10.0,6.0,9.0,-150.0,130.0
2023-06-14,BOS,COL,6.0,3.0,9.5,-230.0,190.0
2023-06-14,KCR,CIN,4.0,7.0,9.5,100.0,-110.0
2023-06-14,BAL,TOR,1.0,3.0,8.5,100.0,-110.0
2023-06-14,ARI,PHI,3.0,4.0,8.0,-125.0,105.0
2023-06-15,TEX,ANA,3.0,5.0,8.0,-132.0,117.0
2023-06-15,SDP,CLE,6.0,8.0,9.0,-118.0,102.0
2023-06-15,OAK,TBD,3.0,4.0,8.5,175.0,-210.0
2023-06-15,MIN,DET,4.0,8.0,7.5,-210.0,175.0
2023-06-15,LAD,CHW,5.0,4.0,9.0,-145.0,122.0
2023-06-15,HOU,WSN,1.0,4.0,8.0,-200.0,170.0
2023-06-15,CHC,PIT,7.0,2.0,7.0,-150.0,130.0
2023-06-15,BAL,TOR,4.0,2.0,9.0,-115.0,105.0
2023-06-15,ATL,COL,8.0,3.0,9.0,-250.0,205.0
2023-06-15,ARI,PHI,4.0,5.0,9.0,120.0,-130.0
2023-06-16,WSN,FLA,5.0,6.0,8.0,122.0,-145.0
2023-06-16,TEX,TOR,1.0,2.0,9.0,130.0,-155.0
2023-06-16,SEA,CHW,3.0,2.0,7.0,-130.0,120.0
2023-06-16,SDP,TBD,2.0,6.0,7.5,-110.0,-110.0
2023-06-16,OAK,PHI,1.0,6.0,8.5,120.0,-140.0
2023-06-16,MIN,DET,1.0,7.0,7.5,-250.0,210.0
2023-06-16,MIL,PIT,5.0,4.0,8.5,-115.0,-105.0
2023-06-16,NYM,STL,6.0,1.0,9.0,100.0,-120.0
2023-06-16,KCR,ANA,0.0,3.0,9.0,126.0,-150.0
2023-06-16,HOU,CIN,1.0,2.0,8.5,-185.0,148.0
2023-06-16,CHC,BAL,10.0,3.0,8.5,-135.0,113.0
2023-06-16,BOS,NYY,15.0,5.0,10.0,-122.0,112.0
2023-06-16,ATL,COL,8.0,1.0,10.5,-250.0,200.0
2023-06-16,ARI,CLE,5.0,1.0,8.5,-190.0,156.0
2023-06-16,LAD,SFG,5.0,7.0,8.5,-130.0,110.0
2023-06-17,WSN,FLA,2.0,5.0,9.0,150.0,-170.0
2023-06-17,TEX,TOR,4.0,2.0,9.0,-115.0,-105.0
2023-06-17,SEA,CHW,3.0,4.0,7.0,-150.0,130.0
2023-06-17,SDP,TBD,2.0,0.0,8.5,-120.0,100.0
2023-06-17,OAK,PHI,2.0,3.0,9.5,150.0,-175.0
2023-06-17,NYM,STL,3.0,5.0,9.0,-150.0,135.0
2023-06-17,MIN,DET,2.0,0.0,9.0,-180.0,160.0
2023-06-17,MIL,PIT,5.0,0.0,8.5,100.0,-110.0
2023-06-17,KCR,ANA,10.0,9.0,10.0,140.0,-155.0
2023-06-17,HOU,CIN,3.0,10.0,8.0,-125.0,105.0
2023-06-17,CHC,BAL,3.0,2.0,8.0,-133.0,123.0
2023-06-17,ATL,COL,10.0,2.0,10.0,-300.0,240.0
2023-06-17,ARI,CLE,6.0,3.0,9.0,-110.0,-110.0
2023-06-17,LAD,SFG,0.0,15.0,8.5,-163.0,137.0
2023-06-18,MIN,DET,4.0,6.0,7.5,-188.0,160.0
2023-06-18,TEX,TOR,11.0,7.0,8.5,-150.0,126.0
2023-06-18,SEA,CHW,5.0,1.0,7.5,-155.0,130.0
2023-06-18,SDP,TBD,5.0,4.0,8.5,-150.0,135.0
2023-06-18,WSN,FLA,2.0,4.0,9.0,135.0,-160.0
2023-06-18,NYM,STL,7.0,8.0,9.5,-130.0,120.0
2023-06-18,MIL,PIT,5.0,2.0,8.5,-175.0,145.0
2023-06-18,OAK,PHI,2.0,3.0,7.5,180.0,-220.0
2023-06-18,KCR,ANA,2.0,5.0,9.0,100.0,-120.0
2023-06-18,HOU,CIN,7.0,9.0,9.0,-150.0,130.0
2023-06-18,CHC,BAL,3.0,6.0,9.0,-105.0,-105.0
2023-06-18,BOS,NYY,6.0,2.0,9.0,-105.0,-115.0
2023-06-18,ATL,COL,14.0,6.0,9.5,-300.0,250.0
2023-06-18,ARI,CLE,3.0,12.0,9.0,-110.0,-110.0
2023-06-18,LAD,SFG,3.0,7.0,8.5,-115.0,-105.0
2023-06-19,WSN,STL,6.0,8.0,9.5,126.0,-150.0
2023-06-19,SFG,SDP,7.0,4.0,8.0,100.0,-120.0
2023-06-19,PIT,CHC,0.0,8.0,9.0,105.0,-125.0
2023-06-19,MIN,BOS,3.0,9.0,7.5,-145.0,122.0
2023-06-19,MIL,ARI,1.0,9.0,7.5,-117.0,-103.0
2023-06-19,FLA,TOR,11.0,0.0,8.0,140.0,-155.0
2023-06-19,HOU,NYM,1.0,11.0,7.5,-115.0,105.0
2023-06-19,DET,KCR,6.0,4.0,9.0,-150.0,130.0
2023-06-19,CIN,COL,5.0,4.0,10.5,-170.0,150.0
2023-06-19,CHW,TEX,2.0,5.0,9.5,114.0,-136.0
2023-06-20,TBD,BAL,6.0,8.0,7.5,-170.0,155.0
2023-06-20,WSN,STL,3.0,9.0,8.0,122.0,-145.0
2023-06-20,PIT,CHC,0.0,4.0,8.0,122.0,-145.0
2023-06-20,PHI,ATL,2.0,4.0,8.5,135.0,-150.0
2023-06-20,NYY,SEA,3.0,1.0,7.0,-110.0,-110.0
2023-06-20,MIN,BOS,4.0,10.0,8.5,-125.0,105.0
2023-06-20,MIL,ARI,7.0,5.0,9.0,-125.0,105.0
2023-06-20,SFG,SDP,4.0,3.0,8.5,-105.0,-115.0
2023-06-20,HOU,NYM,4.0,2.0,7.5,-130.0,120.0
2023-06-20,DET,KCR,0.0,1.0,8.5,-145.0,122.0
2023-06-20,CLE,OAK,3.0,2.0,9.0,-250.0,210.0
2023-06-20,CIN,COL,8.0,6.0,10.0,-200.0,170.0
2023-06-20,CHW,TEX,7.0,6.0,8.5,141.0,-170.0
2023-06-20,ANA,LAD,0.0,2.0,8.5,120.0,-141.0
2023-06-20,FLA,TOR,0.0,2.0,7.5,-120.0,100.0
2023-06-21,WSN,STL,3.0,0.0,9.0,135.0,-160.0
2023-06-21,TBD,BAL,7.0,2.0,8.0,-140.0,130.0
2023-06-21,SFG,SDP,4.0,2.0,7.5,105.0,-115.0
2023-06-21,NYY,SEA,4.0,2.0,7.5,130.0,-150.0
2023-06-21,MIN,BOS,5.0,4.0,8.5,-114.0,104.0
2023-06-21,MIL,ARI,1.0,5.0,8.5,130.0,-150.0
2023-06-21,PIT,CHC,3.0,8.0,9.0,100.0,-120.0
2023-06-21,HOU,NYM,10.0,8.0,8.5,-145.0,122.0
2023-06-21,DET,KCR,9.0,4.0,8.5,-140.0,120.0
2023-06-21,CLE,OAK,7.0,6.0,8.0,-180.0,160.0
2023-06-21,CIN,COL,5.0,3.0,9.5,-220.0,180.0
2023-06-21,CHW,TEX,3.0,6.0,9.5,-110.0,100.0
2023-06-21,ANA,LAD,0.0,2.0,9.0,-150.0,130.0
2023-06-21,FLA,TOR,3.0,6.0,6.5,115.0,-125.0
2023-06-22,WSN,ARI,3.0,5.0,9.0,130.0,-155.0
2023-06-22,TBD,KCR,5.0,6.0,7.5,-345.0,270.0
2023-06-22,SFG,SDP,0.0,10.0,8.5,126.0,-150.0
2023-06-22,PHI,ATL,1.0,5.0,8.0,-125.0,105.0
2023-06-22,NYY,SEA,2.0,10.0,7.5,-110.0,-110.0
2023-06-22,FLA,PIT,6.0,4.0,7.0,-165.0,140.0
2023-06-22,CLE,OAK,6.0,1.0,7.5,-175.0,150.0
2023-06-22,MIN,BOS,6.0,0.0,9.0,-150.0,126.0
2023-06-23,NYY,TEX,2.0,4.0,8.5,-110.0,-110.0
2023-06-23,TOR,OAK,4.0,5.0,9.0,-315.0,255.0
2023-06-23,SFG,ARI,8.0,5.0,7.5,-175.0,145.0
2023-06-23,SDP,WSN,13.0,3.0,8.0,-280.0,240.0
2023-06-23,PHI,NYM,5.0,1.0,9.5,-115.0,-105.0
2023-06-23,FLA,PIT,1.0,3.0,7.5,-220.0,180.0
2023-06-23,TBD,KCR,11.0,3.0,7.5,-270.0,220.0
2023-06-23,DET,MIN,1.0,4.0,9.0,115.0,-125.0
2023-06-23,COL,ANA,7.0,4.0,12.0,130.0,-155.0
2023-06-23,CLE,MIL,1.0,7.0,7.5,-130.0,120.0
2023-06-23,CIN,ATL,11.0,10.0,11.5,136.0,-151.0
2023-06-23,CHW,BOS,1.0,3.0,8.5,115.0,-125.0
2023-06-23,LAD,HOU,3.0,2.0,8.5,-145.0,130.0
2023-06-23,BAL,SEA,1.0,13.0,8.5,-105.0,-115.0
2023-06-24,TOR,OAK,7.0,3.0,9.0,-275.0,225.0
2023-06-24,TBD,KCR,4.0,9.0,9.0,-250.0,200.0
2023-06-24,STL,CHC,1.0,9.0,13.5,110.0,-130.0
2023-06-24,SFG,ARI,7.0,6.0,8.0,-105.0,-111.0
2023-06-24,SDP,WSN,0.0,2.0,9.0,-175.0,157.0
2023-06-24,PHI,NYM,2.0,4.0,9.5,112.0,-122.0
2023-06-24,NYY,TEX,1.0,0.0,9.0,130.0,-155.0
2023-06-24,FLA,PIT,4.0,3.0,8.0,-170.0,145.0
2023-06-24,LAD,HOU,8.0,7.0,8.5,-182.0,155.0
2023-06-24,DET,MIN,3.0,2.0,7.5,140.0,-165.0
2023-06-24,COL,ANA,1.0,25.0,12.5,135.0,-150.0
2023-06-24,CLE,MIL,4.0,2.0,8.0,-120.0,100.0
2023-06-24,CIN,ATL,6.0,7.0,12.5,115.0,-135.0
2023-06-24,CHW,BOS,5.0,4.0,8.5,102.0,-112.0
2023-06-24,BAL,SEA,6.0,4.0,9.0,-120.0,100.0
2023-06-25,TOR,OAK,12.0,1.0,9.0,-300.0,240.0
2023-06-25,TBD,KCR,3.0,1.0,8.5,-300.0,240.0
2023-06-25,STL,CHC,7.0,5.0,12.0,130.0,-150.0
2023-06-25,SFG,ARI,2.0,5.0,9.0,-138.0,115.0
2023-06-25,PHI,NYM,7.0,6.0,9.5,-185.0,165.0
2023-06-25,NYY,TEX,5.0,3.0,8.0,-110.0,-110.0
2023-06-25,FLA,PIT,2.0,0.0,7.0,-175.0,148.0
2023-06-25,SDP,WSN,3.0,8.0,8.0,-200.0,170.0
2023-06-25,DET,MIN,3.0,6.0,7.5,105.0,-125.0
2023-06-25,COL,ANA,4.0,3.0,13.0,140.0,-155.0
2023-06-25,LAD,HOU,5.0,6.0,8.5,-135.0,110.0
2023-06-25,CLE,MIL,4.0,5.0,8.0,-110.0,-110.0
2023-06-25,CIN,ATL,6.0,7.0,11.5,185.0,-225.0
2023-06-25,CHW,BOS,4.0,1.0,10.0,100.0,-120.0
2023-06-25,BAL,SEA,3.0,2.0,8.0,105.0,-115.0
2023-06-26,TEX,DET,2.0,7.0,9.0,-200.0,170.0
2023-06-26,SEA,WSN,8.0,4.0,8.0,-250.0,200.0
2023-06-26,NYM,MIL,1.0,2.0,8.5,-170.0,150.0
2023-06-26,BAL,CIN,10.0,3.0,10.0,-130.0,110.0
2023-06-26,ATL,MIN,4.0,1.0,8.5,-230.0,190.0
2023-06-26,ANA,CHW,2.0,1.0,8.5,-125.0,105.0
2023-06-27,TEX,DET,8.0,3.0,9.5,-185.0,165.0
2023-06-27,STL,HOU,4.0,2.0,7.5,100.0,-110.0
2023-06-27,SEA,WSN,4.0,7.0,8.0,-250.0,205.0
2023-06-27,PIT,SDP,9.0,4.0,9.5,130.0,-150.0
2023-06-27,TOR,SFG,0.0,3.0,8.0,-200.0,170.0
2023-06-27,OAK,NYY,2.0,1.0,8.0,120.0,-130.0
2023-06-27,NYM,MIL,7.0,2.0,9.0,-145.0,122.0
2023-06-27,BOS,FLA,1.0,10.0,9.5,-130.0,110.0
2023-06-27,COL,LAD,0.0,5.0,11.0,240.0,-300.0
2023-06-27,CHC,PHI,1.0,5.0,8.0,118.0,-128.0
2023-06-27,BAL,CIN,1.0,3.0,8.0,-150.0,135.0
2023-06-27,ATL,MIN,6.0,2.0,9.0,-150.0,126.0
2023-06-27,ARI,TBD,8.0,4.0,8.5,-130.0,110.0
2023-06-27,ANA,CHW,4.0,2.0,8.5,-175.0,145.0
2023-06-27,KCR,CLE,1.0,2.0,9.0,117.0,-140.0
2023-06-28,OAK,NYY,0.0,11.0,7.0,130.0,-155.0
2023-06-28,TOR,SFG,6.0,1.0,8.5,-110.0,-110.0
2023-06-28,TEX,DET,10.0,2.0,9.0,-240.0,200.0
2023-06-28,STL,HOU,7.0,10.0,9.0,-125.0,105.0
2023-06-28,SEA,WSN,1.0,4.0,8.5,-270.0,220.0
2023-06-28,PIT,SDP,7.0,1.0,8.0,140.0,-165.0
2023-06-28,NYM,MIL,2.0,5.0,8.5,-150.0,130.0
2023-06-28,ATL,MIN,3.0,0.0,10.0,-155.0,140.0
2023-06-28,COL,LAD,9.0,8.0,12.0,170.0,-200.0
2023-06-28,CHC,PHI,5.0,8.0,8.5,120.0,-140.0
2023-06-28,BOS,FLA,2.0,6.0,9.0,124.0,-134.0
2023-06-28,BAL,CIN,7.0,11.0,9.5,-165.0,140.0
2023-06-28,ARI,TBD,2.0,3.0,9.5,130.0,-155.0
2023-06-28,ANA,CHW,5.0,11.0,9.0,-125.0,110.0
2023-06-28,KCR,CLE,1.0,14.0,9.0,125.0,-145.0
2023-06-29,TOR,SFG,2.0,1.0,9.5,-153.0,140.0
2023-06-29,TEX,DET,5.0,8.0,8.0,-155.0,130.0
2023-06-29,STL,HOU,0.0,14.0,10.0,100.0,-120.0
2023-06-29,PIT,SDP,5.0,4.0,8.5,170.0,-200.0
2023-06-29,OAK,NYY,4.0,10.0,8.0,155.0,-185.0
2023-06-29,NYM,MIL,2.0,3.0,8.5,-200.0,165.0
2023-06-29,KCR,CLE,4.0,3.0,9.0,130.0,-150.0
2023-06-29,CHC,PHI,1.0,3.0,9.5,-105.0,-115.0
2023-06-29,BOS,FLA,0.0,2.0,8.5,-115.0,105.0
2023-06-29,ARI,TBD,1.0,6.0,9.5,-125.0,105.0
2023-06-29,ANA,CHW,7.0,9.0,9.0,-140.0,120.0
2023-06-29,COL,LAD,3.0,14.0,12.0,170.0,-200.0
2023-06-30,TOR,BOS,0.0,5.0,9.0,-145.0,125.0
2023-06-30,TEX,HOU,3.0,5.0,8.5,-175.0,150.0
2023-06-30,SEA,TBD,4.0,15.0,7.5,120.0,-130.0
2023-06-30,PIT,MIL,8.0,7.0,8.5,115.0,-125.0
2023-06-30,PHI,WSN,1.0,2.0,9.5,-195.0,160.0
2023-06-30,NYM,SFG,4.0,5.0,9.0,120.0,-140.0
2023-06-30,OAK,CHW,7.0,4.0,9.0,150.0,-175.0
2023-06-30,COL,DET,8.0,5.0,11.0,100.0,-120.0
2023-06-30,CIN,SDP,7.0,5.0,10.5,122.0,-145.0
2023-06-30,CHC,CLE,10.0,1.0,8.5,-200.0,170.0
2023-06-30,BAL,MIN,1.0,8.0,8.5,-115.0,-105.0
2023-06-30,ATL,FLA,16.0,4.0,10.0,-185.0,165.0
2023-06-30,ANA,ARI,2.0,6.0,10.0,-158.0,143.0
2023-06-30,KCR,LAD,3.0,9.0,9.5,200.0,-250.0
2023-07-01,TOR,BOS,6.0,7.0,9.0,-163.0,148.0
2023-07-01,TEX,HOU,5.0,2.0,8.0,-128.0,118.0
2023-07-01,STL,NYY,11.0,4.0,9.0,-135.0,115.0
2023-07-01,SEA,TBD,8.0,3.0,7.0,-108.0,-108.0
2023-07-01,PIT,MIL,8.0,11.0,8.0,125.0,-135.0
2023-07-01,PHI,WSN,19.0,4.0,8.5,-220.0,180.0
2023-07-01,OAK,CHW,7.0,6.0,8.5,180.0,-220.0
2023-07-01,NYM,SFG,4.0,1.0,8.5,-150.0,126.0
2023-07-01,COL,DET,2.0,4.0,11.5,-110.0,-110.0
2023-07-01,CIN,SDP,5.0,12.0,12.0,135.0,-160.0
2023-07-01,CHC,CLE,0.0,6.0,7.0,-135.0,115.0
2023-07-01,BAL,MIN,0.0,1.0,8.5,-145.0,125.0
2023-07-01,ATL,FLA,7.0,0.0,9.0,-167.0,140.0
2023-07-01,ANA,ARI,1.0,3.0,10.0,-117.0,107.0
2023-07-01,KCR,LAD,6.0,4.0,9.0,200.0,-240.0
2023-07-02,PHI,WSN,4.0,5.0,9.0,-260.0,210.0
2023-07-02,TEX,HOU,3.0,5.0,9.5,-145.0,125.0
2023-07-02,TOR,BOS,4.0,5.0,8.0,-200.0,170.0
2023-07-02,STL,NYY,5.0,1.0,7.5,-110.0,-110.0
2023-07-02,SEA,TBD,7.0,6.0,7.5,-127.0,117.0
2023-07-02,PIT,MIL,3.0,6.0,8.5,-116.0,100.0
2023-07-02,OAK,CHW,7.0,8.0,9.0,100.0,-120.0
2023-07-02,ATL,FLA,6.0,3.0,8.5,-230.0,190.0
2023-07-02,KCR,LAD,9.0,1.0,9.5,155.0,-182.0
2023-07-02,COL,DET,9.0,14.0,11.5,-125.0,105.0
2023-07-02,CIN,SDP,4.0,3.0,11.0,-130.0,110.0
2023-07-02,CHC,CLE,6.0,8.0,7.5,-112.0,-108.0
2023-07-02,BAL,MIN,2.0,1.0,9.0,105.0,-115.0
2023-07-02,ANA,ARI,5.0,2.0,8.5,-125.0,105.0
2023-07-02,NYM,SFG,8.0,4.0,9.0,-138.0,115.0
2023-07-03,WSN,CIN,2.0,3.0,10.5,100.0,-110.0
2023-07-03,TEX,HOU,11.0,12.0,9.0,-140.0,130.0
2023-07-03,SFG,SEA,5.0,6.0,7.0,-128.0,118.0
2023-07-03,SDP,ANA,10.0,3.0,8.0,-200.0,170.0
2023-07-03,NYY,BAL,6.0,3.0,8.5,105.0,-115.0
2023-07-03,MIN,KCR,8.0,4.0,8.5,-225.0,185.0
2023-07-03,MIL,CHC,8.0,6.0,9.0,-103.0,-107.0
2023-07-03,FLA,STL,5.0,4.0,8.0,-143.0,125.0
2023-07-03,LAD,PIT,5.0,2.0,8.5,-180.0,150.0
2023-07-03,CLE,ATL,2.0,4.0,9.0,132.0,-158.0
2023-07-04,WSN,CIN,4.0,8.0,10.0,-106.0,-114.0
2023-07-04,TBD,PHI,1.0,3.0,8.0,-138.0,128.0
2023-07-04,SFG,SEA,0.0,6.0,8.0,-115.0,105.0
2023-07-04,SDP,ANA,8.0,5.0,7.5,-150.0,130.0
2023-07-04,NYY,BAL,8.0,4.0,9.0,-117.0,107.0
2023-07-04,MIN,KCR,9.0,3.0,9.0,-200.0,170.0
2023-07-04,FLA,STL,15.0,2.0,8.5,-180.0,160.0
2023-07-04,MIL,CHC,6.0,7.0,9.5,-110.0,-110.0
2023-07-04,HOU,COL,4.0,1.0,8.5,-185.0,165.0
2023-07-04,DET,OAK,0.0,1.0,8.0,-175.0,155.0
2023-07-04,CLE,ATL,6.0,5.0,9.0,120.0,-140.0
2023-07-04,CHW,TOR,3.0,4.0,8.0,111.0,-121.0
2023-07-04,BOS,TEX,2.0,6.0,10.5,-101.0,-119.0
2023-07-04,ARI,NYM,5.0,8.0,9.0,130.0,-150.0
2023-07-04,LAD,PIT,7.0,9.0,9.5,-275.0,225.0
2023-07-05,LAD,PIT,6.0,4.0,9.0,-270.0,220.0
2023-07-05,TBD,PHI,4.0,8.0,9.0,-125.0,105.0
2023-07-05,SFG,SEA,2.0,0.0,8.5,-175.0,150.0
2023-07-05,SDP,ANA,5.0,3.0,8.0,-180.0,160.0
2023-07-05,NYY,BAL,3.0,6.0,9.0,-115.0,-105.0
2023-07-05,MIN,KCR,5.0,0.0,8.0,-270.0,220.0
2023-07-05,MIL,CHC,3.0,4.0,8.0,125.0,-135.0
2023-07-05,DET,OAK,3.0,12.0,8.5,-225.0,185.0
2023-07-05,HOU,COL,6.0,4.0,9.0,-220.0,185.0
2023-07-05,WSN,CIN,2.0,9.0,9.5,-103.0,-107.0
2023-07-05,CLE,ATL,1.0,8.0,10.5,157.0,-192.0
2023-07-05,BOS,TEX,4.0,2.0,9.5,100.0,-110.0
2023-07-05,ARI,NYM,1.0,2.0,9.0,-105.0,-115.0
2023-07-05,FLA,STL,10.0,9.0,9.0,-110.0,100.0
2023-07-06,WSN,CIN,4.0,5.0,10.0,-123.0,113.0
2023-07-06,FLA,STL,0.0,3.0,8.0,-130.0,110.0
2023-07-06,TBD,PHI,1.0,3.0,9.5,-135.0,115.0
2023-07-06,NYY,BAL,1.0,14.0,8.5,110.0,-120.0
2023-07-06,LAD,PIT,5.0,2.0,8.0,-200.0,170.0
2023-07-06,MIL,CHC,6.0,5.0,8.0,-110.0,100.0
2023-07-06,DET,OAK,9.0,0.0,9.0,-175.0,145.0
2023-07-06,ARI,NYM,0.0,9.0,10.0,-145.0,125.0
2023-07-06,BOS,TEX,10.0,6.0,9.5,123.0,-147.0
2023-07-06,HOU,SEA,1.0,5.0,8.0,130.0,-140.0
2023-07-06,CLE,KCR,6.0,1.0,9.0,-230.0,190.0
2023-07-06,CHW,TOR,2.0,6.0,9.0,110.0,-125.0
2023-07-07,WSN,TEX,2.0,7.0,10.0,150.0,-175.0
2023-07-07,TBD,ATL,1.0,2.0,8.5,-105.0,-105.0
2023-07-07,SFG,COL,2.0,5.0,8.5,-200.0,170.0
2023-07-07,SDP,NYM,5.0,7.0,8.0,-120.0,100.0
2023-07-07,NYY,CHC,0.0,3.0,8.0,-161.0,135.0
2023-07-07,MIL,CIN,7.0,3.0,7.5,-122.0,112.0
2023-07-07,MIN,BAL,1.0,3.0,8.5,-160.0,145.0
2023-07-07,HOU,SEA,1.0,10.0,7.0,-107.0,-103.0
2023-07-07,DET,TOR,2.0,12.0,9.0,115.0,-125.0
2023-07-07,CLE,KCR,3.0,0.0,8.5,-185.0,165.0
2023-07-07,CHW,STL,8.0,7.0,8.0,-110.0,-110.0
2023-07-07,BOS,OAK,7.0,3.0,10.0,-230.0,190.0
2023-07-07,ARI,PIT,7.0,3.0,8.5,-220.0,180.0
2023-07-07,LAD,ANA,11.0,4.0,9.0,-175.0,155.0
2023-07-07,FLA,PHI,3.0,4.0,7.0,115.0,-135.0
2023-07-08,MIL,CIN,5.0,8.0,9.5,-130.0,110.0
2023-07-08,WSN,TEX,8.0,3.0,10.0,165.0,-200.0
2023-07-08,TBD,ATL,1.0,6.0,8.0,135.0,-160.0
2023-07-08,SFG,COL,5.0,3.0,8.5,-240.0,195.0
2023-07-08,SDP,NYM,3.0,1.0,8.5,-175.0,155.0
2023-07-08,NYY,CHC,6.0,3.0,8.5,-210.0,175.0
2023-07-08,MIN,BAL,2.0,6.0,8.0,-125.0,105.0
2023-07-08,FLA,PHI,5.0,3.0,7.0,-115.0,-105.0
2023-07-08,HOU,SEA,3.0,2.0,7.0,-133.0,123.0
2023-07-08,DET,TOR,2.0,0.0,8.0,190.0,-230.0
2023-07-08,CLE,KCR,10.0,6.0,8.5,-190.0,160.0
2023-07-08,CHW,STL,0.0,3.0,10.0,129.0,-139.0
2023-07-08,BOS,OAK,10.0,3.0,9.0,-270.0,220.0
2023-07-08,ARI,PIT,3.0,2.0,8.0,-135.0,115.0
2023-07-08,LAD,ANA,10.0,5.0,8.5,-150.0,130.0
2023-07-09,WSN,TEX,7.0,2.0,10.5,185.0,-225.0
2023-07-09,TBD,ATL,10.0,4.0,8.0,-125.0,105.0
2023-07-09,SFG,COL,1.0,0.0,8.0,-260.0,210.0
2023-07-09,SDP,NYM,6.0,2.0,8.0,-130.0,110.0
2023-07-09,NYY,CHC,4.0,7.0,8.5,-150.0,130.0
2023-07-09,MIN,BAL,2.0,15.0,9.0,-150.0,130.0
2023-07-09,MIL,CIN,1.0,0.0,9.0,-130.0,110.0
2023-07-09,FLA,PHI,7.0,3.0,7.0,-120.0,105.0
2023-07-09,DET,TOR,3.0,4.0,8.5,120.0,-140.0
2023-07-09,CLE,KCR,1.0,4.0,8.0,-225.0,185.0
2023-07-09,CHW,STL,3.0,4.0,9.5,-130.0,120.0
2023-07-09,BOS,OAK,4.0,3.0,9.5,-185.0,165.0
2023-07-09,ARI,PIT,2.0,4.0,9.0,-162.0,136.0
2023-07-09,HOU,SEA,1.0,3.0,8.0,115.0,-135.0
2023-07-14,PHI,SDP,3.0,8.0,9.5,100.0,-110.0
2023-07-14,TOR,ARI,7.0,2.0,9.0,-168.0,153.0
2023-07-14,TEX,CLE,12.0,4.0,8.5,-134.0,124.0
2023-07-14,STL,WSN,5.0,7.0,9.0,-200.0,170.0
2023-07-14,SEA,DET,4.0,5.0,7.0,-182.0,155.0
2023-07-14,PIT,SFG,4.0,6.0,9.0,110.0,-130.0
2023-07-14,OAK,MIN,4.0,5.0,8.5,170.0,-200.0
2023-07-14,COL,NYY,7.0,2.0,11.0,170.0,-200.0
2023-07-14,NYM,LAD,0.0,6.0,8.5,110.0,-120.0
2023-07-14,CIN,MIL,0.0,1.0,10.0,102.0,-112.0
2023-07-14,CHC,BOS,3.0,8.0,9.0,120.0,-130.0
2023-07-14,BAL,FLA,5.0,2.0,8.0,-135.0,115.0
2023-07-14,ATL,CHW,9.0,0.0,9.5,-275.0,225.0
2023-07-14,ANA,HOU,5.0,7.0,8.0,-145.0,125.0
2023-07-15,TOR,ARI,5.0,2.0,8.0,-120.0,100.0
2023-07-15,TEX,CLE,2.0,0.0,8.5,-160.0,145.0
2023-07-15,STL,WSN,9.0,6.0,9.0,-200.0,170.0
2023-07-15,SEA,DET,0.0,6.0,7.5,-210.0,175.0
2023-07-15,PIT,SFG,1.0,3.0,8.5,138.0,-168.0
2023-07-15,PHI,SDP,6.0,4.0,9.0,141.0,-170.0
2023-07-15,OAK,MIN,7.0,10.0,8.0,190.0,-230.0
2023-07-15,NYM,LAD,1.0,5.0,9.0,-120.0,100.0
2023-07-15,KCR,TBD,1.0,6.0,9.0,230.0,-280.0
2023-07-15,COL,NYY,3.0,6.0,12.0,140.0,-165.0
2023-07-15,CIN,MIL,0.0,3.0,9.0,-120.0,110.0
2023-07-15,CHC,BOS,10.0,4.0,9.0,-105.0,-115.0
2023-07-15,BAL,FLA,6.0,5.0,8.5,-115.0,105.0
2023-07-15,ATL,CHW,5.0,6.0,8.0,-320.0,260.0
2023-07-15,ANA,HOU,13.0,12.0,8.0,130.0,-150.0
2023-07-16,TOR,ARI,7.0,5.0,9.5,-165.0,140.0
2023-07-16,TEX,CLE,6.0,5.0,9.0,-131.0,121.0
2023-07-16,STL,WSN,8.0,4.0,9.0,-175.0,150.0
2023-07-16,SEA,DET,2.0,0.0,8.0,-175.0,150.0
2023-07-16,PIT,SFG,4.0,8.0,10.0,125.0,-145.0
2023-07-16,PHI,SDP,7.0,6.0,8.5,-150.0,135.0
2023-07-16,OAK,MIN,4.0,5.0,7.5,154.0,-186.0
2023-07-16,COL,NYY,8.0,7.0,11.0,185.0,-225.0
2023-07-16,KCR,TBD,8.0,4.0,9.0,190.0,-230.0
2023-07-16,CIN,MIL,3.0,4.0,11.0,-140.0,120.0
2023-07-16,CHC,BOS,5.0,11.0,9.0,-150.0,130.0
2023-07-16,BAL,FLA,5.0,4.0,8.5,-175.0,155.0
2023-07-16,ATL,CHW,1.0,8.0,9.5,-175.0,150.0
2023-07-16,ANA,HOU,8.0,9.0,10.5,106.0,-116.0
2023-07-16,NYM,LAD,2.0,1.0,8.5,-115.0,-105.0
2023-07-17,TEX,TBD,3.0,2.0,9.0,108.0,-130.0
2023-07-17,STL,FLA,6.0,4.0,8.5,-106.0,-114.0
2023-07-17,SEA,MIN,7.0,6.0,7.5,-154.0,129.0
2023-07-17,PIT,CLE,0.0,11.0,9.0,110.0,-125.0
2023-07-17,OAK,BOS,0.0,7.0,8.5,143.0,-158.0
2023-07-17,KCR,DET,2.0,3.0,9.5,120.0,-130.0
2023-07-17,CHC,WSN,5.0,7.0,9.5,-130.0,120.0
2023-07-17,BAL,LAD,4.0,6.0,9.5,-102.0,-108.0
2023-07-17,ANA,NYY,4.0,3.0,9.0,-134.0,124.0
2023-07-17,CIN,SFG,2.0,4.0,10.0,140.0,-155.0
2023-07-18,PHI,MIL,4.0,3.0,9.5,-195.0,165.0
2023-07-18,TOR,SDP,1.0,9.0,9.0,120.0,-130.0
2023-07-18,TEX,TBD,5.0,3.0,9.0,-135.0,115.0
2023-07-18,STL,FLA,5.0,2.0,8.5,-175.0,150.0
2023-07-18,SEA,MIN,3.0,10.0,7.0,-117.0,107.0
2023-07-18,PIT,CLE,1.0,10.0,8.5,-110.0,100.0
2023-07-18,OAK,BOS,3.0,0.0,9.0,160.0,-180.0
2023-07-18,NYM,CHW,11.0,10.0,8.5,-130.0,120.0
2023-07-18,KCR,DET,11.0,10.0,8.0,155.0,-170.0
2023-07-18,COL,HOU,4.0,3.0,12.0,185.0,-220.0
2023-07-18,CIN,SFG,10.0,11.0,11.0,117.0,-127.0
2023-07-18,CHC,WSN,17.0,3.0,9.0,-165.0,140.0
2023-07-18,BAL,LAD,3.0,10.0,9.5,-125.0,115.0
2023-07-18,ATL,ARI,13.0,16.0,10.5,-180.0,160.0
2023-07-18,ANA,NYY,5.0,1.0,9.0,-110.0,-110.0
2023-07-19,TOR,SDP,0.0,2.0,9.0,-120.0,110.0
2023-07-19,TEX,TBD,5.0,1.0,9.5,-125.0,105.0
2023-07-19,STL,FLA,6.0,4.0,8.5,-110.0,-110.0
2023-07-19,SEA,MIN,3.0,6.0,7.5,-150.0,130.0
2023-07-19,PIT,CLE,7.0,5.0,8.5,126.0,-137.0
2023-07-19,PHI,MIL,3.0,5.0,9.0,-145.0,125.0
2023-07-19,OAK,BOS,6.0,5.0,8.5,185.0,-225.0
2023-07-19,KCR,DET,2.0,3.0,8.5,130.0,-155.0
2023-07-19,COL,HOU,1.0,4.0,12.5,135.0,-160.0
2023-07-19,CIN,SFG,3.0,2.0,10.5,-110.0,-110.0
2023-07-19,CHC,WSN,8.0,3.0,9.5,-150.0,135.0
2023-07-19,BAL,LAD,8.0,5.0,9.0,125.0,-135.0
2023-07-19,ATL,ARI,3.0,5.0,10.0,-240.0,195.0
2023-07-19,ANA,NYY,7.0,3.0,9.0,122.0,-145.0
2023-07-19,NYM,CHW,5.0,1.0,9.0,-210.0,175.0
2023-07-20,PHI,MIL,0.0,4.0,8.5,-103.0,-107.0
2023-07-20,TOR,SDP,4.0,0.0,8.5,106.0,-116.0
2023-07-20,TBD,BAL,3.0,4.0,8.0,-169.0,155.0
2023-07-20,SEA,MIN,5.0,0.0,7.5,-120.0,110.0
2023-07-20,OAK,HOU,1.0,3.0,8.5,190.0,-230.0
2023-07-20,NYM,CHW,2.0,6.0,9.0,-160.0,145.0
2023-07-20,KCR,DET,0.0,3.0,9.0,119.0,-129.0
2023-07-20,CIN,SFG,5.0,1.0,9.5,-110.0,100.0
2023-07-20,CHC,STL,2.0,7.0,9.0,-113.0,103.0
2023-07-20,ATL,ARI,7.0,5.0,9.0,-200.0,170.0
2023-07-21,WSN,SFG,5.0,3.0,9.5,145.0,-165.0
2023-07-21,TEX,LAD,5.0,11.0,9.5,-125.0,115.0
2023-07-21,TBD,BAL,3.0,0.0,8.0,-155.0,130.0
2023-07-21,SEA,TOR,3.0,2.0,8.0,-110.0,-110.0
2023-07-21,OAK,HOU,4.0,6.0,7.5,190.0,-210.0
2023-07-21,NYY,KCR,5.0,4.0,8.5,-200.0,170.0
2023-07-21,MIL,ATL,4.0,6.0,9.5,105.0,-125.0
2023-07-21,MIN,CHW,9.0,4.0,8.0,-155.0,130.0
2023-07-21,DET,SDP,4.0,5.0,9.0,135.0,-160.0
2023-07-21,CLE,PHI,6.0,5.0,8.5,-102.0,-118.0
2023-07-21,CIN,ARI,9.0,6.0,11.0,-108.0,-102.0
2023-07-21,CHC,STL,4.0,3.0,8.0,-135.0,125.0
2023-07-21,BOS,NYM,4.0,5.0,9.5,-105.0,-105.0
2023-07-21,ANA,PIT,8.0,5.0,8.5,-185.0,165.0
2023-07-21,FLA,COL,1.0,6.0,8.5,-240.0,200.0
2023-07-22,MIN,CHW,3.0,2.0,8.0,-130.0,120.0
2023-07-22,WSN,SFG,10.0,1.0,8.5,170.0,-200.0
2023-07-22,TEX,LAD,3.0,16.0,9.5,125.0,-136.0
2023-07-22,TBD,BAL,5.0,6.0,7.5,-200.0,170.0
2023-07-22,SEA,TOR,9.0,8.0,7.5,120.0,-130.0
2023-07-22,NYY,KCR,5.0,2.0,8.0,-250.0,200.0
2023-07-22,MIL,ATL,4.0,3.0,9.5,120.0,-140.0
2023-07-22,OAK,HOU,4.0,1.0,8.0,170.0,-200.0
2023-07-22,DET,SDP,3.0,14.0,10.0,120.0,-140.0
2023-07-22,CLE,PHI,1.0,0.0,8.0,110.0,-125.0
2023-07-22,FLA,COL,3.0,4.0,8.5,-160.0,145.0
2023-07-22,CIN,ARI,4.0,2.0,11.0,105.0,-115.0
2023-07-22,CHC,STL,8.0,6.0,9.5,105.0,-125.0
2023-07-22,BOS,NYM,8.0,6.0,9.5,-120.0,110.0
2023-07-22,ANA,PIT,0.0,3.0,9.5,-185.0,155.0
2023-07-23,WSN,SFG,6.0,1.0,9.0,105.0,-115.0
2023-07-23,TEX,LAD,8.0,4.0,10.0,105.0,-115.0
2023-07-23,TBD,BAL,3.0,5.0,8.5,-145.0,133.0
2023-07-23,SEA,TOR,3.0,4.0,9.0,-147.0,123.0
2023-07-23,OAK,HOU,2.0,3.0,8.0,195.0,-225.0
2023-07-23,NYY,KCR,8.0,5.0,9.0,-200.0,170.0
2023-07-23,MIN,CHW,5.0,4.0,8.5,-150.0,135.0
2023-07-23,FLA,COL,3.0,2.0,7.5,-270.0,220.0
2023-07-23,DET,SDP,3.0,1.0,9.0,185.0,-222.0
2023-07-23,CLE,PHI,5.0,8.0,8.5,110.0,-130.0
2023-07-23,CIN,ARI,7.0,3.0,11.0,-105.0,-115.0
2023-07-23,CHC,STL,7.0,2.0,9.0,104.0,-114.0
2023-07-23,BOS,NYM,6.0,1.0,11.0,-130.0,120.0
2023-07-23,ANA,PIT,7.0,5.0,9.5,-125.0,105.0
2023-07-23,MIL,ATL,2.0,4.0,10.5,145.0,-160.0
2023-07-24,MIN,SEA,4.0,3.0,8.0,-110.0,100.0
2023-07-24,WSN,COL,6.0,10.0,9.5,-165.0,139.0
2023-07-24,SDP,PIT,4.0,8.0,8.5,-275.0,225.0
2023-07-24,PHI,BAL,2.0,3.0,9.5,-114.0,104.0
2023-07-24,MIL,CIN,3.0,2.0,9.5,-110.0,100.0
2023-07-24,LAD,TOR,3.0,6.0,9.0,-118.0,108.0
2023-07-24,HOU,TEX,10.0,9.0,8.5,-103.0,-107.0
2023-07-24,DET,SFG,5.0,1.0,9.0,-105.0,-105.0
2023-07-24,CLE,KCR,3.0,5.0,9.0,-215.0,180.0
2023-07-24,ARI,STL,6.0,10.0,10.0,-178.0,146.0
2023-07-25,WSN,COL,6.0,5.0,9.5,-135.0,115.0
2023-07-25,TBD,FLA,4.0,1.0,7.5,-200.0,170.0
2023-07-25,SFG,OAK,2.0,1.0,8.5,-265.0,215.0
2023-07-25,SDP,PIT,5.0,1.0,8.0,-280.0,230.0
2023-07-25,PHI,BAL,4.0,3.0,9.5,-125.0,115.0
2023-07-25,NYY,NYM,3.0,9.0,8.5,100.0,-110.0
2023-07-25,MIL,CIN,3.0,4.0,8.0,-163.0,137.0
2023-07-25,MIN,SEA,7.0,9.0,7.5,-125.0,110.0
2023-07-25,HOU,TEX,4.0,3.0,9.0,-130.0,120.0
2023-07-25,DET,ANA,6.0,7.0,8.0,-123.0,113.0
2023-07-25,CLE,KCR,5.0,1.0,9.0,-200.0,170.0
2023-07-25,CHW,CHC,3.0,7.0,9.5,-102.0,-108.0
2023-07-25,BOS,ATL,7.0,1.0,10.5,130.0,-140.0
2023-07-25,ARI,STL,3.0,1.0,9.0,-110.0,-110.0
2023-07-25,LAD,TOR,8.0,7.0,9.0,-147.0,125.0
2023-07-26,NYY,NYM,3.0,1.0,8.5,-133.0,123.0
2023-07-26,TBD,FLA,1.0,7.0,7.5,-177.0,145.0
2023-07-26,SFG,OAK,8.0,3.0,9.0,-230.0,190.0
2023-07-26,WSN,COL,5.0,4.0,9.5,-150.0,130.0
2023-07-26,PHI,BAL,6.0,4.0,9.5,-105.0,-105.0
2023-07-26,MIN,SEA,7.0,8.0,8.5,-160.0,135.0
2023-07-26,SDP,PIT,2.0,3.0,8.5,-190.0,160.0
2023-07-26,LAD,TOR,1.0,8.0,10.0,-130.0,110.0
2023-07-26,HOU,TEX,5.0,13.0,8.5,-170.0,155.0
2023-07-26,CLE,KCR,8.0,3.0,10.0,-200.0,170.0
2023-07-26,CHW,CHC,7.0,10.0,9.0,110.0,-120.0
2023-07-26,BOS,ATL,5.0,3.0,10.0,140.0,-165.0
2023-07-26,ARI,STL,7.0,11.0,8.5,-165.0,140.0
2023-07-26,MIL,CIN,3.0,0.0,9.0,-141.0,118.0
2023-07-27,STL,CHC,3.0,10.0,9.5,-110.0,100.0
2023-07-27,NYM,WSN,2.0,1.0,9.0,-220.0,180.0
2023-07-27,DET,ANA,0.0,6.0,8.5,109.0,-131.0
2023-07-27,CHW,CLE,3.0,6.0,7.5,100.0,-110.0
2023-07-28,TOR,ANA,4.0,1.0,8.5,-200.0,170.0
2023-07-28,STL,CHC,2.0,3.0,9.5,-158.0,132.0
2023-07-28,SFG,BOS,2.0,3.0,8.0,-139.0,128.0
2023-07-28,SDP,TEX,7.0,1.0,8.5,-170.0,145.0
2023-07-28,PIT,PHI,1.0,2.0,8.5,145.0,-160.0
2023-07-28,NYM,WSN,5.0,1.0,8.5,-188.0,155.0
2023-07-28,FLA,DET,6.0,5.0,7.5,-163.0,137.0
2023-07-28,HOU,TBD,3.0,4.0,8.5,100.0,-110.0
2023-07-28,KCR,MIN,8.0,5.0,10.0,143.0,-174.0
2023-07-28,COL,OAK,5.0,8.0,11.0,-118.0,108.0
2023-07-28,CHW,CLE,3.0,0.0,10.0,115.0,-135.0
2023-07-28,BAL,NYY,1.0,0.0,8.5,115.0,-125.0
2023-07-28,ATL,MIL,10.0,7.0,10.0,-170.0,155.0
2023-07-28,ARI,SEA,2.0,5.0,9.0,123.0,-133.0
2023-07-28,LAD,CIN,5.0,6.0,9.5,-222.0,185.0
2023-07-29,NYM,WSN,6.0,11.0,9.5,-170.0,150.0
2023-07-29,STL,CHC,1.0,5.0,10.0,102.0,-112.0
2023-07-29,SFG,BOS,3.0,2.0,8.5,100.0,-120.0
2023-07-29,SDP,TEX,4.0,0.0,9.0,-180.0,160.0
2023-07-29,PIT,PHI,7.0,6.0,9.0,161.0,-176.0
2023-07-29,TOR,ANA,6.0,1.0,9.5,-118.0,108.0
2023-07-29,FLA,DET,0.0,5.0,8.5,-160.0,134.0
2023-07-29,COL,OAK,3.0,11.0,12.0,-115.0,105.0
2023-07-29,KCR,MIN,10.0,7.0,9.5,165.0,-185.0
2023-07-29,HOU,TBD,17.0,4.0,8.5,-150.0,130.0
2023-07-29,CHW,CLE,7.0,2.0,9.5,117.0,-127.0
2023-07-29,BAL,NYY,3.0,8.0,9.5,-120.0,100.0
2023-07-29,ATL,MIL,11.0,5.0,10.0,-200.0,170.0
2023-07-29,ARI,SEA,4.0,3.0,9.5,-109.0,-111.0
2023-07-29,LAD,CIN,3.0,2.0,10.5,-180.0,160.0
2023-07-30,TOR,ANA,2.0,3.0,9.0,-188.0,173.0
2023-07-30,STL,CHC,3.0,0.0,9.0,-135.0,115.0
2023-07-30,SFG,BOS,4.0,3.0,8.0,-105.0,-105.0
2023-07-30,SDP,TEX,5.0,3.0,9.0,-200.0,170.0
2023-07-30,PIT,PHI,6.0,4.0,9.0,135.0,-150.0
2023-07-30,NYM,WSN,5.0,2.0,9.0,-240.0,210.0
2023-07-30,FLA,DET,8.0,6.0,7.0,-155.0,140.0
2023-07-30,KCR,MIN,2.0,1.0,9.0,150.0,-175.0
2023-07-30,HOU,TBD,2.0,8.0,9.0,-130.0,120.0
2023-07-30,COL,OAK,2.0,0.0,11.5,-120.0,110.0
2023-07-30,CHW,CLE,0.0,5.0,9.0,126.0,-137.0
2023-07-30,BAL,NYY,9.0,3.0,8.5,-152.0,139.0
2023-07-30,ATL,MIL,8.0,6.0,11.0,-200.0,170.0
2023-07-30,ARI,SEA,0.0,4.0,8.0,-110.0,-110.0
2023-07-30,LAD,CIN,0.0,9.0,9.5,-158.0,143.0
2023-07-31,SEA,BOS,6.0,2.0,7.5,-120.0,110.0
2023-07-31,WSN,MIL,5.0,3.0,8.5,175.0,-210.0
2023-07-31,TOR,BAL,2.0,4.0,9.0,-145.0,122.0
2023-07-31,SFG,ARI,3.0,4.0,8.5,-135.0,113.0
2023-07-31,FLA,PHI,2.0,4.0,8.5,-110.0,100.0
2023-07-31,HOU,CLE,7.0,3.0,9.5,-175.0,150.0
2023-07-31,COL,SDP,4.0,3.0,12.0,175.0,-210.0
2023-07-31,CHC,CIN,5.0,6.0,8.0,-125.0,115.0
2023-07-31,ATL,ANA,1.0,4.0,10.0,-225.0,185.0
2023-07-31,NYY,TBD,1.0,5.0,8.5,140.0,-165.0
2023-08-01,SEA,BOS,4.0,6.0,8.0,-110.0,-110.0
2023-08-01,WSN,MIL,4.0,6.0,8.5,145.0,-160.0
2023-08-01,TOR,BAL,3.0,13.0,8.5,-110.0,100.0
2023-08-01,TEX,CHW,2.0,0.0,9.5,-200.0,170.0
2023-08-01,STL,MIN,2.0,3.0,8.5,117.0,-127.0
2023-08-01,SFG,ARI,4.0,3.0,7.5,103.0,-113.0
2023-08-01,PIT,DET,4.0,1.0,9.0,-116.0,106.0
2023-08-01,FLA,PHI,1.0,3.0,7.5,-130.0,120.0
2023-08-01,LAD,OAK,7.0,3.0,9.0,-300.0,240.0
2023-08-01,KCR,NYM,7.0,6.0,9.5,125.0,-149.0
2023-08-01,HOU,CLE,2.0,0.0,7.5,-185.0,165.0
2023-08-01,COL,SDP,5.0,8.0,12.5,150.0,-175.0
2023-08-01,CHC,CIN,20.0,9.0,8.5,-167.0,145.0
2023-08-01,ATL,ANA,5.0,1.0,9.0,-250.0,210.0
2023-08-01,NYY,TBD,2.0,5.0,8.5,-102.0,-118.0
2023-08-02,SFG,ARI,4.0,2.0,8.0,-175.0,150.0
2023-08-02,SEA,BOS,6.0,3.0,8.0,-126.0,106.0
2023-08-02,STL,MIN,7.0,3.0,8.5,115.0,-125.0
2023-08-02,FLA,PHI,9.0,8.0,7.5,102.0,-112.0
2023-08-02,TOR,BAL,4.0,1.0,8.5,-125.0,115.0
2023-08-02,WSN,MIL,3.0,2.0,9.0,115.0,-125.0
2023-08-02,TEX,CHW,11.0,1.0,9.0,-157.0,142.0
2023-08-02,PIT,DET,3.0,6.0,8.5,111.0,-121.0
2023-08-02,KCR,NYM,4.0,0.0,9.0,135.0,-160.0
2023-08-02,LAD,OAK,10.0,1.0,9.5,-270.0,220.0
2023-08-02,HOU,CLE,3.0,2.0,8.5,-130.0,120.0
2023-08-02,COL,SDP,1.0,11.0,12.5,170.0,-200.0
2023-08-02,CHC,CIN,16.0,6.0,11.0,-160.0,135.0
2023-08-02,ATL,ANA,12.0,5.0,9.5,-170.0,155.0
2023-08-02,NYY,TBD,7.0,2.0,7.5,-120.0,100.0
2023-08-03,TOR,BAL,1.0,6.0,8.0,-175.0,150.0
2023-08-03,TEX,CHW,5.0,3.0,8.5,-320.0,260.0
2023-08-03,STL,MIN,3.0,5.0,8.5,130.0,-140.0
2023-08-03,SFG,ARI,1.0,0.0,8.5,-135.0,115.0
2023-08-03,NYY,HOU,4.0,3.0,8.5,100.0,-110.0
2023-08-03,LAD,OAK,8.0,2.0,8.5,-280.0,240.0
2023-08-03,FLA,PHI,2.0,4.0,8.5,108.0,-118.0
2023-08-03,KCR,NYM,9.0,2.0,9.5,-112.0,102.0
2023-08-03,CHC,CIN,5.0,3.0,10.0,-160.0,135.0
2023-08-03,ANA,SEA,3.0,5.0,8.0,-170.0,150.0
2023-08-03,MIL,PIT,14.0,1.0,8.5,-124.0,114.0
2023-08-04,NYY,HOU,3.0,7.0,9.0,160.0,-180.0
2023-08-04,PHI,KCR,5.0,7.0,9.5,-265.0,215.0
2023-08-04,MIN,ARI,3.0,2.0,8.0,-120.0,100.0
2023-08-04,STL,COL,4.0,9.0,9.5,-187.0,167.0
2023-08-04,TEX,FLA,6.0,2.0,8.5,-135.0,115.0
2023-08-04,SDP,LAD,5.0,10.0,8.5,-130.0,110.0
2023-08-04,MIL,PIT,4.0,8.0,9.0,-182.0,155.0
2023-08-04,CLE,CHW,4.0,2.0,8.5,-165.0,140.0
2023-08-04,DET,TBD,0.0,8.0,9.0,130.0,-140.0
2023-08-04,CIN,WSN,3.0,6.0,10.5,-182.0,155.0
2023-08-04,CHC,ATL,0.0,8.0,9.0,150.0,-170.0
2023-08-04,BOS,TOR,3.0,7.0,10.5,-165.0,140.0
2023-08-04,BAL,NYM,10.0,3.0,9.0,-150.0,135.0
2023-08-04,ANA,SEA,7.0,9.0,8.5,102.0,-112.0
2023-08-05,TEX,FLA,9.0,8.0,9.0,-144.0,121.0
2023-08-05,STL,COL,6.0,2.0,9.0,-250.0,205.0
2023-08-05,SDP,LAD,8.0,3.0,9.0,-165.0,145.0
2023-08-05,PHI,KCR,9.0,6.0,9.5,-225.0,195.0
2023-08-05,OAK,SFG,2.0,1.0,8.5,150.0,-170.0
2023-08-05,NYY,HOU,3.0,1.0,8.5,123.0,-133.0
2023-08-05,MIL,PIT,3.0,2.0,7.5,-260.0,220.0
2023-08-05,MIN,ARI,12.0,1.0,8.5,-160.0,135.0
2023-08-05,CIN,WSN,3.0,7.0,10.5,-225.0,195.0
2023-08-05,CHC,ATL,8.0,6.0,9.5,135.0,-149.0
2023-08-05,BOS,TOR,4.0,5.0,9.5,-105.0,-105.0
2023-08-05,BAL,NYM,7.0,3.0,9.5,-164.0,150.0
2023-08-05,ANA,SEA,2.0,3.0,9.0,114.0,-124.0
2023-08-05,DET,TBD,4.0,2.0,8.0,125.0,-147.0
2023-08-05,CLE,CHW,4.0,7.0,9.5,-140.0,125.0
2023-08-06,OAK,SFG,8.0,6.0,8.0,176.0,-216.0
2023-08-06,PHI,KCR,8.0,4.0,9.5,-210.0,175.0
2023-08-06,CHC,ATL,6.0,4.0,8.0,115.0,-125.0
2023-08-06,STL,COL,0.0,1.0,9.5,-200.0,170.0
2023-08-06,TEX,FLA,6.0,0.0,8.5,-115.0,-105.0
2023-08-06,NYY,HOU,7.0,9.0,9.5,-123.0,113.0
2023-08-06,SDP,LAD,2.0,8.0,9.5,100.0,-110.0
2023-08-06,MIN,ARI,5.0,3.0,8.5,135.0,-150.0
2023-08-06,BOS,TOR,1.0,13.0,10.0,-110.0,100.0
2023-08-06,DET,TBD,6.0,10.0,9.0,140.0,-155.0
2023-08-06,CLE,CHW,3.0,5.0,8.5,-139.0,128.0
2023-08-06,CIN,WSN,3.0,6.0,10.5,-165.0,145.0
2023-08-06,BAL,NYM,2.0,0.0,8.5,-200.0,170.0
2023-08-06,ANA,SEA,2.0,3.0,9.5,-125.0,105.0
2023-08-06,MIL,PIT,1.0,4.0,7.5,-210.0,175.0
2023-08-07,OAK,TEX,3.0,5.0,8.5,190.0,-230.0
2023-08-07,NYM,CHC,11.0,2.0,9.0,-112.0,102.0
2023-08-07,MIL,COL,12.0,1.0,8.5,-250.0,205.0
2023-08-07,DET,MIN,3.0,9.0,8.5,150.0,-170.0
2023-08-07,CHW,NYY,5.0,1.0,8.0,145.0,-165.0
2023-08-07,CIN,FLA,5.0,2.0,10.5,125.0,-135.0
2023-08-07,BOS,KCR,6.0,2.0,9.5,-190.0,170.0
2023-08-07,ANA,SFG,3.0,8.0,8.5,105.0,-115.0
2023-08-07,PIT,ATL,7.0,6.0,9.0,250.0,-300.0
2023-08-07,CLE,TOR,1.0,3.0,8.5,105.0,-125.0
2023-08-07,SDP,LAD,7.0,13.0,9.5,-135.0,125.0
2023-08-08,OAK,TEX,1.0,6.0,7.5,205.0,-250.0
2023-08-08,PHI,WSN,8.0,4.0,9.0,-280.0,230.0
2023-08-08,NYM,CHC,2.0,3.0,9.5,120.0,-130.0
2023-08-08,SEA,SDP,2.0,0.0,8.5,-113.0,103.0
2023-08-08,TBD,STL,4.0,2.0,8.5,-170.0,150.0
2023-08-08,PIT,ATL,6.0,8.0,10.0,147.0,-167.0
2023-08-08,MIL,COL,3.0,7.0,8.5,-200.0,170.0
2023-08-08,CIN,FLA,2.0,3.0,10.0,127.0,-142.0
2023-08-08,CLE,TOR,1.0,0.0,8.0,112.0,-122.0
2023-08-08,ANA,SFG,7.0,5.0,9.0,-108.0,-102.0
2023-08-08,ARI,LAD,4.0,5.0,9.5,135.0,-150.0
2023-08-08,BAL,HOU,6.0,7.0,8.5,110.0,-120.0
2023-08-08,DET,MIN,6.0,0.0,7.5,100.0,-110.0
2023-08-08,CHW,NYY,1.0,7.0,9.0,135.0,-160.0
2023-08-08,BOS,KCR,3.0,9.0,9.5,-182.0,155.0
2023-08-09,TBD,STL,4.0,6.0,9.0,-178.0,146.0
2023-08-09,SEA,SDP,6.0,1.0,8.5,135.0,-160.0
2023-08-09,PIT,ATL,5.0,6.0,9.5,250.0,-300.0
2023-08-09,PHI,WSN,7.0,0.0,9.0,-180.0,160.0
2023-08-09,OAK,TEX,2.0,0.0,8.5,225.0,-275.0
2023-08-09,NYM,CHC,4.0,3.0,9.0,102.0,-112.0
2023-08-09,MIL,COL,7.0,6.0,9.5,-230.0,190.0
2023-08-09,DET,MIN,9.0,5.0,8.5,135.0,-160.0
2023-08-09,CLE,TOR,0.0,1.0,8.0,152.0,-172.0
2023-08-09,CIN,FLA,4.0,5.0,9.5,-125.0,115.0
2023-08-09,CHW,NYY,9.0,2.0,9.0,117.0,-127.0
2023-08-09,BOS,KCR,4.0,3.0,10.5,-230.0,190.0
2023-08-09,BAL,HOU,2.0,8.0,10.0,-135.0,125.0
2023-08-09,ARI,LAD,0.0,2.0,9.5,125.0,-140.0
2023-08-09,ANA,SFG,4.0,1.0,8.5,-140.0,129.0
2023-08-10,TBD,STL,2.0,5.0,9.5,-200.0,170.0
2023-08-10,PHI,WSN,6.0,2.0,9.0,-250.0,210.0
2023-08-10,LAD,COL,2.0,1.0,8.5,-380.0,300.0
2023-08-10,PIT,ATL,7.0,5.0,10.0,170.0,-200.0
2023-08-10,CLE,TOR,4.0,3.0,9.5,125.0,-135.0
2023-08-10,BAL,HOU,5.0,4.0,9.5,103.0,-113.0
2023-08-10,DET,MIN,3.0,0.0,8.5,145.0,-160.0
2023-08-10,BOS,KCR,2.0,0.0,10.5,-230.0,205.0
2023-08-11,SEA,BAL,9.0,2.0,7.5,-150.0,130.0
2023-08-11,WSN,OAK,8.0,2.0,9.0,-117.0,107.0
2023-08-11,TOR,CHC,2.0,6.0,9.0,-146.0,131.0
2023-08-11,TBD,CLE,9.0,8.0,8.0,-200.0,170.0
2023-08-11,SFG,TEX,1.0,2.0,8.5,-105.0,-105.0
2023-08-11,PIT,CIN,2.0,9.0,9.0,-121.0,101.0
2023-08-11,NYM,ATL,0.0,7.0,9.5,165.0,-200.0
2023-08-11,PHI,MIN,13.0,2.0,9.0,-145.0,122.0
2023-08-11,LAD,COL,6.0,1.0,8.5,-300.0,250.0
2023-08-11,KCR,STL,12.0,8.0,11.0,110.0,-130.0
2023-08-11,HOU,ANA,11.0,3.0,8.5,-175.0,150.0
2023-08-11,CHW,MIL,6.0,7.0,8.5,157.0,-175.0
2023-08-11,BOS,DET,5.0,2.0,9.0,-135.0,125.0
2023-08-11,ARI,SDP,5.0,10.0,9.0,142.0,-157.0
2023-08-11,FLA,NYY,4.0,9.0,8.0,-140.0,125.0
2023-08-12,NYM,ATL,3.0,21.0,10.5,190.0,-230.0
2023-08-12,TOR,CHC,4.0,5.0,8.5,-110.0,100.0
2023-08-12,TBD,CLE,6.0,5.0,8.0,-154.0,139.0
2023-08-12,SFG,TEX,3.0,9.0,8.0,-107.0,-103.0
2023-08-12,SEA,BAL,0.0,1.0,8.0,-158.0,143.0
2023-08-12,PHI,MIN,1.0,8.0,9.0,110.0,-120.0
2023-08-12,WSN,OAK,3.0,2.0,9.5,-139.0,129.0
2023-08-12,FLA,NYY,3.0,1.0,7.5,-143.0,128.0
2023-08-12,KCR,STL,4.0,5.0,9.5,127.0,-137.0
2023-08-12,ARI,SDP,3.0,0.0,9.0,-142.0,119.0
2023-08-12,BOS,DET,2.0,6.0,10.0,-200.0,170.0
2023-08-12,LAD,COL,4.0,1.0,9.5,-286.0,240.0
2023-08-12,HOU,ANA,11.0,3.0,9.5,-161.0,146.0
2023-08-12,CHW,MIL,2.0,3.0,8.0,160.0,-180.0
2023-08-13,WSN,OAK,8.0,7.0,9.5,-137.0,126.0
2023-08-13,TOR,CHC,11.0,4.0,9.0,-113.0,103.0
2023-08-13,TBD,CLE,2.0,9.0,7.0,-179.0,164.0
2023-08-13,SFG,TEX,3.0,2.0,8.0,-126.0,116.0
2023-08-13,SEA,BAL,3.0,5.0,8.0,-110.0,100.0
2023-08-13,PIT,CIN,4.0,2.0,9.0,-120.0,100.0
2023-08-13,PHI,MIN,0.0,3.0,8.5,-115.0,105.0
2023-08-13,LAD,COL,8.0,3.0,8.5,-360.0,280.0
2023-08-13,HOU,ANA,1.0,2.0,8.5,-134.0,124.0
2023-08-13,CHW,MIL,3.0,7.0,8.0,130.0,-150.0
2023-08-13,BOS,DET,6.0,3.0,9.5,-130.0,110.0
2023-08-13,ARI,SDP,5.0,4.0,9.0,130.0,-140.0
2023-08-13,NYM,ATL,7.0,6.0,10.0,120.0,-140.0
2023-08-13,FLA,NYY,8.0,7.0,7.0,112.0,-122.0
2023-08-14,SDP,BAL,1.0,4.0,8.5,-140.0,125.0
2023-08-14,TEX,ANA,12.0,0.0,8.5,-185.0,165.0
2023-08-14,STL,OAK,7.0,5.0,9.0,-225.0,195.0
2023-08-14,SFG,TBD,2.0,10.0,7.5,115.0,-135.0
2023-08-14,NYM,PIT,7.0,2.0,9.5,-135.0,115.0
2023-08-14,KCR,SEA,7.0,6.0,8.0,130.0,-150.0
2023-08-14,COL,ARI,6.0,4.0,11.5,185.0,-225.0
2023-08-14,ATL,NYY,11.0,3.0,9.0,-200.0,170.0
2023-08-14,FLA,HOU,5.0,1.0,8.0,115.0,-135.0
2023-08-15,WSN,BOS,4.0,5.0,9.5,150.0,-165.0
2023-08-15,TOR,PHI,2.0,1.0,7.5,100.0,-110.0
2023-08-15,TEX,ANA,7.0,3.0,8.5,-185.0,165.0
2023-08-15,STL,OAK,6.0,2.0,9.5,-225.0,185.0
2023-08-15,SFG,TBD,7.0,0.0,8.5,-110.0,-110.0
2023-08-15,SDP,BAL,10.0,3.0,8.5,-108.0,-102.0
2023-08-15,MIN,DET,5.0,3.0,8.5,-185.0,165.0
2023-08-15,NYM,PIT,4.0,7.0,8.5,-146.0,131.0
2023-08-15,LAD,MIL,6.0,2.0,9.0,-220.0,180.0
2023-08-15,KCR,SEA,8.0,10.0,9.5,130.0,-142.0
2023-08-15,COL,ARI,5.0,8.0,12.5,135.0,-160.0
2023-08-15,CIN,CLE,0.0,3.0,9.5,-117.0,107.0
2023-08-15,CHC,CHW,3.0,5.0,8.5,-175.0,155.0
2023-08-15,ATL,NYY,5.0,0.0,10.5,-225.0,185.0
2023-08-15,FLA,HOU,5.0,6.0,9.0,114.0,-124.0
2023-08-16,NYM,PIT,8.0,3.0,8.5,-112.0,102.0
2023-08-16,TEX,ANA,0.0,2.0,9.0,-172.0,157.0
2023-08-16,STL,OAK,0.0,8.0,9.0,-170.0,141.0
2023-08-16,SFG,TBD,1.0,6.0,8.5,-115.0,105.0
2023-08-16,SDP,BAL,5.0,2.0,8.0,-180.0,160.0
2023-08-16,MIN,DET,7.0,8.0,8.0,-170.0,155.0
2023-08-16,TOR,PHI,4.0,9.0,7.5,-132.0,122.0
2023-08-16,LAD,MIL,7.0,1.0,8.0,-228.0,198.0
2023-08-16,KCR,SEA,5.0,6.0,9.0,170.0,-200.0
2023-08-16,COL,ARI,7.0,9.0,12.0,118.0,-128.0
2023-08-16,CIN,CLE,7.0,2.0,9.5,-168.0,153.0
2023-08-16,CHC,CHW,4.0,3.0,11.0,-165.0,145.0
2023-08-16,ATL,NYY,2.0,0.0,9.5,-210.0,175.0
2023-08-16,FLA,HOU,5.0,12.0,7.5,-101.0,-109.0
2023-08-16,WSN,BOS,6.0,2.0,9.0,135.0,-160.0
2023-08-17,WSN,BOS,10.0,7.0,10.0,157.0,-172.0
2023-08-17,STL,NYM,2.0,4.0,10.5,108.0,-118.0
2023-08-17,KCR,SEA,4.0,6.0,9.0,195.0,-235.0
2023-08-17,LAD,MIL,1.0,0.0,8.0,-150.0,135.0
2023-08-17,SDP,ARI,1.0,3.0,8.5,-118.0,108.0
2023-08-18,WSN,PHI,8.0,7.0,9.0,148.0,-161.0
2023-08-18,TEX,MIL,8.0,9.0,8.0,-125.0,105.0
2023-08-18,STL,NYM,1.0,7.0,9.0,-150.0,135.0
2023-08-18,SDP,ARI,4.0,0.0,8.5,-155.0,140.0
2023-08-18,OAK,BAL,4.0,9.0,8.5,180.0,-220.0
2023-08-18,MIN,PIT,5.0,1.0,8.5,-220.0,190.0
2023-08-18,LAD,FLA,3.0,11.0,8.5,-145.0,133.0
2023-08-18,NYY,BOS,3.0,8.0,9.0,112.0,-122.0
2023-08-18,COL,CHW,14.0,1.0,12.0,-122.0,112.0
2023-08-18,CLE,DET,2.0,4.0,7.0,-121.0,101.0
2023-08-18,CIN,TOR,1.0,0.0,10.0,129.0,-140.0
2023-08-18,CHC,KCR,3.0,4.0,8.5,-180.0,160.0
2023-08-18,ATL,SFG,4.0,0.0,9.0,-250.0,205.0
2023-08-18,ANA,TBD,6.0,9.0,9.5,-110.0,-110.0
2023-08-18,HOU,SEA,0.0,2.0,8.5,-133.0,123.0
2023-08-19,MIN,PIT,4.0,7.0,8.5,-174.0,159.0
2023-08-19,WSN,PHI,3.0,12.0,9.5,130.0,-150.0
2023-08-19,TEX,MIL,1.0,6.0,8.0,-125.0,110.0
2023-08-19,SDP,ARI,4.0,6.0,8.5,-119.0,109.0
2023-08-19,OAK,BAL,2.0,7.0,8.5,150.0,-170.0
2023-08-19,NYY,BOS,1.0,8.0,8.0,-155.0,140.0
2023-08-19,LAD,FLA,3.0,1.0,8.5,-186.0,166.0
2023-08-19,STL,NYM,2.0,13.0,8.5,-101.0,-109.0
2023-08-19,COL,CHW,11.0,5.0,11.5,-102.0,-108.0
2023-08-19,CLE,DET,3.0,4.0,8.0,-174.0,159.0
2023-08-19,CIN,TOR,3.0,4.0,9.5,115.0,-138.0
2023-08-19,CHC,KCR,6.0,4.0,9.0,-220.0,180.0
2023-08-19,ATL,SFG,6.0,5.0,9.5,-115.0,105.0
2023-08-19,ANA,TBD,7.0,6.0,8.0,126.0,-150.0
2023-08-19,HOU,SEA,3.0,10.0,7.5,-144.0,121.0
2023-08-20,WSN,PHI,4.0,3.0,9.0,190.0,-230.0
2023-08-20,STL,NYM,7.0,3.0,10.5,-125.0,105.0
2023-08-20,OAK,BAL,1.0,12.0,8.5,157.0,-192.0
2023-08-20,NYY,BOS,5.0,6.0,9.0,-111.0,101.0
2023-08-20,MIN,PIT,2.0,0.0,10.0,-134.0,114.0
2023-08-20,TEX,MIL,2.0,6.0,8.5,-210.0,175.0
2023-08-20,COL,CHW,5.0,10.0,12.0,124.0,-134.0
2023-08-20,CLE,DET,1.0,4.0,7.5,-105.0,-115.0
2023-08-20,CIN,TOR,3.0,10.0,9.5,-103.0,-107.0
2023-08-20,CHC,KCR,4.0,3.0,9.0,-210.0,175.0
2023-08-20,ATL,SFG,3.0,4.0,8.5,-235.0,195.0
2023-08-20,HOU,SEA,6.0,7.0,8.5,-180.0,160.0
2023-08-21,SDP,FLA,6.0,2.0,8.5,-200.0,170.0
2023-08-21,PIT,STL,11.0,1.0,10.0,109.0,-119.0
2023-08-21,PHI,SFG,10.0,4.0,8.5,-140.0,130.0
2023-08-21,OAK,KCR,6.0,4.0,8.5,-125.0,115.0
2023-08-21,HOU,BOS,9.0,4.0,9.0,-120.0,110.0
2023-08-21,CHW,SEA,2.0,14.0,8.5,170.0,-200.0
2023-08-21,ATL,NYM,4.0,10.0,10.5,-230.0,190.0
2023-08-21,ARI,TEX,4.0,3.0,9.0,145.0,-160.0
2023-08-21,DET,CHC,6.0,7.0,9.0,103.0,-113.0
2023-08-22,NYY,WSN,1.0,2.0,8.5,-173.0,153.0
2023-08-22,TBD,COL,12.0,4.0,9.0,-275.0,225.0
2023-08-22,SDP,FLA,0.0,3.0,7.5,-170.0,150.0
2023-08-22,PIT,STL,6.0,3.0,10.0,-126.0,116.0
2023-08-22,PHI,SFG,4.0,3.0,9.0,-124.0,114.0
2023-08-22,OAK,KCR,5.0,4.0,8.5,103.0,-113.0
2023-08-22,MIL,MIN,7.0,3.0,8.0,100.0,-110.0
2023-08-22,BAL,TOR,3.0,6.0,8.0,-106.0,-104.0
2023-08-22,DET,CHC,8.0,6.0,9.0,110.0,-120.0
2023-08-22,ANA,CIN,3.0,4.0,9.5,-150.0,135.0
2023-08-22,ARI,TEX,6.0,3.0,8.5,-112.0,102.0
2023-08-22,ATL,NYM,3.0,2.0,11.0,-220.0,180.0
2023-08-22,HOU,BOS,7.0,3.0,8.5,-125.0,115.0
2023-08-22,CHW,SEA,3.0,6.0,8.5,126.0,-141.0
2023-08-22,CLE,LAD,8.0,3.0,9.0,170.0,-200.0
2023-08-23,TBD,COL,6.0,5.0,8.0,-270.0,220.0
2023-08-23,SDP,FLA,4.0,0.0,7.5,-124.0,114.0
2023-08-23,PIT,STL,4.0,6.0,9.0,118.0,-128.0
2023-08-23,PHI,SFG,6.0,8.0,9.0,-129.0,119.0
2023-08-23,OAK,KCR,0.0,4.0,8.5,133.0,-148.0
2023-08-23,NYY,WSN,9.0,1.0,8.5,-145.0,133.0
2023-08-23,MIL,MIN,8.0,7.0,8.0,-137.0,126.0
2023-08-23,CLE,LAD,1.0,6.0,8.5,190.0,-230.0
2023-08-23,CHW,SEA,5.0,4.0,9.5,195.0,-240.0
2023-08-23,BAL,TOR,7.0,0.0,8.0,123.0,-133.0
2023-08-23,ATL,NYM,7.0,0.0,10.0,-200.0,170.0
2023-08-23,ANA,CIN,4.0,9.0,8.5,-145.0,130.0
2023-08-23,HOU,BOS,5.0,7.0,8.5,-105.0,-105.0
2023-08-23,DET,CHC,4.0,6.0,8.0,-118.0,108.0
2023-08-24,TBD,COL,5.0,3.0,8.5,-286.0,226.0
2023-08-24,MIN,TEX,7.0,5.0,9.0,-115.0,105.0
2023-08-24,PIT,CHC,4.0,5.0,8.5,160.0,-180.0
2023-08-24,NYY,WSN,5.0,6.0,8.5,-220.0,180.0
2023-08-24,HOU,BOS,1.0,17.0,9.0,-140.0,120.0
2023-08-24,CHW,OAK,5.0,8.0,10.0,-138.0,128.0
2023-08-24,BAL,TOR,5.0,3.0,9.0,-101.0,-109.0
2023-08-24,ARI,CIN,3.0,2.0,9.0,-168.0,153.0
2023-08-24,CLE,LAD,3.0,9.0,9.0,110.0,-130.0
2023-08-25,TOR,CLE,2.0,5.0,8.5,-165.0,140.0
2023-08-25,TBD,NYY,2.0,6.0,7.0,-135.0,115.0
2023-08-25,SFG,ATL,1.0,5.0,7.5,138.0,-153.0
2023-08-25,SEA,KCR,7.0,5.0,8.0,-199.0,164.0
2023-08-25,PIT,CHC,2.0,1.0,9.0,-101.0,-109.0
2023-08-25,PHI,STL,7.0,2.0,9.5,-127.0,117.0
2023-08-25,MIN,TEX,12.0,2.0,8.5,-124.0,114.0
2023-08-25,NYM,ANA,1.0,3.0,8.5,-130.0,120.0
2023-08-25,FLA,WSN,4.0,7.0,8.5,-220.0,180.0
2023-08-25,DET,HOU,4.0,1.0,9.0,157.0,-172.0
2023-08-25,CHW,OAK,4.0,12.0,9.0,-190.0,160.0
2023-08-25,BOS,LAD,4.0,7.0,10.0,115.0,-125.0
2023-08-25,BAL,COL,5.0,4.0,9.0,-240.0,200.0
2023-08-25,ARI,CIN,10.0,8.0,9.0,-126.0,116.0
2023-08-25,MIL,SDP,7.0,3.0,8.0,-113.0,103.0
2023-08-26,PHI,STL,12.0,1.0,8.5,-230.0,190.0
2023-08-26,TOR,CLE,8.0,3.0,8.5,-172.0,157.0
2023-08-26,TBD,NYY,3.0,0.0,7.0,-175.0,155.0
2023-08-26,SFG,ATL,3.0,7.0,8.0,160.0,-180.0
2023-08-26,SEA,KCR,15.0,2.0,8.5,-260.0,210.0
2023-08-26,PIT,CHC,6.0,10.0,9.5,114.0,-124.0
2023-08-26,NYM,ANA,3.0,5.0,9.0,100.0,-110.0
2023-08-26,DET,HOU,2.0,9.0,8.5,134.0,-146.0
2023-08-26,MIL,SDP,5.0,4.0,8.5,-140.0,125.0
2023-08-26,FLA,WSN,2.0,3.0,8.0,-200.0,170.0
2023-08-26,MIN,TEX,2.0,6.0,7.5,105.0,-125.0
2023-08-26,CHW,OAK,6.0,2.0,9.5,-130.0,120.0
2023-08-26,BOS,LAD,8.0,5.0,10.0,108.0,-118.0
2023-08-26,BAL,COL,5.0,4.0,8.5,-305.0,245.0
2023-08-26,ARI,CIN,7.0,8.0,9.5,-107.0,-103.0
2023-08-27,TOR,CLE,7.0,10.0,8.5,-230.0,190.0
2023-08-27,TBD,NYY,7.0,4.0,8.0,-135.0,115.0
2023-08-27,SFG,ATL,8.0,5.0,10.0,120.0,-130.0
2023-08-27,SEA,KCR,3.0,2.0,8.0,-320.0,260.0
2023-08-27,PIT,CHC,1.0,10.0,9.0,117.0,-127.0
2023-08-27,PHI,STL,3.0,0.0,9.0,-200.0,170.0
2023-08-27,NYM,ANA,3.0,2.0,8.5,-122.0,102.0
2023-08-27,MIN,TEX,7.0,6.0,8.5,110.0,-120.0
2023-08-27,MIL,SDP,10.0,6.0,9.0,-105.0,-115.0
2023-08-27,FLA,WSN,2.0,1.0,8.5,-200.0,170.0
2023-08-27,DET,HOU,4.0,17.0,8.5,142.0,-172.0
2023-08-27,CHW,OAK,6.0,1.0,8.5,100.0,-110.0
2023-08-27,BOS,LAD,4.0,7.0,9.5,100.0,-110.0
2023-08-27,BAL,COL,3.0,4.0,9.0,-260.0,210.0
2023-08-27,ARI,CIN,5.0,2.0,9.0,-119.0,109.0
2023-08-28,TOR,WSN,6.0,3.0,8.0,-240.0,200.0
2023-08-28,STL,SDP,1.0,4.0,9.5,175.0,-210.0
2023-08-28,SFG,CIN,4.0,1.0,7.5,-129.0,119.0
2023-08-28,SEA,OAK,7.0,0.0,8.0,-270.0,220.0
2023-08-28,PHI,ANA,6.0,4.0,9.5,-140.0,125.0
2023-08-28,NYM,TEX,3.0,4.0,9.0,117.0,-127.0
2023-08-28,MIN,CLE,10.0,6.0,8.5,-175.0,155.0
2023-08-28,LAD,ARI,7.0,4.0,8.0,-153.0,128.0
2023-08-28,KCR,PIT,0.0,5.0,9.0,-115.0,105.0
2023-08-28,DET,NYY,1.0,4.0,8.5,-111.0,101.0
2023-08-28,COL,ATL,4.0,14.0,12.5,205.0,-250.0
2023-08-28,CHC,MIL,2.0,6.0,9.0,-124.0,114.0
2023-08-28,BOS,HOU,5.0,13.0,10.0,-129.0,119.0
2023-08-28,BAL,CHW,9.0,0.0,9.0,-260.0,210.0
2023-08-29,TOR,WSN,4.0,5.0,8.0,-180.0,160.0
2023-08-29,STL,SDP,6.0,5.0,9.0,125.0,-140.0
2023-08-29,SFG,CIN,6.0,1.0,7.5,-155.0,140.0
2023-08-29,SEA,OAK,1.0,3.0,8.5,-240.0,195.0
2023-08-29,PHI,ANA,12.0,7.0,9.5,-175.0,148.0
2023-08-29,NYM,TEX,1.0,2.0,8.5,115.0,-135.0
2023-08-29,MIN,CLE,2.0,4.0,7.5,-160.0,145.0
2023-08-29,FLA,TBD,2.0,11.0,7.5,-125.0,105.0
2023-08-29,LAD,ARI,9.0,1.0,7.5,-172.0,157.0
2023-08-29,KCR,PIT,3.0,6.0,8.5,-142.0,127.0
2023-08-29,DET,NYY,2.0,4.0,8.0,-103.0,-107.0
2023-08-29,COL,ATL,1.0,3.0,12.0,230.0,-280.0
2023-08-29,CHC,MIL,1.0,0.0,6.5,-126.0,116.0
2023-08-29,BOS,HOU,2.0,6.0,10.5,-112.0,102.0
2023-08-29,BAL,CHW,9.0,3.0,9.0,-240.0,195.0
2023-08-30,STL,SDP,5.0,4.0,9.0,-110.0,-110.0
2023-08-30,SFG,CIN,1.0,4.0,7.5,-170.0,155.0
2023-08-30,TOR,WSN,7.0,0.0,9.0,-210.0,175.0
2023-08-30,SEA,OAK,5.0,4.0,8.5,-280.0,225.0
2023-08-30,PHI,ANA,8.0,10.0,9.0,-170.0,155.0
2023-08-30,NYM,TEX,6.0,5.0,9.0,140.0,-165.0
2023-08-30,MIN,CLE,2.0,5.0,8.0,-146.0,134.0
2023-08-30,CHC,MIL,3.0,2.0,7.0,106.0,-116.0
2023-08-30,LAD,ARI,7.0,0.0,9.0,-170.0,150.0
2023-08-30,KCR,PIT,1.0,4.0,9.5,110.0,-120.0
2023-08-30,DET,NYY,2.0,6.0,8.0,170.0,-200.0
2023-08-30,COL,ATL,3.0,7.0,13.0,200.0,-245.0
2023-08-30,BOS,HOU,4.0,7.0,10.0,116.0,-126.0
2023-08-30,BAL,CHW,5.0,10.0,8.5,-175.0,155.0
2023-08-30,FLA,TBD,0.0,3.0,7.5,104.0,-124.0
2023-08-31,WSN,FLA,1.0,6.0,8.5,134.0,-149.0
2023-08-31,SDP,SFG,2.0,7.0,8.5,-127.0,117.0
2023-08-31,LAD,ATL,7.0,8.0,8.5,120.0,-140.0
2023-08-31,DET,NYY,4.0,3.0,8.0,103.0,-113.0
2023-09-01,TEX,MIN,1.0,5.0,8.0,-150.0,135.0
2023-09-01,WSN,FLA,5.0,8.0,8.0,145.0,-160.0
2023-09-01,SDP,SFG,7.0,3.0,8.0,-137.0,127.0
2023-09-01,OAK,ANA,9.0,2.0,8.0,115.0,-125.0
2023-09-01,NYM,SEA,2.0,1.0,7.5,100.0,-110.0
2023-09-01,MIL,PHI,7.0,5.0,7.5,105.0,-115.0
2023-09-01,LAD,ATL,3.0,6.0,8.5,100.0,-110.0
2023-09-01,STL,PIT,2.0,4.0,8.5,-110.0,-110.0
2023-09-01,HOU,NYY,2.0,6.0,8.5,-180.0,160.0
2023-09-01,COL,TOR,9.0,13.0,12.0,175.0,-195.0
2023-09-01,CLE,TBD,3.0,2.0,8.0,155.0,-175.0
2023-09-01,CIN,CHC,2.0,6.0,9.5,105.0,-115.0
2023-09-01,CHW,DET,2.0,4.0,8.5,118.0,-128.0
2023-09-01,ARI,BAL,4.0,2.0,9.5,103.0,-113.0
2023-09-01,KCR,BOS,13.0,2.0,10.0,170.0,-200.0
2023-09-02,WSN,FLA,5.0,11.0,9.5,110.0,-130.0
2023-09-02,TEX,MIN,7.0,9.0,9.0,-182.0,166.0
2023-09-02,STL,PIT,6.0,7.0,9.5,-145.0,130.0
2023-09-02,SDP,SFG,6.0,1.0,7.5,-170.0,150.0
2023-09-02,OAK,ANA,2.0,1.0,8.0,110.0,-120.0
2023-09-02,NYM,SEA,7.0,8.0,8.0,135.0,-150.0
2023-09-02,MIL,PHI,7.0,5.0,9.0,125.0,-140.0
2023-09-02,LAD,ATL,2.0,4.0,10.0,105.0,-115.0
2023-09-02,HOU,NYY,4.0,5.0,8.5,-180.0,160.0
2023-09-02,COL,TOR,8.0,7.0,12.0,175.0,-205.0
2023-09-02,CLE,TBD,7.0,6.0,9.0,100.0,-120.0
2023-09-02,CIN,CHC,2.0,1.0,9.5,109.0,-119.0
2023-09-02,CHW,DET,0.0,10.0,8.5,-108.0,-102.0
2023-09-02,ARI,BAL,3.0,7.0,9.0,104.0,-124.0
2023-09-02,KCR,BOS,5.0,9.0,10.5,160.0,-175.0
2023-09-03,MIL,PHI,2.0,4.0,9.5,102.0,-112.0
2023-09-03,WSN,FLA,4.0,6.0,9.0,170.0,-200.0
2023-09-03,TEX,MIN,6.0,5.0,9.0,-142.0,127.0
2023-09-03,STL,PIT,6.0,4.0,9.0,-134.0,124.0
2023-09-03,SDP,SFG,4.0,0.0,7.5,-130.0,120.0
2023-09-03,OAK,ANA,10.0,6.0,9.0,120.0,-130.0
2023-09-03,LAD,ATL,3.0,1.0,9.0,-105.0,-105.0
2023-09-03,NYM,SEA,6.0,3.0,9.0,128.0,-153.0
2023-09-03,HOU,NYY,1.0,6.0,8.5,-127.0,117.0
2023-09-03,KCR,BOS,3.0,7.0,10.0,155.0,-188.0
2023-09-03,COL,TOR,5.0,7.0,11.5,205.0,-250.0
2023-09-03,CLE,TBD,2.0,6.0,9.5,135.0,-150.0
2023-09-03,CIN,CHC,7.0,15.0,10.0,123.0,-147.0
2023-09-03,CHW,DET,2.0,3.0,9.5,130.0,-155.0
2023-09-03,ARI,BAL,5.0,8.0,8.5,-140.0,130.0
2023-09-04,TEX,HOU,6.0,13.0,9.5,-106.0,-104.0
2023-09-04,TBD,BOS,3.0,7.0,8.0,-120.0,110.0
2023-09-04,SDP,PHI,7.0,9.0,9.5,-116.0,106.0
2023-09-04,PIT,MIL,4.0,2.0,8.5,161.0,-181.0
2023-09-04,OAK,TOR,5.0,6.0,8.5,165.0,-185.0
2023-09-04,KCR,CHW,12.0,1.0,10.0,-165.0,145.0
2023-09-04,CLE,MIN,6.0,20.0,8.0,-110.0,-110.0
2023-09-04,CIN,SEA,6.0,3.0,10.5,135.0,-150.0
2023-09-04,CHC,SFG,5.0,0.0,8.5,-122.0,112.0
2023-09-04,ARI,COL,4.0,2.0,8.0,-250.0,200.0
2023-09-04,ANA,BAL,3.0,6.0,8.5,160.0,-180.0
2023-09-05,WSN,NYM,5.0,11.0,9.5,115.0,-135.0
2023-09-05,TEX,HOU,1.0,14.0,9.0,-105.0,-105.0
2023-09-05,SDP,PHI,8.0,0.0,9.0,-130.0,110.0
2023-09-05,PIT,MIL,3.0,7.0,8.5,155.0,-170.0
2023-09-05,OAK,TOR,1.0,7.0,7.5,165.0,-185.0
2023-09-05,NYY,DET,5.0,1.0,8.0,-250.0,210.0
2023-09-05,FLA,LAD,6.0,3.0,7.5,120.0,-130.0
2023-09-05,TBD,BOS,8.0,6.0,8.0,-160.0,135.0
2023-09-05,CLE,MIN,3.0,8.0,8.0,101.0,-111.0
2023-09-05,CIN,SEA,7.0,6.0,10.5,125.0,-149.0
2023-09-05,CHC,SFG,11.0,8.0,10.5,-122.0,112.0
2023-09-05,ATL,STL,6.0,10.0,10.5,-200.0,165.0
2023-09-05,ARI,COL,2.0,3.0,9.0,-220.0,180.0
2023-09-05,ANA,BAL,4.0,5.0,8.5,160.0,-180.0
2023-09-05,KCR,CHW,7.0,6.0,9.5,-129.0,119.0
2023-09-06,WSN,NYM,3.0,2.0,11.0,108.0,-118.0
2023-09-06,TEX,HOU,3.0,12.0,8.5,-130.0,120.0
2023-09-06,TBD,BOS,3.0,1.0,8.0,-165.0,145.0
2023-09-06,SDP,PHI,1.0,5.0,7.5,105.0,-115.0
2023-09-06,OAK,TOR,5.0,2.0,7.5,140.0,-165.0
2023-09-06,NYY,DET,4.0,3.0,9.0,-163.0,148.0
2023-09-06,FLA,LAD,11.0,4.0,9.0,122.0,-145.0
2023-09-06,PIT,MIL,5.0,4.0,8.5,160.0,-180.0
2023-09-06,CLE,MIN,2.0,1.0,8.0,110.0,-130.0
2023-09-06,CIN,SEA,4.0,8.0,9.5,150.0,-170.0
2023-09-06,CHC,SFG,8.0,2.0,11.0,-150.0,135.0
2023-09-06,ATL,STL,6.0,11.0,9.0,-335.0,275.0
2023-09-06,ARI,COL,12.0,5.0,9.0,-200.0,170.0
2023-09-06,ANA,BAL,3.0,10.0,8.5,135.0,-150.0
2023-09-06,KCR,CHW,4.0,6.0,10.0,-115.0,105.0
2023-09-07,TBD,SEA,0.0,1.0,8.5,107.0,-117.0
2023-09-07,NYY,DET,3.0,10.0,8.5,-162.0,147.0
2023-09-07,FLA,LAD,0.0,10.0,8.0,105.0,-125.0
2023-09-07,CHC,ARI,2.0,6.0,8.5,-161.0,135.0
2023-09-07,ANA,CLE,3.0,2.0,8.5,117.0,-127.0
2023-09-07,ATL,STL,8.0,5.0,10.5,-345.0,270.0
2023-09-08,PHI,FLA,2.0,3.0,9.0,-131.0,121.0
2023-09-08,WSN,LAD,5.0,8.0,9.5,138.0,-153.0
2023-09-08,TOR,KCR,5.0,4.0,9.0,-260.0,210.0
2023-09-08,TEX,OAK,3.0,6.0,8.5,-245.0,200.0
2023-09-08,TBD,SEA,7.0,4.0,8.0,100.0,-110.0
2023-09-08,SFG,COL,9.0,8.0,8.0,-225.0,185.0
2023-09-08,NYY,MIL,2.0,8.0,9.0,-107.0,-103.0
2023-09-08,CIN,STL,4.0,9.0,10.0,-125.0,105.0
2023-09-08,HOU,SDP,2.0,11.0,8.5,-132.0,122.0
2023-09-08,DET,CHW,0.0,6.0,8.5,-140.0,125.0
2023-09-08,CHC,ARI,0.0,1.0,7.0,100.0,-120.0
2023-09-08,BOS,BAL,2.0,11.0,10.5,104.0,-114.0
2023-09-08,ATL,PIT,8.0,2.0,9.5,-200.0,170.0
2023-09-08,ANA,CLE,3.0,6.0,8.0,110.0,-130.0
2023-09-08,MIN,NYM,5.0,2.0,8.5,100.0,-110.0
2023-09-09,WSN,LAD,7.0,6.0,9.5,190.0,-230.0
2023-09-09,TOR,KCR,5.0,1.0,8.0,-300.0,250.0
2023-09-09,TEX,OAK,3.0,2.0,9.5,-230.0,190.0
2023-09-09,TBD,SEA,7.0,5.0,9.0,-153.0,138.0
2023-09-09,SFG,COL,9.0,1.0,8.0,-275.0,225.0
2023-09-09,PHI,FLA,8.0,4.0,9.0,-199.0,164.0
2023-09-09,NYY,MIL,2.0,9.0,8.5,-145.0,120.0
2023-09-09,MIN,NYM,8.0,4.0,9.0,-144.0,129.0
2023-09-09,DET,CHW,3.0,1.0,9.0,-185.0,165.0
2023-09-09,CIN,STL,3.0,4.0,10.5,105.0,-115.0
2023-09-09,CHC,ARI,2.0,3.0,7.0,-135.0,124.0
2023-09-09,BOS,BAL,12.0,13.0,10.0,-135.0,125.0
2023-09-09,ATL,PIT,4.0,8.0,10.5,-225.0,185.0
2023-09-09,ANA,CLE,6.0,2.0,9.0,125.0,-135.0
2023-09-09,HOU,SDP,7.0,5.0,9.0,-115.0,105.0
2023-09-10,WSN,LAD,3.0,7.0,10.0,190.0,-230.0
2023-09-10,TOR,KCR,5.0,2.0,8.0,-165.0,150.0
2023-09-10,TEX,OAK,9.0,4.0,9.0,-250.0,205.0
2023-09-10,TBD,SEA,6.0,3.0,8.0,-129.0,119.0
2023-09-10,SFG,COL,6.0,3.0,8.5,-210.0,175.0
2023-09-10,PHI,FLA,4.0,5.0,9.5,-165.0,145.0
2023-09-10,NYY,MIL,4.0,3.0,7.5,-139.0,118.0
2023-09-10,DET,CHW,3.0,2.0,9.0,-140.0,125.0
2023-09-10,HOU,SDP,12.0,2.0,10.0,-175.0,145.0
2023-09-10,CIN,STL,7.0,1.0,9.5,-145.0,130.0
2023-09-10,CHC,ARI,5.0,2.0,9.0,-133.0,122.0
2023-09-10,BOS,BAL,7.0,3.0,9.5,105.0,-115.0
2023-09-10,ATL,PIT,5.0,2.0,10.0,-260.0,210.0
2023-09-10,ANA,CLE,2.0,1.0,8.5,135.0,-160.0
2023-09-10,MIN,NYM,0.0,2.0,9.0,-172.0,152.0
2023-09-11,TOR,TEX,4.0,10.0,8.5,-130.0,120.0
2023-09-11,SFG,CLE,5.0,4.0,7.5,-135.0,115.0
2023-09-11,SEA,ANA,5.0,8.0,8.0,-240.0,195.0
2023-09-11,PIT,WSN,2.0,6.0,8.5,-142.0,127.0
2023-09-11,PHI,ATL,8.0,10.0,10.0,145.0,-165.0
2023-09-11,NYM,ARI,3.0,4.0,8.5,-125.0,115.0
2023-09-11,MIN,TBD,4.0,7.0,7.0,105.0,-115.0
2023-09-11,LAD,SDP,8.0,11.0,9.5,-165.0,150.0
2023-09-11,HOU,OAK,0.0,4.0,8.5,-290.0,240.0
2023-09-11,COL,CHC,4.0,5.0,11.5,160.0,-180.0
2023-09-11,BAL,STL,11.0,5.0,10.0,-170.0,150.0
2023-09-11,MIL,FLA,12.0,0.0,7.0,-133.0,123.0
2023-09-12,NYM,ARI,7.0,4.0,9.5,-114.0,104.0
2023-09-12,SFG,CLE,1.0,3.0,8.5,-170.0,150.0
2023-09-12,TOR,TEX,3.0,6.0,8.5,-105.0,-115.0
2023-09-12,SEA,ANA,8.0,0.0,8.0,-200.0,170.0
2023-09-12,PIT,WSN,5.0,1.0,9.0,-143.0,128.0
2023-09-12,PHI,ATL,6.0,7.0,8.5,100.0,-110.0
2023-09-12,MIN,TBD,3.0,2.0,8.0,-123.0,113.0
2023-09-12,BOS,NYY,2.0,3.0,9.5,-141.0,126.0
2023-09-12,LAD,SDP,11.0,2.0,9.5,-150.0,130.0
2023-09-12,HOU,OAK,2.0,6.0,8.5,-315.0,260.0
2023-09-12,DET,CIN,5.0,6.0,9.0,108.0,-118.0
2023-09-12,COL,CHC,6.0,4.0,12.0,158.0,-173.0
2023-09-12,CHW,KCR,6.0,2.0,8.5,-135.0,110.0
2023-09-12,BAL,STL,2.0,5.0,11.0,-185.0,165.0
2023-09-12,MIL,FLA,3.0,1.0,7.5,-161.0,135.0
2023-09-13,TOR,TEX,0.0,10.0,8.0,-129.0,119.0
2023-09-13,SFG,CLE,6.0,5.0,7.5,-150.0,126.0
2023-09-13,SEA,ANA,3.0,2.0,7.5,-300.0,240.0
2023-09-13,PIT,WSN,7.0,6.0,9.5,-140.0,125.0
2023-09-13,PHI,ATL,1.0,4.0,9.0,142.0,-157.0
2023-09-13,NYM,ARI,7.0,1.0,8.0,136.0,-162.0
2023-09-13,MIN,TBD,4.0,5.0,8.5,105.0,-115.0
2023-09-13,HOU,OAK,6.0,2.0,9.0,-275.0,225.0
2023-09-13,LAD,SDP,1.0,6.0,8.0,-131.0,109.0
2023-09-13,DET,CIN,3.0,4.0,8.5,-133.0,123.0
2023-09-13,COL,CHC,7.0,3.0,11.5,170.0,-200.0
2023-09-13,CHW,KCR,1.0,7.0,9.0,-150.0,135.0
2023-09-13,BAL,STL,0.0,1.0,9.0,-200.0,170.0
2023-09-13,MIL,FLA,0.0,2.0,7.5,-121.0,111.0
2023-09-14,PIT,WSN,2.0,0.0,8.5,-165.0,140.0
2023-09-14,TOR,TEX,2.0,9.0,7.5,-146.0,131.0
2023-09-14,NYM,ARI,11.0,1.0,7.0,-112.0,102.0
2023-09-14,MIL,FLA,4.0,2.0,7.5,-110.0,-110.0
2023-09-14,CHW,MIN,2.0,10.0,9.0,160.0,-180.0
2023-09-14,BOS,NYY,5.0,0.0,9.0,-113.0,-107.0
2023-09-14,BAL,TBD,3.0,4.0,8.0,-128.0,118.0
2023-09-14,DET,CIN,8.0,2.0,8.5,-125.0,105.0
2023-09-15,MIL,WSN,5.0,3.0,8.5,-185.0,165.0
2023-09-15,TOR,BOS,3.0,0.0,8.5,-143.0,128.0
2023-09-15,STL,PHI,4.0,5.0,8.5,122.0,-145.0
2023-09-15,SEA,LAD,3.0,6.0,8.0,-102.0,-108.0
2023-09-15,PIT,NYY,5.0,7.0,7.5,142.0,-157.0
2023-09-15,OAK,SDP,3.0,8.0,8.5,170.0,-205.0
2023-09-15,NYM,CIN,3.0,5.0,8.0,-110.0,100.0
2023-09-15,KCR,HOU,4.0,2.0,10.5,163.0,-183.0
2023-09-15,COL,SFG,3.0,2.0,10.5,185.0,-225.0
2023-09-15,CLE,TEX,12.0,3.0,8.0,105.0,-115.0
2023-09-15,CHW,MIN,2.0,10.0,9.0,152.0,-172.0
2023-09-15,BAL,TBD,1.0,7.0,8.5,114.0,-124.0
2023-09-15,ARI,CHC,6.0,4.0,8.5,122.0,-132.0
2023-09-15,ANA,DET,2.0,11.0,7.5,118.0,-128.0
2023-09-15,FLA,ATL,9.0,6.0,9.0,145.0,-160.0
2023-09-16,TOR,BOS,4.0,3.0,8.5,-140.0,129.0
2023-09-16,OAK,SDP,2.0,5.0,8.5,120.0,-130.0
2023-09-16,MIL,WSN,9.0,5.0,8.0,-275.0,225.0
2023-09-16,SEA,LAD,2.0,6.0,8.0,125.0,-135.0
2023-09-16,STL,PHI,1.0,6.0,9.0,106.0,-116.0
2023-09-16,PIT,NYY,3.0,6.0,9.5,105.0,-115.0
2023-09-16,FLA,ATL,11.0,5.0,9.5,104.0,-114.0
2023-09-16,NYM,CIN,2.0,3.0,8.5,-109.0,-101.0
2023-09-16,COL,SFG,9.0,5.0,12.0,145.0,-165.0
2023-09-16,ANA,DET,4.0,5.0,8.5,110.0,-120.0
2023-09-16,ARI,CHC,7.0,6.0,9.0,100.0,-110.0
2023-09-16,KCR,HOU,10.0,8.0,9.5,131.0,-146.0
2023-09-16,CHW,MIN,7.0,6.0,9.0,185.0,-225.0
2023-09-16,CLE,TEX,2.0,1.0,8.0,-117.0,107.0
2023-09-16,BAL,TBD,8.0,0.0,7.5,105.0,-115.0
2023-09-17,TOR,BOS,3.0,2.0,8.5,-150.0,135.0
2023-09-17,STL,PHI,6.0,5.0,9.5,129.0,-139.0
2023-09-17,SEA,LAD,1.0,6.0,8.0,-180.0,160.0
2023-09-17,PIT,NYY,3.0,2.0,8.0,142.0,-157.0
2023-09-17,OAK,SDP,1.0,10.0,8.5,145.0,-160.0
2023-09-17,NYM,CIN,8.0,4.0,9.0,-130.0,120.0
2023-09-17,FLA,ATL,16.0,2.0,8.0,105.0,-115.0
2023-09-17,MIL,WSN,1.0,2.0,8.0,-280.0,240.0
2023-09-17,COL,SFG,10.0,11.0,12.0,154.0,-186.0
2023-09-17,CLE,TEX,9.0,2.0,8.0,111.0,-121.0
2023-09-17,CHW,MIN,0.0,4.0,8.5,164.0,-179.0
2023-09-17,BAL,TBD,5.0,4.0,9.0,-115.0,105.0
2023-09-17,ARI,CHC,6.0,2.0,9.0,103.0,-113.0
2023-09-17,ANA,DET,3.0,5.0,9.0,105.0,-115.0
2023-09-17,KCR,HOU,1.0,7.0,9.5,210.0,-260.0
2023-09-18,WSN,CHW,1.0,6.0,9.0,112.0,-122.0
2023-09-18,TEX,BOS,2.0,4.0,9.0,-172.0,152.0
2023-09-18,STL,MIL,1.0,0.0,8.5,157.0,-177.0
2023-09-18,SDP,COL,11.0,9.0,8.0,-270.0,220.0
2023-09-18,OAK,SEA,0.0,5.0,8.0,155.0,-170.0
2023-09-18,FLA,NYM,1.0,2.0,8.5,-156.0,141.0
2023-09-18,KCR,CLE,6.0,4.0,9.5,118.0,-128.0
2023-09-18,HOU,BAL,7.0,8.0,8.5,-184.0,164.0
2023-09-18,CIN,MIN,7.0,3.0,9.5,135.0,-150.0
2023-09-18,ATL,PHI,1.0,7.0,9.5,-101.0,-109.0
2023-09-18,LAD,DET,8.0,3.0,8.0,-185.0,165.0
2023-09-19,WSN,CHW,4.0,3.0,9.5,-115.0,105.0
2023-09-19,TEX,BOS,6.0,4.0,9.0,-152.0,137.0
2023-09-19,TBD,ANA,6.0,2.0,8.5,-210.0,175.0
2023-09-19,STL,MIL,3.0,7.0,9.0,117.0,-127.0
2023-09-19,SDP,COL,2.0,0.0,7.5,-305.0,245.0
2023-09-19,OAK,SEA,2.0,7.0,7.5,190.0,-230.0
2023-09-19,FLA,NYM,4.0,3.0,8.5,-150.0,130.0
2023-09-19,NYY,TOR,1.0,7.0,8.0,-110.0,100.0
2023-09-19,KCR,CLE,7.0,6.0,9.0,134.0,-160.0
2023-09-19,HOU,BAL,5.0,9.0,9.0,-188.0,155.0
2023-09-19,CIN,MIN,0.0,7.0,9.5,109.0,-119.0
2023-09-19,CHC,PIT,14.0,1.0,9.0,-155.0,140.0
2023-09-19,ATL,PHI,9.0,3.0,8.5,-220.0,180.0
2023-09-19,ARI,SFG,8.0,4.0,8.0,-133.0,123.0
2023-09-19,LAD,DET,3.0,2.0,8.5,-250.0,210.0
2023-09-20,OAK,SEA,3.0,6.0,8.5,215.0,-250.0
2023-09-20,WSN,CHW,13.0,3.0,9.5,-130.0,120.0
2023-09-20,TEX,BOS,15.0,5.0,9.0,-150.0,135.0
2023-09-20,TBD,ANA,3.0,8.0,8.0,-260.0,210.0
2023-09-20,STL,MIL,2.0,8.0,8.5,109.0,-119.0
2023-09-20,SDP,COL,3.0,2.0,8.5,-250.0,205.0
2023-09-20,NYY,TOR,1.0,6.0,7.0,104.0,-114.0
2023-09-20,CIN,MIN,3.0,5.0,8.5,-130.0,120.0
2023-09-20,LAD,DET,2.0,4.0,8.0,-265.0,215.0
2023-09-20,ARI,SFG,7.0,1.0,7.5,100.0,-110.0
2023-09-20,ATL,PHI,5.0,6.0,9.5,-145.0,122.0
2023-09-20,CHC,PIT,7.0,13.0,7.5,-198.0,178.0
2023-09-20,FLA,NYM,3.0,8.0,7.5,-117.0,107.0
2023-09-20,HOU,BAL,2.0,1.0,9.0,101.0,-111.0
2023-09-20,KCR,CLE,6.0,2.0,9.0,123.0,-147.0
2023-09-21,WSN,ATL,3.0,10.0,8.5,215.0,-265.0
2023-09-21,TBD,ANA,5.0,4.0,7.5,-265.0,215.0
2023-09-21,PHI,NYM,5.0,4.0,8.5,-152.0,137.0
2023-09-21,OAK,DET,3.0,7.0,7.5,165.0,-185.0
2023-09-21,STL,MIL,0.0,6.0,9.0,-110.0,-110.0
2023-09-21,LAD,SFG,7.0,2.0,8.5,-177.0,157.0
2023-09-21,CLE,BAL,5.0,2.0,8.0,135.0,-150.0
2023-09-21,CHC,PIT,6.0,8.0,9.0,-175.0,145.0
2023-09-21,NYY,TOR,5.0,3.0,7.0,-130.0,120.0
2023-09-22,NYY,ARI,7.0,1.0,8.5,100.0,-120.0
2023-09-22,WSN,ATL,6.0,9.0,9.0,210.0,-260.0
2023-09-22,TEX,SEA,8.0,5.0,9.5,-130.0,120.0
2023-09-22,TBD,TOR,2.0,6.0,7.5,-150.0,135.0
2023-09-22,PHI,NYM,5.0,4.0,9.0,-165.0,145.0
2023-09-22,OAK,DET,8.0,2.0,7.5,140.0,-155.0
2023-09-22,MIN,ANA,8.0,6.0,8.0,-270.0,220.0
2023-09-22,SDP,STL,4.0,2.0,9.0,-182.0,150.0
2023-09-22,LAD,SFG,1.0,5.0,9.0,-175.0,145.0
2023-09-22,HOU,KCR,5.0,7.0,8.5,-230.0,190.0
2023-09-22,CLE,BAL,9.0,8.0,8.0,-114.0,104.0
2023-09-22,CIN,PIT,5.0,7.0,9.5,-145.0,130.0
2023-09-22,CHC,COL,6.0,0.0,9.0,-260.0,210.0
2023-09-22,BOS,CHW,3.0,2.0,9.0,-220.0,180.0
2023-09-22,FLA,MIL,1.0,16.0,8.0,125.0,-140.0
2023-09-23,TEX,SEA,2.0,0.0,8.5,-119.0,109.0
2023-09-23,TBD,TOR,7.0,6.0,8.0,-112.0,102.0
2023-09-23,SDP,STL,2.0,5.0,8.5,-200.0,170.0
2023-09-23,PHI,NYM,7.0,5.0,7.5,-180.0,160.0
2023-09-23,OAK,DET,4.0,1.0,8.5,113.0,-123.0
2023-09-23,MIN,ANA,0.0,1.0,7.5,-200.0,170.0
2023-09-23,FLA,MIL,5.0,4.0,7.0,104.0,-114.0
2023-09-23,HOU,KCR,2.0,3.0,10.0,-290.0,230.0
2023-09-23,CLE,BAL,1.0,2.0,8.0,117.0,-127.0
2023-09-23,CIN,PIT,12.0,13.0,9.5,-128.0,118.0
2023-09-23,CHC,COL,6.0,3.0,8.5,-230.0,190.0
2023-09-23,BOS,CHW,0.0,1.0,8.5,-150.0,135.0
2023-09-23,LAD,SFG,7.0,0.0,8.5,-215.0,180.0
2023-09-24,NYY,ARI,1.0,7.0,7.0,100.0,-110.0
2023-09-24,WSN,ATL,3.0,2.0,9.5,190.0,-230.0
2023-09-24,TEX,SEA,9.0,8.0,9.0,-128.0,118.0
2023-09-24,SDP,STL,12.0,2.0,8.0,-200.0,170.0
2023-09-24,PHI,NYM,5.0,2.0,9.0,-170.0,150.0
2023-09-24,OAK,DET,0.0,2.0,8.0,120.0,-130.0
2023-09-24,MIN,ANA,9.0,3.0,8.0,-250.0,205.0
2023-09-24,TBD,TOR,5.0,9.0,8.0,-107.0,-103.0
2023-09-24,LAD,SFG,3.0,2.0,9.0,-170.0,155.0
2023-09-24,HOU,KCR,5.0,6.0,9.5,-278.0,230.0
2023-09-24,CLE,BAL,1.0,5.0,7.0,-112.0,102.0
2023-09-24,CIN,PIT,4.0,2.0,10.5,-145.0,133.0
2023-09-24,FLA,MIL,6.0,1.0,7.0,115.0,-125.0
2023-09-24,CHC,COL,4.0,3.0,9.0,-250.0,205.0
2023-09-24,BOS,CHW,2.0,3.0,8.5,-165.0,145.0
2023-09-25,SFG,SDP,2.0,1.0,7.0,110.0,-120.0
2023-09-25,SEA,HOU,1.0,5.0,7.5,-124.0,104.0
2023-09-25,NYY,ARI,6.0,4.0,7.0,110.0,-120.0
2023-09-25,ANA,TEX,1.0,5.0,9.0,152.0,-184.0
2023-09-26,TOR,NYY,0.0,2.0,7.0,-175.0,155.0
2023-09-26,SFG,SDP,0.0,4.0,8.0,120.0,-130.0
2023-09-26,SEA,HOU,6.0,2.0,8.0,-110.0,100.0
2023-09-26,PHI,PIT,3.0,2.0,7.5,-180.0,160.0
2023-09-26,MIN,OAK,11.0,3.0,8.0,-216.0,176.0
2023-09-26,MIL,STL,1.0,4.0,8.5,-157.0,142.0
2023-09-26,DET,KCR,6.0,3.0,8.0,-160.0,135.0
2023-09-26,CHW,ARI,4.0,15.0,9.0,138.0,-150.0
2023-09-26,CLE,CIN,7.0,11.0,7.5,-110.0,100.0
2023-09-26,BOS,TBD,7.0,9.0,8.0,102.0,-112.0
2023-09-26,BAL,WSN,1.0,0.0,7.5,-250.0,205.0
2023-09-26,ATL,CHC,7.0,6.0,9.5,-140.0,125.0
2023-09-26,ANA,TEX,9.0,3.0,9.0,143.0,-158.0
2023-09-26,COL,LAD,4.0,1.0,12.0,195.0,-240.0
2023-09-27,MIN,OAK,6.0,4.0,7.5,-280.0,230.0
2023-09-27,SFG,SDP,2.0,5.0,8.5,-115.0,105.0
2023-09-27,SEA,HOU,3.0,8.0,8.0,100.0,-120.0
2023-09-27,PHI,PIT,7.0,6.0,8.0,-130.0,110.0
2023-09-27,TOR,NYY,0.0,6.0,7.0,-125.0,107.0
2023-09-27,NYM,FLA,11.0,2.0,7.5,115.0,-125.0
2023-09-27,MIL,STL,3.0,2.0,8.0,-140.0,125.0
2023-09-27,BOS,TBD,0.0,5.0,7.5,122.0,-132.0
2023-09-27,COL,LAD,2.0,8.0,12.5,185.0,-220.0
2023-09-27,CLE,CIN,4.0,3.0,8.0,-125.0,105.0
2023-09-27,CHW,ARI,0.0,3.0,9.0,168.0,-188.0
2023-09-27,BAL,WSN,5.0,1.0,8.0,-260.0,210.0
2023-09-27,ATL,CHC,6.0,5.0,9.5,-140.0,125.0
2023-09-27,ANA,TEX,0.0,5.0,8.5,145.0,-165.0
2023-09-27,DET,KCR,8.0,0.0,8.0,-210.0,175.0
2023-09-28,TOR,NYY,6.0,0.0,8.5,-197.0,162.0
2023-09-28,SEA,TEX,3.0,2.0,7.5,-112.0,102.0
2023-09-28,PHI,PIT,2.0,3.0,8.0,-270.0,220.0
2023-09-28,NYM,FLA,1.0,0.0,7.5,115.0,-135.0
2023-09-28,MIN,OAK,1.0,2.0,8.0,-275.0,225.0
2023-09-28,DET,KCR,7.0,3.0,7.0,-106.0,-104.0
2023-09-28,COL,LAD,14.0,5.0,11.5,185.0,-215.0
2023-09-28,CHW,ARI,3.0,1.0,9.0,165.0,-185.0
2023-09-28,BAL,BOS,2.0,0.0,7.5,-120.0,110.0
2023-09-28,ATL,CHC,5.0,3.0,9.5,-140.0,120.0
2023-09-28,MIL,STL,3.0,0.0,8.5,-270.0,220.0
2023-09-29,MIL,CHC,4.0,3.0,8.5,-110.0,-110.0
2023-09-29,TOR,TBD,11.0,4.0,8.0,-123.0,113.0
2023-09-29,STL,CIN,2.0,19.0,9.0,-103.0,-107.0
2023-09-29,SFG,LAD,2.0,6.0,8.5,118.0,-128.0
2023-09-29,SEA,TEX,8.0,0.0,8.0,-115.0,-105.0
2023-09-29,KCR,NYY,12.0,5.0,9.5,133.0,-145.0
2023-09-29,PIT,FLA,3.0,4.0,8.5,125.0,-140.0
2023-09-29,COL,MIN,6.0,7.0,11.5,165.0,-185.0
2023-09-29,ANA,OAK,5.0,1.0,8.5,-142.0,127.0
2023-09-29,ARI,HOU,1.0,2.0,9.5,-117.0,107.0
2023-09-29,ATL,WSN,6.0,10.0,10.0,-280.0,230.0
2023-09-29,DET,CLE,5.0,7.0,8.5,-103.0,-107.0
2023-09-29,BAL,BOS,0.0,3.0,7.5,105.0,-115.0
2023-09-29,CHW,SDP,2.0,3.0,8.5,125.0,-140.0
2023-09-30,TOR,TBD,5.0,7.0,8.5,-133.0,123.0
2023-09-30,STL,CIN,15.0,6.0,9.0,114.0,-124.0
2023-09-30,SFG,LAD,2.0,1.0,8.0,158.0,-173.0
2023-09-30,SEA,TEX,1.0,6.0,7.5,-145.0,133.0
2023-09-30,PIT,FLA,3.0,7.0,9.0,118.0,-128.0
2023-09-30,MIL,CHC,6.0,10.0,8.5,113.0,-123.0
2023-09-30,KCR,NYY,2.0,5.0,9.5,119.0,-129.0
2023-09-30,NYM,PHI,4.0,3.0,8.0,-102.0,-108.0
2023-09-30,COL,MIN,6.0,14.0,13.0,122.0,-132.0
2023-09-30,CHW,SDP,1.0,6.0,8.5,130.0,-145.0
2023-09-30,BAL,BOS,5.0,2.0,8.0,-127.0,117.0
2023-09-30,ATL,WSN,5.0,3.0,9.0,-390.0,310.0
2023-09-30,ARI,HOU,0.0,1.0,9.0,117.0,-127.0
2023-09-30,ANA,OAK,3.0,7.0,8.5,-120.0,100.0
2023-09-30,DET,CLE,8.0,0.0,8.0,-103.0,-107.0
2023-10-01,NYM,PHI,1.0,9.0,8.5,-117.0,107.0
2023-10-01,TOR,TBD,8.0,12.0,8.5,100.0,-110.0
2023-10-01,STL,CIN,4.0,3.0,8.5,105.0,-115.0
2023-10-01,SFG,LAD,2.0,5.0,8.0,145.0,-160.0
2023-10-01,SEA,TEX,1.0,0.0,7.5,-120.0,100.0
2023-10-01,PIT,FLA,3.0,0.0,9.0,-132.0,122.0
2023-10-01,MIL,CHC,4.0,0.0,8.5,-131.0,121.0
2023-10-01,DET,CLE,5.0,2.0,7.5,-118.0,108.0
2023-10-01,COL,MIN,3.0,2.0,13.0,135.0,-160.0
2023-10-01,CHW,SDP,1.0,2.0,9.5,170.0,-200.0
2023-10-01,BAL,BOS,1.0,6.0,8.5,-165.0,145.0
2023-10-01,ATL,WSN,9.0,10.0,10.5,-225.0,185.0
2023-10-01,ARI,HOU,1.0,8.0,9.0,190.0,-230.0
2023-10-01,ANA,OAK,7.0,3.0,8.5,-108.0,-102.0
2023-10-01,KCR,NYY,5.0,2.0,8.5,120.0,-130.0
2023-10-03,MIN,TOR,3.0,1.0,7.5,-120.0,110.0
2023-10-03,TBD,TEX,0.0,4.0,7.5,-155.0,140.0
2023-10-03,MIL,ARI,3.0,6.0,8.0,-175.0,144.0
2023-10-03,PHI,FLA,4.0,1.0,7.5,-156.0,141.0
2023-10-04,PHI,FLA,7.0,1.0,8.0,-150.0,135.0
2023-10-04,MIL,ARI,2.0,5.0,7.5,-132.0,122.0
2023-10-04,MIN,TOR,2.0,0.0,8.0,-146.0,131.0
2023-10-04,TBD,TEX,1.0,7.0,8.0,-146.0,131.0
2023-10-07,LAD,ARI,2.0,11.0,8.5,-190.0,170.0
2023-10-07,BAL,TEX,2.0,3.0,7.5,-125.0,115.0
2023-10-07,HOU,MIN,6.0,4.0,8.0,-140.0,129.0
2023-10-07,ATL,PHI,0.0,3.0,8.5,-200.0,170.0
2023-10-08,BAL,TEX,8.0,11.0,7.5,-105.0,-105.0
2023-10-08,HOU,MIN,2.0,6.0,7.5,-127.0,117.0
2023-10-09,ATL,PHI,5.0,4.0,8.0,-153.0,138.0
2023-10-09,LAD,ARI,2.0,4.0,8.0,-160.0,135.0
2023-10-10,MIN,HOU,1.0,9.0,8.0,-135.0,113.0
2023-10-10,TEX,BAL,7.0,1.0,9.0,-132.0,122.0
2023-10-11,PHI,ATL,10.0,2.0,9.0,-119.0,109.0
2023-10-11,ARI,LAD,4.0,2.0,9.5,125.0,-140.0
2023-10-11,MIN,HOU,2.0,3.0,8.5,-120.0,110.0
2023-10-12,PHI,ATL,3.0,1.0,8.0,130.0,-155.0
2023-10-15,HOU,TEX,0.0,2.0,8.5,-135.0,125.0
2023-10-16,PHI,ARI,5.0,3.0,7.5,-165.0,145.0
2023-10-16,HOU,TEX,4.0,5.0,8.5,-120.0,110.0
2023-10-17,PHI,ARI,10.0,0.0,7.5,-165.0,145.0
2023-10-18,TEX,HOU,5.0,8.0,9.0,-117.0,107.0
2023-10-19,TEX,HOU,3.0,10.0,9.5,-110.0,-110.0
2023-10-19,ARI,PHI,2.0,1.0,9.0,105.0,-125.0
2023-10-20,ARI,PHI,6.0,5.0,9.5,118.0,-128.0
2023-10-20,TEX,HOU,4.0,5.0,9.0,-105.0,-105.0
2023-10-21,ARI,PHI,1.0,6.0,8.0,119.0,-129.0
2023-10-22,HOU,TEX,2.0,9.0,8.5,-116.0,106.0
2023-10-23,PHI,ARI,1.0,5.0,8.0,-182.0,162.0
2023-10-23,HOU,TEX,4.0,11.0,9.0,-130.0,120.0
2023-10-24,PHI,ARI,2.0,4.0,8.0,-158.0,143.0
2023-10-27,TEX,ARI,6.0,5.0,8.5,-153.0,140.0
2023-10-28,TEX,ARI,1.0,9.0,9.0,-146.0,131.0
2023-10-30,ARI,TEX,1.0,3.0,9.0,104.0,-114.0
2023-10-31,ARI,TEX,7.0,11.0,9.5,-116.0,106.0
2023-11-01,ARI,TEX,0.0,5.0,8.5,-105.0,-105.0
2024-03-20,SDP,LAD,2.0,5.0,8.5,158.0,-188.0
2024-03-21,LAD,SDP,11.0,15.0,8.5,-188.0,158.0
2024-03-28,SDP,SFG,6.0,4.0,7.5,-106.0,-110.0
2024-03-28,SEA,BOS,4.0,6.0,7.5,-154.0,130.0
2024-03-28,CIN,WSN,8.0,2.0,9.5,-152.0,128.0
2024-03-28,TEX,CHC,4.0,3.0,8.5,-120.0,102.0
2024-03-28,OAK,CLE,0.0,8.0,7.5,124.0,-146.0
2024-03-28,TBD,TOR,2.0,8.0,7.5,-148.0,126.0
2024-03-28,LAD,STL,7.0,1.0,8.5,-250.0,205.0
2024-03-28,ARI,COL,16.0,1.0,8.5,-220.0,184.0
2024-03-28,HOU,NYY,4.0,5.0,9.0,-152.0,128.0
2024-03-28,FLA,PIT,5.0,6.0,7.5,-126.0,108.0
2024-03-28,CHW,DET,0.0,1.0,7.5,134.0,-158.0
2024-03-28,BAL,ANA,11.0,3.0,8.0,-190.0,160.0
2024-03-28,KCR,MIN,1.0,4.0,8.5,108.0,-126.0
2024-03-29,TBD,TOR,8.0,2.0,8.0,-126.0,108.0
2024-03-29,SEA,BOS,1.0,0.0,7.0,-162.0,136.0
2024-03-29,SDP,SFG,3.0,8.0,7.5,-146.0,124.0
2024-03-29,PHI,ATL,3.0,9.0,7.0,116.0,-136.0
2024-03-29,OAK,CLE,4.0,6.0,7.5,112.0,-132.0
2024-03-29,LAD,STL,6.0,3.0,8.5,-235.0,194.0
2024-03-29,HOU,NYY,1.0,7.0,9.5,-120.0,102.0
2024-03-29,FLA,PIT,2.0,7.0,8.5,-142.0,120.0
2024-03-29,ARI,COL,7.0,3.0,9.0,-240.0,198.0
2024-03-29,NYM,MIL,1.0,3.0,7.5,-112.0,-104.0
2024-03-30,OAK,CLE,3.0,12.0,7.5,112.0,-132.0
2024-03-30,PHI,ATL,4.0,12.0,8.0,114.0,-134.0
2024-03-30,NYM,MIL,6.0,7.0,7.5,-130.0,110.0
2024-03-30,SEA,BOS,4.0,3.0,7.0,-164.0,138.0
2024-03-30,TBD,TOR,5.0,1.0,8.5,-132.0,112.0
2024-03-30,SDP,SFG,6.0,9.0,7.5,-126.0,108.0
2024-03-30,TEX,CHC,11.0,2.0,9.5,-126.0,108.0
2024-03-30,LAD,STL,5.0,6.0,8.5,-235.0,194.0
2024-03-30,HOU,NYY,3.0,5.0,9.0,-134.0,114.0
2024-03-30,FLA,PIT,3.0,9.0,8.5,-108.0,-108.0
2024-03-30,CIN,WSN,6.0,7.0,10.5,-184.0,154.0
2024-03-30,CHW,DET,6.0,7.0,8.5,112.0,-132.0
2024-03-30,BAL,ANA,13.0,4.0,8.5,-166.0,140.0
2024-03-30,ARI,COL,4.0,9.0,9.5,-178.0,150.0
2024-03-30,KCR,MIN,1.0,5.0,8.0,104.0,-122.0
2024-03-31,TEX,CHC,5.0,9.0,9.0,-132.0,112.0
2024-03-31,TBD,TOR,2.0,9.0,8.0,106.0,-124.0
2024-03-31,SEA,BOS,1.0,5.0,7.5,-116.0,-102.0
2024-03-31,SDP,SFG,13.0,4.0,8.5,-158.0,134.0
2024-03-31,PHI,ATL,5.0,4.0,8.0,122.0,-144.0
2024-03-31,OAK,CLE,4.0,3.0,8.5,-100.0,-118.0
2024-03-31,NYM,MIL,1.0,4.0,8.0,-142.0,120.0
2024-03-31,LAD,STL,5.0,4.0,9.0,-174.0,146.0
2024-03-31,KCR,MIN,11.0,0.0,9.0,104.0,-122.0
2024-03-31,HOU,NYY,3.0,4.0,9.5,-118.0,-100.0
2024-03-31,FLA,PIT,7.0,9.0,8.5,-152.0,128.0
2024-03-31,CIN,WSN,6.0,5.0,9.5,-174.0,146.0
2024-03-31,CHW,DET,2.0,3.0,7.5,122.0,-144.0
2024-03-31,BAL,ANA,1.0,4.0,8.5,-142.0,120.0
2024-03-31,ARI,COL,5.0,1.0,9.0,-205.0,172.0
2024-04-01,WSN,PIT,4.0,8.0,8.5,-104.0,-112.0
2024-04-01,TBD,TEX,3.0,9.0,8.5,-126.0,108.0
2024-04-01,SEA,CLE,5.0,4.0,7.5,-102.0,-116.0
2024-04-01,SDP,STL,2.0,6.0,8.0,-122.0,104.0
2024-04-01,PHI,CIN,3.0,6.0,8.0,-148.0,126.0
2024-04-01,OAK,BOS,0.0,9.0,8.5,136.0,-162.0
2024-04-01,NYM,DET,0.0,5.0,7.5,-142.0,120.0
2024-04-01,HOU,TOR,10.0,0.0,9.0,-152.0,128.0
2024-04-01,FLA,ANA,4.0,7.0,8.5,-108.0,-108.0
2024-04-01,CHW,ATL,0.0,9.0,9.0,260.0,-320.0
2024-04-01,CHC,COL,5.0,0.0,7.0,-240.0,198.0
2024-04-01,BAL,KCR,6.0,4.0,8.0,-156.0,132.0
2024-04-01,ARI,NYY,2.0,5.0,9.5,102.0,-120.0
2024-04-01,LAD,SFG,8.0,3.0,8.5,-210.0,176.0
2024-04-02,LAD,SFG,5.0,4.0,8.5,-148.0,126.0
2024-04-02,TBD,TEX,5.0,2.0,8.5,-156.0,132.0
2024-04-02,SEA,CLE,2.0,5.0,7.0,-120.0,102.0
2024-04-02,SDP,STL,2.0,5.0,8.0,-144.0,122.0
2024-04-02,PHI,CIN,9.0,4.0,8.0,-138.0,118.0
2024-04-02,OAK,BOS,4.0,5.0,8.5,126.0,-148.0
2024-04-02,MIL,MIN,3.0,2.0,8.5,-118.0,-100.0
2024-04-02,FLA,ANA,1.0,3.0,9.0,-144.0,122.0
2024-04-02,CHW,ATL,3.0,2.0,9.0,158.0,-188.0
2024-04-02,CHC,COL,12.0,2.0,8.5,-180.0,152.0
2024-04-02,BAL,KCR,1.0,4.0,8.5,-164.0,138.0
2024-04-02,ARI,NYY,7.0,0.0,8.5,-110.0,-106.0
2024-04-02,HOU,TOR,1.0,2.0,8.5,-158.0,134.0
2024-04-03,SDP,STL,3.0,2.0,8.5,-158.0,134.0
2024-04-03,SEA,CLE,0.0,8.0,7.5,-154.0,130.0
2024-04-03,OAK,BOS,0.0,1.0,7.5,142.0,-168.0
2024-04-03,WSN,PIT,5.0,3.0,8.5,132.0,-156.0
2024-04-03,TBD,TEX,1.0,4.0,7.5,-124.0,106.0
2024-04-03,MIL,MIN,3.0,7.0,8.5,-106.0,-110.0
2024-04-03,PHI,CIN,1.0,4.0,7.5,-180.0,152.0
2024-04-03,HOU,TOR,8.0,0.0,9.0,-156.0,132.0
2024-04-03,FLA,ANA,2.0,10.0,8.5,-110.0,-106.0
2024-04-03,CHC,COL,9.0,8.0,7.0,-215.0,180.0
2024-04-03,BAL,KCR,4.0,3.0,7.0,-172.0,144.0
2024-04-03,ARI,NYY,5.0,6.0,8.5,104.0,-122.0
2024-04-03,LAD,SFG,5.0,4.0,8.5,-245.0,200.0
2024-04-04,WSN,PIT,4.0,7.0,8.5,106.0,-124.0
2024-04-04,STL,FLA,8.0,5.0,8.0,-142.0,120.0
2024-04-04,NYM,DET,2.0,1.0,7.5,-118.0,-100.0
2024-04-04,KCR,CHW,10.0,1.0,8.0,-184.0,154.0
2024-04-04,MIN,CLE,2.0,4.0,7.0,-166.0,140.0
2024-04-05,WSN,PHI,0.0,4.0,8.0,172.0,-205.0
2024-04-05,TEX,HOU,10.0,2.0,10.0,120.0,-142.0
2024-04-05,SFG,SDP,3.0,2.0,7.5,-120.0,102.0
2024-04-05,PIT,BAL,2.0,5.0,7.5,104.0,-122.0
2024-04-05,NYY,TOR,0.0,3.0,8.5,-156.0,132.0
2024-04-05,MIL,SEA,6.0,5.0,7.5,-126.0,108.0
2024-04-05,COL,TBD,10.0,7.0,12.5,142.0,-168.0
2024-04-05,DET,OAK,5.0,4.0,7.5,-245.0,200.0
2024-04-05,CIN,NYM,2.0,3.0,8.5,-134.0,116.0
2024-04-05,CHC,LAD,9.0,7.0,7.5,160.0,-190.0
2024-04-05,ATL,ARI,6.0,5.0,9.0,-300.0,245.0
2024-04-05,ANA,BOS,6.0,8.0,8.5,-102.0,-116.0
2024-04-05,KCR,CHW,2.0,1.0,8.0,-190.0,160.0
2024-04-06,WSN,PHI,2.0,5.0,8.0,160.0,-190.0
2024-04-06,TEX,HOU,7.0,2.0,10.0,-108.0,-108.0
2024-04-06,STL,FLA,3.0,1.0,7.5,-148.0,126.0
2024-04-06,SFG,SDP,0.0,4.0,8.0,-116.0,-102.0
2024-04-06,PIT,BAL,5.0,4.0,8.5,116.0,-136.0
2024-04-06,NYY,TOR,9.0,8.0,7.5,-120.0,102.0
2024-04-06,MIN,CLE,1.0,3.0,8.0,-168.0,142.0
2024-04-06,DET,OAK,0.0,4.0,8.5,-146.0,124.0
2024-04-06,KCR,CHW,3.0,0.0,9.0,-230.0,190.0
2024-04-06,COL,TBD,6.0,8.0,11.5,120.0,-142.0
2024-04-06,CIN,NYM,9.0,6.0,9.5,-126.0,108.0
2024-04-06,CHC,LAD,1.0,4.0,7.5,130.0,-154.0
2024-04-06,ATL,ARI,9.0,8.0,9.0,-205.0,172.0
2024-04-06,ANA,BOS,2.0,1.0,8.0,-116.0,-102.0
2024-04-06,MIL,SEA,3.0,5.0,8.5,-118.0,-100.0
2024-04-07,WSN,PHI,3.0,2.0,7.5,132.0,-156.0
2024-04-07,TEX,HOU,1.0,3.0,10.5,-108.0,-108.0
2024-04-07,STL,FLA,3.0,10.0,9.0,-142.0,120.0
2024-04-07,SFG,SDP,3.0,2.0,7.5,-166.0,140.0
2024-04-07,PIT,BAL,3.0,2.0,8.5,-100.0,-118.0
2024-04-07,NYY,TOR,8.0,3.0,8.0,-166.0,140.0
2024-04-07,MIL,SEA,12.0,4.0,9.0,-134.0,114.0
2024-04-07,KCR,CHW,5.0,3.0,9.0,-126.0,108.0
2024-04-07,COL,TBD,2.0,3.0,11.0,122.0,-144.0
2024-04-07,CIN,NYM,1.0,3.0,8.5,-102.0,-126.0
2024-04-07,CHC,LAD,8.0,1.0,8.5,-102.0,-116.0
2024-04-07,ATL,ARI,5.0,2.0,9.0,-255.0,210.0
2024-04-07,ANA,BOS,2.0,12.0,8.5,-100.0,-118.0
2024-04-07,DET,OAK,1.0,7.0,7.5,-220.0,184.0
2024-04-08,SDP,CHC,9.0,8.0,7.5,-136.0,116.0
2024-04-08,TOR,SEA,5.0,2.0,8.0,-118.0,-100.0
2024-04-08,TEX,HOU,5.0,10.0,10.0,-132.0,112.0
2024-04-08,STL,PHI,3.0,5.0,8.5,-112.0,-104.0
2024-04-08,SFG,WSN,1.0,8.0,7.5,-220.0,184.0
2024-04-08,PIT,DET,7.0,4.0,8.0,-132.0,112.0
2024-04-08,ANA,TBD,7.0,1.0,8.5,130.0,-154.0
2024-04-08,MIN,LAD,2.0,4.0,8.5,116.0,-136.0
2024-04-08,COL,ARI,7.0,5.0,10.5,148.0,-176.0
2024-04-08,CLE,CHW,4.0,0.0,8.5,-245.0,200.0
2024-04-08,CIN,MIL,10.0,8.0,9.5,-110.0,-106.0
2024-04-08,ATL,NYM,7.0,8.0,9.5,-225.0,188.0
2024-04-08,NYY,FLA,7.0,0.0,8.0,-154.0,130.0
2024-04-09,TOR,SEA,5.0,3.0,8.0,-108.0,-108.0
2024-04-09,TEX,OAK,3.0,4.0,8.5,-215.0,180.0
2024-04-09,STL,PHI,3.0,0.0,7.5,118.0,-138.0
2024-04-09,SFG,WSN,3.0,5.0,8.5,-184.0,154.0
2024-04-09,SDP,CHC,1.0,5.0,8.0,-142.0,120.0
2024-04-09,PIT,DET,3.0,5.0,8.5,-120.0,102.0
2024-04-09,NYY,FLA,3.0,2.0,8.0,-220.0,184.0
2024-04-09,MIN,LAD,3.0,6.0,8.0,154.0,-184.0
2024-04-09,KCR,HOU,4.0,3.0,8.5,104.0,-122.0
2024-04-09,COL,ARI,2.0,3.0,11.0,152.0,-180.0
2024-04-09,CLE,CHW,5.0,7.0,8.5,-250.0,205.0
2024-04-09,CIN,MIL,5.0,9.0,9.5,-134.0,116.0
2024-04-09,BOS,BAL,1.0,7.0,8.0,110.0,-130.0
2024-04-09,ATL,NYM,6.0,5.0,9.5,-188.0,158.0
2024-04-09,ANA,TBD,4.0,6.0,8.5,104.0,-122.0
2024-04-10,TOR,SEA,1.0,6.0,8.5,-118.0,-100.0
2024-04-10,TEX,OAK,6.0,2.0,9.0,-198.0,166.0
2024-04-10,STL,PHI,3.0,4.0,7.5,118.0,-138.0
2024-04-10,SFG,WSN,7.0,1.0,8.5,-205.0,172.0
2024-04-10,SDP,CHC,10.0,2.0,8.0,-158.0,134.0
2024-04-10,NYY,FLA,2.0,5.0,8.5,-220.0,184.0
2024-04-10,BOS,BAL,5.0,7.0,9.0,-116.0,-102.0
2024-04-10,KCR,HOU,11.0,2.0,9.5,104.0,-122.0
2024-04-10,COL,ARI,3.0,5.0,11.0,-106.0,-110.0
2024-04-10,CLE,CHW,7.0,6.0,7.5,-270.0,220.0
2024-04-10,CIN,MIL,2.0,7.0,8.5,-142.0,120.0
2024-04-10,ANA,TBD,2.0,4.0,9.0,102.0,-120.0
2024-04-10,MIN,LAD,3.0,2.0,8.5,144.0,-172.0
2024-04-11,TEX,OAK,0.0,1.0,9.5,-200.0,168.0
2024-04-11,PHI,PIT,5.0,1.0,9.0,-136.0,116.0
2024-04-11,KCR,HOU,13.0,3.0,8.5,110.0,-130.0
2024-04-11,ATL,NYM,4.0,16.0,9.5,-164.0,138.0
2024-04-11,BOS,BAL,4.0,9.0,8.5,110.0,-130.0
2024-04-12,NYM,KCR,6.0,1.0,8.5,-142.0,120.0
2024-04-12,TOR,COL,4.0,12.0,8.0,-230.0,190.0
2024-04-12,SEA,CHC,4.0,2.0,7.5,-134.0,114.0
2024-04-12,PHI,PIT,2.0,5.0,9.0,-162.0,136.0
2024-04-12,OAK,WSN,2.0,1.0,8.0,-134.0,114.0
2024-04-12,LAD,SDP,7.0,8.0,8.5,-205.0,172.0
2024-04-12,TBD,SFG,2.0,1.0,8.5,-108.0,-108.0
2024-04-12,FLA,ATL,1.0,8.0,8.5,168.0,-200.0
2024-04-12,ARI,STL,6.0,9.0,9.5,-124.0,106.0
2024-04-12,BAL,MIL,1.0,11.0,8.5,108.0,-126.0
2024-04-12,HOU,TEX,8.0,12.0,9.0,-126.0,108.0
2024-04-12,CHW,CIN,1.0,11.0,9.5,148.0,-176.0
2024-04-12,DET,MIN,8.0,2.0,7.0,-120.0,102.0
2024-04-12,BOS,ANA,0.0,7.0,9.0,-116.0,-102.0
2024-04-13,TOR,COL,5.0,3.0,9.0,-188.0,158.0
2024-04-13,TBD,SFG,2.0,11.0,7.5,-116.0,-102.0
2024-04-13,SEA,CHC,1.0,4.0,7.5,116.0,-136.0
2024-04-13,PHI,PIT,4.0,3.0,8.5,-162.0,136.0
2024-04-13,OAK,WSN,1.0,3.0,7.5,114.0,-134.0
2024-04-13,LAD,SDP,5.0,2.0,8.5,-210.0,176.0
2024-04-13,NYM,KCR,7.0,11.0,8.5,-166.0,140.0
2024-04-13,DET,MIN,1.0,4.0,8.5,-136.0,116.0
2024-04-13,CLE,NYY,2.0,3.0,8.5,114.0,-134.0
2024-04-13,CHW,CIN,0.0,5.0,7.5,110.0,-130.0
2024-04-13,BOS,ANA,7.0,2.0,10.5,-102.0,-116.0
2024-04-13,BAL,MIL,5.0,11.0,8.5,-146.0,124.0
2024-04-13,ARI,STL,4.0,2.0,10.5,-116.0,-104.0
2024-04-13,FLA,ATL,5.0,1.0,8.5,188.0,-225.0
2024-04-13,HOU,TEX,9.0,2.0,9.0,-138.0,118.0
2024-04-14,LAD,SDP,3.0,6.0,8.5,-158.0,134.0
2024-04-14,TOR,COL,5.0,0.0,8.5,-255.0,210.0
2024-04-14,TBD,SFG,9.0,4.0,8.0,-106.0,-110.0
2024-04-14,SEA,CHC,2.0,3.0,7.0,-142.0,120.0
2024-04-14,PHI,PIT,2.0,9.0,8.5,-200.0,168.0
2024-04-14,OAK,WSN,7.0,6.0,7.5,-146.0,124.0
2024-04-14,NYM,KCR,2.0,1.0,8.5,-112.0,-104.0
2024-04-14,FLA,ATL,7.0,9.0,8.5,120.0,-142.0
2024-04-14,DET,MIN,4.0,3.0,8.5,-130.0,110.0
2024-04-14,CLE,NYY,8.0,7.0,8.5,108.0,-126.0
2024-04-14,CHW,CIN,4.0,11.0,9.0,130.0,-154.0
2024-04-14,BOS,ANA,5.0,4.0,10.0,-132.0,112.0
2024-04-14,BAL,MIL,6.0,4.0,8.5,-220.0,184.0
2024-04-14,ARI,STL,5.0,0.0,8.5,-142.0,120.0
2024-04-14,HOU,TEX,8.0,5.0,8.5,-116.0,-102.0
2024-04-15,TOR,NYY,3.0,1.0,8.5,-112.0,-104.0
2024-04-15,TBD,ANA,3.0,7.0,8.5,-166.0,140.0
2024-04-15,SEA,CIN,9.0,3.0,7.0,-154.0,130.0
2024-04-15,PHI,COL,2.0,1.0,8.5,-270.0,220.0
2024-04-15,OAK,STL,1.0,3.0,7.5,146.0,-174.0
2024-04-15,NYM,PIT,6.0,3.0,8.5,-124.0,106.0
2024-04-15,MIL,SDP,3.0,7.0,8.5,-112.0,-112.0
2024-04-15,HOU,ATL,1.0,6.0,10.0,-102.0,-116.0
2024-04-15,FLA,SFG,3.0,4.0,8.5,-100.0,-118.0
2024-04-15,DET,TEX,0.0,1.0,8.5,-122.0,104.0
2024-04-15,CHW,KCR,0.0,2.0,8.0,144.0,-172.0
2024-04-15,BOS,CLE,0.0,6.0,9.5,-156.0,132.0
2024-04-15,BAL,MIN,7.0,4.0,9.0,-132.0,112.0
2024-04-15,ARI,CHC,2.0,3.0,8.5,-156.0,132.0
2024-04-15,LAD,WSN,4.0,6.0,8.5,-390.0,310.0
2024-04-16,NYM,PIT,3.0,1.0,7.5,-110.0,-106.0
2024-04-16,TBD,ANA,7.0,6.0,8.5,-148.0,126.0
2024-04-16,SEA,CIN,3.0,1.0,7.0,-142.0,120.0
2024-04-16,PHI,COL,5.0,0.0,8.5,-260.0,215.0
2024-04-16,OAK,STL,2.0,3.0,8.0,122.0,-144.0
2024-04-16,MIL,SDP,3.0,6.0,8.5,-100.0,-118.0
2024-04-16,TOR,NYY,5.0,4.0,8.5,-116.0,-102.0
2024-04-16,HOU,ATL,2.0,6.0,9.5,-104.0,-112.0
2024-04-16,FLA,SFG,6.0,3.0,8.5,114.0,-134.0
2024-04-16,DET,TEX,4.0,2.0,8.0,104.0,-122.0
2024-04-16,BOS,CLE,7.0,10.0,8.5,-116.0,-102.0
2024-04-16,BAL,MIN,11.0,3.0,8.0,-168.0,142.0
2024-04-16,ARI,CHC,12.0,11.0,10.0,-120.0,102.0
2024-04-16,LAD,WSN,6.0,2.0,9.5,-275.0,225.0
2024-04-17,TOR,NYY,4.0,6.0,8.5,-118.0,-100.0
2024-04-17,TBD,ANA,4.0,5.0,8.5,-122.0,104.0
2024-04-17,SEA,CIN,5.0,1.0,7.5,-134.0,114.0
2024-04-17,PHI,COL,7.0,6.0,8.0,-230.0,190.0
2024-04-17,OAK,STL,6.0,3.0,8.0,110.0,-130.0
2024-04-17,MIL,SDP,1.0,0.0,8.0,-112.0,-104.0
2024-04-17,LAD,WSN,0.0,2.0,10.0,-240.0,184.0
2024-04-17,NYM,PIT,9.0,1.0,7.5,-164.0,128.0
2024-04-17,FLA,SFG,1.0,3.0,8.0,-102.0,-116.0
2024-04-17,DET,TEX,4.0,5.0,7.5,-144.0,122.0
2024-04-17,CHW,KCR,2.0,1.0,8.5,142.0,-168.0
2024-04-17,BOS,CLE,2.0,0.0,8.5,-134.0,114.0
2024-04-17,BAL,MIN,4.0,2.0,8.5,-120.0,102.0
2024-04-17,ARI,CHC,3.0,5.0,9.0,-130.0,110.0
2024-04-17,HOU,ATL,4.0,5.0,9.0,114.0,-134.0
2024-04-18,TBD,ANA,2.0,1.0,8.5,-142.0,120.0
2024-04-18,SFG,ARI,5.0,0.0,7.5,-156.0,132.0
2024-04-18,DET,TEX,7.0,9.0,9.0,-102.0,-116.0
2024-04-18,BOS,CLE,4.0,5.0,8.5,-106.0,-110.0
2024-04-19,PHI,CHW,7.0,0.0,7.5,-184.0,154.0
2024-04-19,WSN,HOU,3.0,5.0,8.0,130.0,-154.0
2024-04-19,STL,MIL,1.0,2.0,7.0,-100.0,-118.0
2024-04-19,SFG,ARI,1.0,17.0,7.5,-122.0,104.0
2024-04-19,SDP,TOR,1.0,5.0,8.5,-110.0,-106.0
2024-04-19,PIT,BOS,1.0,8.0,8.5,-112.0,-104.0
2024-04-19,NYY,TBD,5.0,3.0,8.5,-180.0,152.0
2024-04-19,KCR,BAL,9.0,4.0,9.0,112.0,-132.0
2024-04-19,LAD,NYM,4.0,9.0,8.5,-200.0,168.0
2024-04-19,CLE,OAK,10.0,2.0,7.5,-164.0,138.0
2024-04-19,CIN,ANA,7.0,1.0,9.5,-132.0,112.0
2024-04-19,CHC,FLA,8.0,3.0,9.5,-172.0,144.0
2024-04-19,ATL,TEX,8.0,3.0,9.5,-210.0,176.0
2024-04-19,MIN,DET,4.0,5.0,7.0,-154.0,130.0
2024-04-20,WSN,HOU,5.0,4.0,9.5,150.0,-178.0
2024-04-20,STL,MIL,5.0,12.0,8.0,-138.0,118.0
2024-04-20,SFG,ARI,7.0,3.0,8.0,-100.0,-118.0
2024-04-20,SDP,TOR,2.0,5.0,7.5,104.0,-122.0
2024-04-20,PIT,BOS,2.0,4.0,8.0,-118.0,-100.0
2024-04-20,PHI,CHW,9.0,5.0,7.5,-375.0,300.0
2024-04-20,NYY,TBD,0.0,2.0,9.0,-122.0,104.0
2024-04-20,MIN,DET,4.0,3.0,7.5,-142.0,120.0
2024-04-20,KCR,BAL,7.0,9.0,7.5,102.0,-120.0
2024-04-20,COL,SEA,0.0,7.0,9.5,154.0,-184.0
2024-04-20,CLE,OAK,6.0,3.0,7.5,-190.0,160.0
2024-04-20,CIN,ANA,7.0,5.0,9.0,-118.0,-100.0
2024-04-20,CHC,FLA,2.0,3.0,8.0,-134.0,116.0
2024-04-20,ATL,TEX,5.0,2.0,9.0,-142.0,120.0
2024-04-20,LAD,NYM,4.0,6.0,9.5,-174.0,146.0
2024-04-21,PHI,CHW,8.0,2.0,7.5,-290.0,235.0
2024-04-21,WSN,HOU,6.0,0.0,9.0,144.0,-172.0
2024-04-21,STL,MIL,0.0,2.0,7.5,-168.0,132.0
2024-04-21,SFG,ARI,3.0,5.0,8.0,-134.0,116.0
2024-04-21,SDP,TOR,6.0,3.0,8.0,-110.0,-106.0
2024-04-21,PIT,BOS,1.0,6.0,7.5,-158.0,134.0
2024-04-21,NYY,TBD,5.0,4.0,8.0,-130.0,110.0
2024-04-21,CIN,ANA,3.0,0.0,9.0,-122.0,104.0
2024-04-21,LAD,NYM,10.0,0.0,9.0,-255.0,210.0
2024-04-21,ATL,TEX,4.0,6.0,9.5,-154.0,130.0
2024-04-21,CHC,FLA,3.0,6.0,8.5,-124.0,106.0
2024-04-21,MIN,DET,1.0,6.0,8.0,-122.0,104.0
2024-04-21,COL,SEA,2.0,1.0,10.5,154.0,-184.0
2024-04-21,KCR,BAL,0.0,5.0,8.5,-108.0,-108.0
2024-04-21,CLE,OAK,6.0,2.0,7.5,-166.0,140.0
2024-04-22,PIT,MIL,4.0,2.0,7.5,-154.0,130.0
2024-04-22,TBD,DET,1.0,7.0,7.5,-110.0,-106.0
2024-04-22,STL,ARI,5.0,3.0,8.5,-112.0,-104.0
2024-04-22,SFG,NYM,5.0,2.0,8.0,-112.0,-104.0
2024-04-22,NYY,OAK,0.0,2.0,8.5,-255.0,210.0
2024-04-22,MIN,CHW,7.0,0.0,8.5,-210.0,176.0
2024-04-22,KCR,TOR,3.0,5.0,9.0,102.0,-120.0
2024-04-22,COL,SDP,1.0,3.0,10.5,148.0,-176.0
2024-04-22,CIN,PHI,0.0,7.0,8.0,-104.0,-112.0
2024-04-22,ATL,FLA,3.0,0.0,9.5,-215.0,180.0
2024-04-22,ANA,BAL,2.0,4.0,8.5,-108.0,-108.0
2024-04-23,TEX,SEA,0.0,4.0,9.0,-102.0,-116.0
2024-04-23,TBD,DET,2.0,4.0,8.0,-168.0,142.0
2024-04-23,STL,ARI,1.0,14.0,8.5,-142.0,120.0
2024-04-23,SFG,NYM,5.0,1.0,7.0,-134.0,116.0
2024-04-23,PIT,MIL,2.0,1.0,8.5,-104.0,-112.0
2024-04-23,NYY,OAK,4.0,3.0,8.0,-215.0,180.0
2024-04-23,WSN,LAD,1.0,4.0,10.0,188.0,-225.0
2024-04-23,MIN,CHW,6.0,5.0,7.0,-290.0,235.0
2024-04-23,COL,SDP,7.0,4.0,9.5,126.0,-148.0
2024-04-23,CLE,BOS,4.0,1.0,8.0,-124.0,106.0
2024-04-23,CIN,PHI,8.0,1.0,9.0,110.0,-130.0
2024-04-23,CHC,HOU,7.0,2.0,10.5,-102.0,-116.0
2024-04-23,ATL,FLA,5.0,0.0,8.5,-260.0,215.0
2024-04-23,ANA,BAL,7.0,4.0,8.5,132.0,-156.0
2024-04-23,KCR,TOR,3.0,2.0,8.5,104.0,-122.0
2024-04-24,WSN,LAD,2.0,11.0,9.5,152.0,-180.0
2024-04-24,TEX,SEA,5.0,1.0,9.0,-142.0,120.0
2024-04-24,TBD,DET,7.0,5.0,8.0,-104.0,-112.0
2024-04-24,STL,ARI,5.0,1.0,8.0,-116.0,-102.0
2024-04-24,SFG,NYM,2.0,8.0,7.5,-106.0,-110.0
2024-04-24,PIT,MIL,2.0,3.0,8.5,104.0,-122.0
2024-04-24,NYY,OAK,7.0,3.0,8.5,-240.0,198.0
2024-04-24,COL,SDP,2.0,5.0,10.5,132.0,-156.0
2024-04-24,KCR,TOR,3.0,2.0,8.5,112.0,-132.0
2024-04-24,CLE,BOS,0.0,8.0,7.5,-136.0,116.0
2024-04-24,CIN,PHI,7.0,4.0,8.5,-148.0,126.0
2024-04-24,CHC,HOU,4.0,3.0,7.5,-106.0,-110.0
2024-04-24,ATL,FLA,4.0,3.0,9.0,-270.0,220.0
2024-04-24,ANA,BAL,5.0,6.0,9.5,110.0,-130.0
2024-04-24,MIN,CHW,6.0,3.0,6.5,-205.0,172.0
2024-04-25,PIT,MIL,5.0,7.0,6.5,118.0,-138.0
2024-04-25,WSN,LAD,1.0,2.0,7.5,152.0,-180.0
2024-04-25,TEX,SEA,3.0,4.0,9.0,-100.0,-118.0
2024-04-25,NYY,OAK,1.0,3.0,7.5,-290.0,235.0
2024-04-25,MIN,CHW,6.0,3.0,8.0,-210.0,176.0
2024-04-25,KCR,TOR,2.0,1.0,7.5,-106.0,-110.0
2024-04-25,COL,SDP,10.0,9.0,11.0,120.0,-142.0
2024-04-25,CLE,BOS,6.0,4.0,7.5,-130.0,110.0
2024-04-25,CIN,PHI,0.0,5.0,8.0,148.0,-176.0
2024-04-25,CHC,HOU,3.0,1.0,7.5,122.0,-144.0
2024-04-26,TOR,LAD,2.0,12.0,9.0,108.0,-126.0
2024-04-26,TEX,CIN,2.0,1.0,8.5,-174.0,146.0
2024-04-26,SFG,PIT,3.0,0.0,8.0,-144.0,122.0
2024-04-26,SEA,ARI,6.0,1.0,7.5,108.0,-126.0
2024-04-26,SDP,PHI,3.0,9.0,7.5,-104.0,-112.0
2024-04-26,NYM,STL,2.0,4.0,7.5,-130.0,110.0
2024-04-26,MIL,NYY,7.0,6.0,8.5,114.0,-134.0
2024-04-26,DET,KCR,0.0,8.0,7.5,-126.0,108.0
2024-04-26,CHW,TBD,9.0,4.0,7.5,190.0,-230.0
2024-04-26,BOS,CHC,1.0,7.0,7.5,-106.0,-110.0
2024-04-26,BAL,OAK,2.0,3.0,7.5,-290.0,235.0
2024-04-26,ATL,CLE,6.0,2.0,8.5,-275.0,225.0
2024-04-26,ANA,MIN,3.0,5.0,8.0,-116.0,-102.0
2024-04-26,FLA,WSN,1.0,3.0,8.5,-130.0,110.0
2024-04-27,NYM,STL,4.0,7.0,7.5,116.0,-136.0
2024-04-27,TOR,LAD,2.0,4.0,7.5,128.0,-152.0
2024-04-27,TEX,CIN,4.0,8.0,8.5,-124.0,106.0
2024-04-27,SFG,PIT,3.0,4.0,7.5,-152.0,128.0
2024-04-27,SEA,ARI,3.0,1.0,7.0,-156.0,132.0
2024-04-27,SDP,PHI,1.0,5.0,7.5,-116.0,-102.0
2024-04-27,MIL,NYY,3.0,15.0,8.5,-102.0,-116.0
2024-04-27,FLA,WSN,4.0,11.0,7.5,-146.0,124.0
2024-04-27,DET,KCR,6.0,5.0,8.0,-112.0,-104.0
2024-04-27,ANA,MIN,5.0,16.0,9.0,-112.0,-104.0
2024-04-27,ATL,CLE,2.0,4.0,8.5,-168.0,142.0
2024-04-27,BAL,OAK,7.0,0.0,8.0,-196.0,164.0
2024-04-27,COL,HOU,4.0,12.0,16.5,180.0,-215.0
2024-04-27,CHW,TBD,8.0,7.0,8.5,168.0,-200.0
2024-04-27,BOS,CHC,17.0,0.0,9.0,-100.0,-118.0
2024-04-28,TEX,CIN,4.0,3.0,8.5,-132.0,112.0
2024-04-28,SFG,PIT,3.0,2.0,7.0,-110.0,-106.0
2024-04-28,SEA,ARI,2.0,3.0,6.5,-136.0,116.0
2024-04-28,SDP,PHI,6.0,8.0,8.0,-146.0,124.0
2024-04-28,NYM,STL,4.0,2.0,8.0,-138.0,118.0
2024-04-28,MIL,NYY,5.0,15.0,8.5,116.0,-136.0
2024-04-28,FLA,WSN,9.0,12.0,8.5,-136.0,116.0
2024-04-28,DET,KCR,4.0,1.0,7.5,-174.0,146.0
2024-04-28,BOS,CHC,5.0,4.0,9.5,-146.0,124.0
2024-04-28,BAL,OAK,6.0,7.0,8.5,-210.0,176.0
2024-04-28,ATL,CLE,4.0,3.0,9.0,-156.0,132.0
2024-04-28,ANA,MIN,5.0,11.0,7.5,-108.0,-108.0
2024-04-28,TOR,LAD,3.0,1.0,8.5,-112.0,-104.0
2024-04-28,COL,HOU,2.0,8.0,16.0,210.0,-255.0
2024-04-28,CHW,TBD,4.0,2.0,8.0,118.0,-138.0
2024-04-29,SDP,CIN,2.0,5.0,7.5,-112.0,-104.0
2024-04-29,SEA,ATL,2.0,1.0,7.0,134.0,-158.0
2024-04-29,NYM,CHC,1.0,3.0,7.5,-142.0,120.0
2024-04-29,TOR,KCR,6.0,5.0,8.5,-164.0,138.0
2024-04-29,MIL,TBD,0.0,1.0,8.0,-112.0,-104.0
2024-04-29,OAK,PIT,5.0,1.0,7.5,110.0,-130.0
2024-04-29,CHW,MIN,2.0,3.0,7.5,136.0,-162.0
2024-04-29,BAL,NYY,2.0,0.0,9.0,-130.0,110.0
2024-04-29,ARI,LAD,4.0,8.0,10.0,120.0,-142.0
2024-04-29,ANA,PHI,6.0,5.0,9.0,122.0,-144.0
2024-04-29,FLA,WSN,2.0,7.0,8.5,-142.0,120.0
2024-04-30,TOR,KCR,1.0,4.0,7.5,-130.0,110.0
2024-04-30,TEX,WSN,7.0,1.0,8.0,-158.0,134.0
2024-04-30,SEA,ATL,3.0,2.0,6.5,106.0,-124.0
2024-04-30,SDP,CIN,6.0,4.0,7.5,-174.0,146.0
2024-04-30,OAK,PIT,5.0,2.0,7.5,116.0,-136.0
2024-04-30,NYM,CHC,4.0,2.0,7.5,-122.0,104.0
2024-04-30,FLA,COL,7.0,6.0,8.0,-138.0,118.0
2024-04-30,MIL,TBD,8.0,2.0,7.5,-178.0,150.0
2024-04-30,DET,STL,1.0,2.0,8.5,-124.0,106.0
2024-04-30,CHW,MIN,5.0,6.0,8.5,150.0,-178.0
2024-04-30,BOS,SFG,4.0,0.0,8.0,114.0,-134.0
2024-04-30,BAL,NYY,4.0,2.0,9.0,108.0,-126.0
2024-04-30,ARI,LAD,4.0,3.0,10.5,122.0,-144.0
2024-04-30,ANA,PHI,5.0,7.0,8.0,152.0,-180.0
2024-04-30,HOU,CLE,10.0,9.0,9.0,-172.0,144.0
2024-05-01,TOR,KCR,1.0,6.0,8.0,-142.0,120.0
2024-05-01,TEX,WSN,0.0,1.0,9.0,-196.0,164.0
2024-05-01,SEA,ATL,2.0,5.0,7.0,158.0,-188.0
2024-05-01,SDP,CIN,6.0,2.0,7.5,-146.0,124.0
2024-05-01,OAK,PIT,4.0,0.0,7.5,-106.0,-110.0
2024-05-01,NYM,CHC,0.0,1.0,7.0,104.0,-122.0
2024-05-01,FLA,COL,4.0,1.0,9.0,-144.0,122.0
2024-05-01,MIL,TBD,7.0,1.0,8.5,-108.0,-108.0
2024-05-01,DET,STL,4.0,1.0,9.0,-102.0,-116.0
2024-05-01,CHW,MIN,5.0,10.0,9.0,188.0,-225.0
2024-05-01,BOS,SFG,6.0,2.0,8.5,-162.0,136.0
2024-05-01,BAL,NYY,0.0,2.0,8.5,-154.0,130.0
2024-05-01,ARI,LAD,0.0,8.0,8.5,118.0,-138.0
2024-05-01,ANA,PHI,1.0,2.0,8.0,176.0,-210.0
2024-05-01,HOU,CLE,2.0,3.0,8.5,-184.0,154.0
2024-05-02,TEX,WSN,6.0,0.0,8.0,-200.0,168.0
2024-05-02,NYM,CHC,7.0,6.0,8.0,-116.0,-102.0
2024-05-02,FLA,COL,5.0,4.0,7.5,-180.0,152.0
2024-05-02,HOU,CLE,8.0,2.0,9.0,-136.0,116.0
2024-05-02,BOS,SFG,1.0,3.0,9.5,-118.0,-100.0
2024-05-02,BAL,NYY,7.0,2.0,9.0,-112.0,-104.0
2024-05-03,TBD,NYM,10.0,8.0,8.0,-146.0,124.0
2024-05-03,WSN,TOR,9.0,3.0,8.5,168.0,-200.0
2024-05-03,STL,CHW,3.0,0.0,7.5,-295.0,240.0
2024-05-03,PIT,COL,2.0,3.0,8.0,-180.0,152.0
2024-05-03,PHI,SFG,4.0,3.0,7.5,-174.0,146.0
2024-05-03,OAK,FLA,3.0,1.0,7.5,-162.0,136.0
2024-05-03,NYY,DET,2.0,1.0,7.5,-178.0,150.0
2024-05-03,CHC,MIL,1.0,3.0,7.5,-118.0,-100.0
2024-05-03,LAD,ATL,4.0,3.0,9.0,-116.0,-102.0
2024-05-03,KCR,TEX,7.0,1.0,8.5,-118.0,-100.0
2024-05-03,HOU,SEA,5.0,3.0,8.5,-118.0,-100.0
2024-05-03,CLE,ANA,0.0,6.0,7.5,-205.0,172.0
2024-05-03,CIN,BAL,0.0,3.0,9.0,-116.0,-102.0
2024-05-03,ARI,SDP,1.0,7.0,9.0,-102.0,-116.0
2024-05-03,MIN,BOS,5.0,2.0,7.5,-124.0,106.0
2024-05-04,PHI,SFG,14.0,3.0,7.0,-168.0,142.0
2024-05-04,PIT,COL,1.0,0.0,7.0,-225.0,188.0
2024-05-04,OAK,FLA,20.0,4.0,7.0,-132.0,112.0
2024-05-04,TBD,NYM,3.0,1.0,7.5,-108.0,-108.0
2024-05-04,WSN,TOR,3.0,6.0,7.5,146.0,-174.0
2024-05-04,STL,CHW,5.0,6.0,8.5,-184.0,154.0
2024-05-04,NYY,DET,5.0,3.0,7.5,-168.0,142.0
2024-05-04,CHC,MIL,6.0,5.0,8.5,-132.0,112.0
2024-05-04,LAD,ATL,11.0,2.0,8.5,-188.0,158.0
2024-05-04,KCR,TEX,4.0,15.0,8.5,-108.0,-108.0
2024-05-04,HOU,SEA,0.0,5.0,7.5,-148.0,126.0
2024-05-04,CLE,ANA,7.0,1.0,8.0,-130.0,110.0
2024-05-04,CIN,BAL,1.0,2.0,9.0,-124.0,106.0
2024-05-04,MIN,BOS,3.0,1.0,7.5,-178.0,150.0
2024-05-04,ARI,SDP,1.0,13.0,8.5,-120.0,102.0
2024-05-05,WSN,TOR,11.0,8.0,8.5,-112.0,-104.0
2024-05-05,TBD,NYM,7.0,6.0,7.0,-108.0,-108.0
2024-05-05,STL,CHW,1.0,5.0,7.5,-162.0,136.0
2024-05-05,PIT,COL,5.0,3.0,7.0,-162.0,136.0
2024-05-05,PHI,SFG,5.0,4.0,8.0,-106.0,-110.0
2024-05-05,OAK,FLA,3.0,12.0,7.5,-134.0,116.0
2024-05-05,NYY,DET,5.0,2.0,6.5,-132.0,112.0
2024-05-05,LAD,ATL,5.0,1.0,8.5,130.0,-154.0
2024-05-05,KCR,TEX,2.0,3.0,8.5,118.0,-138.0
2024-05-05,HOU,SEA,4.0,5.0,8.5,-132.0,112.0
2024-05-05,CLE,ANA,4.0,1.0,8.0,-154.0,130.0
2024-05-05,CIN,BAL,1.0,11.0,9.0,-130.0,110.0
2024-05-05,CHC,MIL,5.0,0.0,6.5,116.0,-136.0
2024-05-05,ARI,SDP,11.0,4.0,9.0,-104.0,-112.0
2024-05-05,MIN,BOS,2.0,9.0,7.5,-184.0,154.0
2024-05-06,PHI,SFG,6.0,1.0,7.5,-230.0,190.0
2024-05-06,TBD,CHW,8.0,2.0,8.0,-168.0,142.0
2024-05-06,STL,NYM,3.0,4.0,8.0,-132.0,112.0
2024-05-06,PIT,ANA,4.0,1.0,8.0,-164.0,138.0
2024-05-06,OAK,TEX,2.0,4.0,7.5,118.0,-138.0
2024-05-06,MIN,SEA,3.0,1.0,8.0,106.0,-124.0
2024-05-06,LAD,FLA,6.0,3.0,8.5,-335.0,270.0
2024-05-06,KCR,MIL,3.0,2.0,8.5,-138.0,118.0
2024-05-06,CLE,DET,2.0,1.0,7.5,-120.0,102.0
2024-05-06,CHC,SDP,3.0,6.0,7.5,-116.0,-102.0
2024-05-07,WSN,BAL,3.0,0.0,8.5,194.0,-235.0
2024-05-07,TBD,CHW,5.0,1.0,8.0,-270.0,220.0
2024-05-07,STL,NYM,5.0,7.0,8.5,-126.0,108.0
2024-05-07,PIT,ANA,0.0,9.0,7.5,-132.0,112.0
2024-05-07,PHI,TOR,10.0,1.0,8.0,-116.0,-102.0
2024-05-07,OAK,TEX,8.0,15.0,8.0,106.0,-124.0
2024-05-07,MIN,SEA,6.0,10.0,8.0,-162.0,136.0
2024-05-07,NYY,HOU,10.0,3.0,8.5,-120.0,102.0
2024-05-07,KCR,MIL,5.0,6.0,9.0,-130.0,110.0
2024-05-07,COL,SFG,0.0,5.0,10.5,138.0,-164.0
2024-05-07,CLE,DET,7.0,11.0,8.5,-138.0,118.0
2024-05-07,CIN,ARI,2.0,6.0,8.5,110.0,-130.0
2024-05-07,CHC,SDP,3.0,2.0,9.0,-166.0,140.0
2024-05-07,ATL,BOS,4.0,2.0,8.5,-184.0,154.0
2024-05-07,LAD,FLA,8.0,2.0,7.5,-320.0,260.0
2024-05-08,NYY,HOU,9.0,4.0,9.5,-162.0,136.0
2024-05-08,WSN,BAL,6.0,7.0,8.5,142.0,-168.0
2024-05-08,TBD,CHW,1.0,4.0,8.5,-260.0,215.0
2024-05-08,PIT,ANA,4.0,5.0,9.0,-138.0,118.0
2024-05-08,PHI,TOR,3.0,5.0,8.5,-168.0,142.0
2024-05-08,OAK,TEX,9.0,4.0,8.0,102.0,-120.0
2024-05-08,MIN,SEA,6.0,3.0,7.5,-108.0,-108.0
2024-05-08,KCR,MIL,6.0,4.0,8.5,-120.0,102.0
2024-05-08,COL,SFG,6.0,8.0,9.5,142.0,-168.0
2024-05-08,CLE,DET,5.0,4.0,7.5,-124.0,106.0
2024-05-08,CIN,ARI,3.0,4.0,9.0,-110.0,-106.0
2024-05-08,CHC,SDP,0.0,3.0,7.5,114.0,-134.0
2024-05-08,ATL,BOS,5.0,0.0,8.5,-215.0,180.0
2024-05-08,LAD,FLA,3.0,1.0,9.0,-270.0,220.0
2024-05-09,COL,SFG,9.0,1.0,9.5,114.0,-134.0
2024-05-09,ANA,KCR,4.0,10.0,8.5,-104.0,-112.0
2024-05-09,CHW,CLE,3.0,2.0,7.5,132.0,-156.0
2024-05-09,CIN,ARI,4.0,5.0,9.0,-142.0,120.0
2024-05-09,MIL,STL,7.0,1.0,7.5,118.0,-138.0
2024-05-09,MIN,SEA,11.0,1.0,7.0,-118.0,-100.0
2024-05-09,NYY,HOU,3.0,4.0,8.5,-144.0,122.0
2024-05-10,SDP,LAD,2.0,1.0,7.5,150.0,-178.0
2024-05-10,SFG,CIN,2.0,4.0,7.0,-146.0,124.0
2024-05-10,SEA,OAK,8.0,1.0,7.5,-154.0,130.0
2024-05-10,TOR,MIN,2.0,3.0,7.5,-116.0,-102.0
2024-05-10,NYM,ATL,2.0,4.0,7.5,126.0,-148.0
2024-05-10,TBD,NYY,0.0,2.0,8.5,108.0,-136.0
2024-05-10,MIL,STL,11.0,2.0,8.5,-126.0,108.0
2024-05-10,PIT,CHC,2.0,7.0,7.0,-130.0,110.0
2024-05-10,DET,HOU,2.0,5.0,8.0,126.0,-148.0
2024-05-10,COL,TEX,4.0,2.0,9.5,160.0,-190.0
2024-05-10,CHW,CLE,6.0,3.0,7.5,-118.0,-100.0
2024-05-10,BOS,WSN,1.0,5.0,8.5,-220.0,184.0
2024-05-10,BAL,ARI,4.0,2.0,7.5,-132.0,112.0
2024-05-10,ANA,KCR,1.0,2.0,8.5,104.0,-122.0
2024-05-10,FLA,PHI,2.0,8.0,7.5,162.0,-194.0
2024-05-11,TOR,MIN,10.0,8.0,7.5,-148.0,126.0
2024-05-11,TBD,NYY,7.0,2.0,8.0,-110.0,-106.0
2024-05-11,SFG,CIN,5.0,1.0,7.5,122.0,-144.0
2024-05-11,SEA,OAK,1.0,8.0,8.0,-225.0,188.0
2024-05-11,SDP,LAD,0.0,5.0,9.5,120.0,-142.0
2024-05-11,PIT,CHC,10.0,9.0,7.0,-100.0,-118.0
2024-05-11,NYM,ATL,1.0,4.0,7.0,136.0,-162.0
2024-05-11,COL,TEX,8.0,3.0,10.0,132.0,-156.0
2024-05-11,FLA,PHI,3.0,8.0,8.0,108.0,-126.0
2024-05-11,DET,HOU,8.0,2.0,7.5,-158.0,134.0
2024-05-11,CHW,CLE,3.0,1.0,8.0,142.0,-168.0
2024-05-11,BOS,WSN,4.0,2.0,8.5,-158.0,134.0
2024-05-11,BAL,ARI,5.0,4.0,8.5,-152.0,128.0
2024-05-11,ANA,KCR,9.0,3.0,8.0,140.0,-166.0
2024-05-11,MIL,STL,5.0,3.0,7.5,-190.0,148.0
2024-05-12,PIT,CHC,4.0,5.0,9.0,-102.0,-116.0
2024-05-12,SDP,LAD,4.0,0.0,7.5,-112.0,-104.0
2024-05-12,NYM,ATL,4.0,3.0,7.5,-110.0,-106.0
2024-05-12,SFG,CIN,6.0,5.0,7.5,-122.0,104.0
2024-05-12,TOR,MIN,1.0,5.0,8.0,102.0,-120.0
2024-05-12,SEA,OAK,8.0,4.0,7.5,-220.0,184.0
2024-05-12,MIL,STL,3.0,4.0,9.0,-154.0,130.0
2024-05-12,TBD,NYY,6.0,10.0,8.5,122.0,-144.0
2024-05-12,DET,HOU,3.0,9.0,7.5,-116.0,-102.0
2024-05-12,COL,TEX,3.0,1.0,10.5,120.0,-142.0
2024-05-12,CHW,CLE,0.0,7.0,9.0,146.0,-174.0
2024-05-12,BOS,WSN,3.0,2.0,7.5,-138.0,118.0
2024-05-12,BAL,ARI,2.0,9.0,7.5,-130.0,110.0
2024-05-12,ANA,KCR,2.0,4.0,8.0,-110.0,-106.0
2024-05-12,FLA,PHI,7.0,6.0,7.0,168.0,-200.0
2024-05-13,TEX,CLE,0.0,7.0,9.0,-108.0,-108.0
2024-05-13,SFG,LAD,4.0,6.0,7.5,184.0,-220.0
2024-05-13,SEA,KCR,6.0,2.0,7.0,-154.0,130.0
2024-05-13,SDP,COL,4.0,5.0,8.0,-220.0,184.0
2024-05-13,NYM,PHI,4.0,5.0,7.0,-116.0,-102.0
2024-05-13,MIL,PIT,6.0,8.0,8.5,-142.0,120.0
2024-05-13,DET,FLA,6.0,5.0,8.5,-168.0,142.0
2024-05-13,BOS,TBD,3.0,5.0,8.5,-116.0,-102.0
2024-05-13,BAL,TOR,2.0,3.0,7.5,-178.0,150.0
2024-05-13,ATL,CHC,2.0,0.0,8.0,-138.0,118.0
2024-05-13,ARI,CIN,6.0,5.0,8.5,-158.0,134.0
2024-05-13,ANA,STL,5.0,10.0,8.5,-104.0,-112.0
2024-05-13,HOU,OAK,9.0,2.0,8.5,-180.0,152.0
2024-05-14,MIN,NYY,1.0,5.0,8.5,-106.0,-110.0
2024-05-14,TEX,CLE,4.0,7.0,9.5,-120.0,102.0
2024-05-14,SFG,LAD,2.0,10.0,8.5,154.0,-184.0
2024-05-14,SEA,KCR,2.0,4.0,7.5,-164.0,138.0
2024-05-14,NYM,PHI,0.0,4.0,7.5,104.0,-122.0
2024-05-14,MIL,PIT,4.0,3.0,8.5,-158.0,134.0
2024-05-14,SDP,COL,3.0,6.0,7.0,-295.0,240.0
2024-05-14,DET,FLA,0.0,1.0,8.0,-184.0,154.0
2024-05-14,CHW,WSN,3.0,6.0,7.5,-108.0,-108.0
2024-05-14,BOS,TBD,5.0,4.0,9.5,-120.0,102.0
2024-05-14,ATL,CHC,7.0,0.0,7.5,-198.0,166.0
2024-05-14,ARI,CIN,2.0,6.0,8.5,-116.0,-102.0
2024-05-14,ANA,STL,6.0,7.0,7.5,126.0,-148.0
2024-05-14,HOU,OAK,2.0,1.0,8.5,-188.0,158.0
2024-05-15,TEX,CLE,4.0,0.0,8.5,-190.0,160.0
2024-05-15,SFG,LAD,4.0,1.0,7.5,116.0,-136.0
2024-05-15,SEA,KCR,4.0,2.0,8.0,-142.0,120.0
2024-05-15,SDP,COL,0.0,8.0,7.5,-250.0,205.0
2024-05-15,MIN,NYY,0.0,4.0,8.0,-136.0,116.0
2024-05-15,MIL,PIT,10.0,2.0,8.5,-152.0,128.0
2024-05-15,HOU,OAK,3.0,0.0,8.5,-250.0,205.0
2024-05-15,PHI,NYM,10.0,5.0,7.5,-205.0,172.0
2024-05-15,CHW,WSN,2.0,0.0,7.0,-168.0,142.0
2024-05-15,BOS,TBD,3.0,4.0,8.5,-130.0,110.0
2024-05-15,BAL,TOR,3.0,2.0,7.0,-136.0,116.0
2024-05-15,ATL,CHC,1.0,7.0,8.5,-184.0,154.0
2024-05-15,ARI,CIN,2.0,1.0,8.5,-156.0,132.0
2024-05-15,ANA,STL,7.0,2.0,8.5,106.0,-124.0
2024-05-15,DET,FLA,0.0,2.0,8.5,-162.0,136.0
2024-05-16,PHI,NYM,5.0,6.0,8.5,-136.0,116.0
2024-05-16,MIN,NYY,0.0,5.0,8.0,-118.0,-100.0
2024-05-16,LAD,CIN,2.0,7.0,7.5,-310.0,250.0
2024-05-16,HOU,OAK,8.0,1.0,9.0,-215.0,180.0
2024-05-16,BOS,TBD,5.0,7.0,7.5,-108.0,-108.0
2024-05-16,CHC,PIT,4.0,5.0,8.0,-122.0,104.0
2024-05-17,NYY,CHW,4.0,2.0,7.5,-290.0,235.0
2024-05-17,TEX,ANA,3.0,9.0,9.0,-188.0,158.0
2024-05-17,STL,BOS,10.0,6.0,8.0,-108.0,-108.0
2024-05-17,SFG,COL,10.0,5.0,7.5,-136.0,116.0
2024-05-17,TOR,TBD,3.0,4.0,8.5,-162.0,136.0
2024-05-17,PHI,WSN,4.0,2.0,7.5,-270.0,200.0
2024-05-17,FLA,NYM,8.0,0.0,7.5,104.0,-122.0
2024-05-17,CHC,PIT,3.0,9.0,7.5,-100.0,-118.0
2024-05-17,KCR,OAK,6.0,2.0,8.5,-205.0,172.0
2024-05-17,HOU,MIL,5.0,4.0,7.5,-104.0,-112.0
2024-05-17,CLE,MIN,3.0,2.0,8.5,-126.0,108.0
2024-05-17,BAL,SEA,9.0,2.0,8.5,-132.0,112.0
2024-05-17,ATL,SDP,1.0,3.0,8.0,-215.0,180.0
2024-05-17,ARI,DET,0.0,13.0,7.5,116.0,-136.0
2024-05-17,LAD,CIN,7.0,3.0,8.5,-190.0,160.0
2024-05-18,TOR,TBD,4.0,5.0,7.5,-142.0,120.0
2024-05-18,TEX,ANA,3.0,2.0,8.5,-134.0,114.0
2024-05-18,STL,BOS,7.0,2.0,8.5,-100.0,-118.0
2024-05-18,SFG,COL,14.0,4.0,8.0,-178.0,150.0
2024-05-18,PHI,WSN,4.0,3.0,7.5,-174.0,146.0
2024-05-18,NYY,CHW,6.0,1.0,8.0,-295.0,240.0
2024-05-18,FLA,NYM,10.0,9.0,7.5,104.0,-122.0
2024-05-18,LAD,CIN,4.0,0.0,8.0,-190.0,160.0
2024-05-18,HOU,MIL,2.0,4.0,8.5,-174.0,146.0
2024-05-18,CLE,MIN,11.0,4.0,7.5,102.0,-120.0
2024-05-18,CHC,PIT,1.0,0.0,8.5,-205.0,172.0
2024-05-18,BAL,SEA,3.0,4.0,7.5,-136.0,116.0
2024-05-18,ARI,DET,3.0,8.0,7.5,-144.0,122.0
2024-05-18,KCR,OAK,5.0,3.0,9.5,-188.0,158.0
2024-05-19,TOR,TBD,5.0,2.0,8.0,-118.0,-100.0
2024-05-19,TEX,ANA,1.0,4.0,8.5,-158.0,134.0
2024-05-19,STL,BOS,3.0,11.0,8.5,110.0,-130.0
2024-05-19,SFG,COL,4.0,1.0,7.5,-225.0,188.0
2024-05-19,PHI,WSN,11.0,5.0,7.5,-235.0,194.0
2024-05-19,NYY,CHW,7.0,2.0,8.5,-310.0,250.0
2024-05-19,FLA,NYM,3.0,7.0,8.5,122.0,-144.0
2024-05-19,HOU,MIL,9.0,4.0,9.0,-138.0,118.0
2024-05-19,KCR,OAK,8.0,4.0,9.0,-174.0,146.0
2024-05-19,CLE,MIN,5.0,2.0,7.5,-112.0,-104.0
2024-05-19,CHC,PIT,2.0,3.0,8.0,-130.0,110.0
2024-05-19,BAL,SEA,6.0,3.0,7.0,-144.0,122.0
2024-05-19,ATL,SDP,1.0,9.0,9.0,-120.0,102.0
2024-05-19,ARI,DET,6.0,4.0,9.0,-144.0,122.0
2024-05-19,LAD,CIN,3.0,2.0,8.0,-166.0,140.0
2024-05-20,WSN,MIN,12.0,3.0,7.5,136.0,-162.0
2024-05-20,TOR,CHW,9.0,3.0,7.5,-198.0,166.0
2024-05-20,TBD,BOS,0.0,5.0,7.5,-122.0,104.0
2024-05-20,STL,BAL,6.0,3.0,8.0,-120.0,102.0
2024-05-20,NYY,SEA,4.0,5.0,7.5,-142.0,120.0
2024-05-20,FLA,MIL,3.0,2.0,8.5,122.0,-144.0
2024-05-20,KCR,DET,8.0,3.0,8.5,-110.0,-106.0
2024-05-20,HOU,ANA,7.0,9.0,8.0,-220.0,184.0
2024-05-20,CLE,NYM,3.0,1.0,9.0,-126.0,108.0
2024-05-20,ATL,SDP,5.0,6.0,7.5,-120.0,102.0
2024-05-20,LAD,ARI,6.0,4.0,8.5,-245.0,200.0
2024-05-21,CHC,ATL,4.0,3.0,10.5,106.0,-124.0
2024-05-21,LAD,ARI,3.0,7.0,8.5,-164.0,138.0
2024-05-21,OAK,COL,5.0,4.0,7.5,-134.0,116.0
2024-05-21,HOU,ANA,6.0,5.0,8.5,-210.0,176.0
2024-05-21,STL,BAL,3.0,1.0,9.0,126.0,-148.0
2024-05-21,KCR,DET,10.0,3.0,9.0,-108.0,-108.0
2024-05-21,TOR,CHW,0.0,5.0,7.0,-188.0,158.0
2024-05-21,CLE,NYM,7.0,6.0,9.0,-122.0,104.0
2024-05-21,TBD,BOS,2.0,5.0,8.0,-138.0,118.0
2024-05-21,WSN,MIN,0.0,10.0,8.5,154.0,-184.0
2024-05-21,PIT,SFG,7.0,6.0,8.5,116.0,-136.0
2024-05-21,PHI,TEX,5.0,2.0,8.5,-172.0,144.0
2024-05-21,FLA,MIL,5.0,7.0,8.0,120.0,-142.0
2024-05-21,CIN,SDP,2.0,0.0,9.5,102.0,-120.0
2024-05-21,NYY,SEA,3.0,6.0,8.0,-166.0,140.0
2024-05-22,WSN,MIN,2.0,3.0,9.5,106.0,-124.0
2024-05-22,TOR,CHW,9.0,2.0,8.0,-250.0,205.0
2024-05-22,TBD,BOS,5.0,8.0,7.5,-144.0,122.0
2024-05-22,STL,BAL,5.0,4.0,9.0,136.0,-162.0
2024-05-22,PIT,SFG,5.0,9.0,7.5,-120.0,102.0
2024-05-22,PHI,TEX,11.0,4.0,9.5,-120.0,102.0
2024-05-22,OAK,COL,3.0,4.0,8.0,-146.0,124.0
2024-05-22,LAD,ARI,0.0,6.0,8.0,-320.0,260.0
2024-05-22,FLA,MIL,1.0,0.0,7.0,112.0,-132.0
2024-05-22,KCR,DET,8.0,3.0,7.0,-102.0,-116.0
2024-05-22,HOU,ANA,1.0,2.0,9.0,-200.0,168.0
2024-05-22,CLE,NYM,6.0,3.0,9.0,-106.0,-110.0
2024-05-22,CIN,SDP,3.0,7.0,9.5,108.0,-126.0
2024-05-22,CHC,ATL,2.0,9.0,8.5,114.0,-134.0
2024-05-22,NYY,SEA,7.0,3.0,8.5,-156.0,132.0
2024-05-23,OAK,COL,10.0,9.0,7.5,-120.0,102.0
2024-05-23,PIT,SFG,6.0,7.0,8.0,-184.0,154.0
2024-05-23,PHI,TEX,5.0,2.0,8.0,-205.0,172.0
2024-05-23,NYY,SEA,5.0,0.0,7.5,-152.0,128.0
2024-05-23,DET,TOR,1.0,9.0,7.5,-108.0,-108.0
2024-05-23,CIN,SDP,4.0,6.0,9.5,-104.0,-112.0
2024-05-23,CHC,ATL,0.0,3.0,8.5,-116.0,-102.0
2024-05-23,CHW,BAL,6.0,8.0,8.0,194.0,-240.0
2024-05-24,WSN,SEA,6.0,1.0,8.0,108.0,-126.0
2024-05-24,TBD,KCR,1.0,8.0,8.0,-100.0,-118.0
2024-05-24,SDP,NYY,0.0,8.0,7.0,-100.0,-118.0
2024-05-24,PIT,ATL,11.0,5.0,9.0,152.0,-180.0
2024-05-24,OAK,HOU,3.0,6.0,8.5,148.0,-176.0
2024-05-24,MIN,TEX,3.0,2.0,8.5,-162.0,136.0
2024-05-24,NYM,SFG,7.0,8.0,7.5,-142.0,120.0
2024-05-24,COL,PHI,3.0,2.0,10.5,176.0,-210.0
2024-05-24,CIN,LAD,9.0,6.0,10.5,132.0,-156.0
2024-05-24,CHW,BAL,4.0,6.0,7.5,205.0,-250.0
2024-05-24,BOS,MIL,2.0,7.0,9.5,-134.0,114.0
2024-05-24,ARI,FLA,0.0,3.0,7.5,-188.0,158.0
2024-05-24,ANA,CLE,4.0,10.0,7.5,-104.0,-112.0
2024-05-24,DET,TOR,6.0,2.0,8.5,-104.0,-112.0
2024-05-25,OAK,HOU,3.0,1.0,8.5,130.0,-154.0
2024-05-25,WSN,SEA,3.0,1.0,9.0,138.0,-164.0
2024-05-25,TBD,KCR,4.0,7.0,7.5,-108.0,-108.0
2024-05-25,STL,CHC,7.0,6.0,8.5,-108.0,-108.0
2024-05-25,SDP,NYY,1.0,4.0,7.5,-124.0,106.0
2024-05-25,PIT,ATL,4.0,1.0,8.5,130.0,-154.0
2024-05-25,MIN,TEX,5.0,3.0,8.5,-148.0,126.0
2024-05-25,NYM,SFG,2.0,7.0,8.0,-146.0,124.0
2024-05-25,DET,TOR,2.0,1.0,8.5,-116.0,-102.0
2024-05-25,COL,PHI,4.0,8.0,10.5,194.0,-235.0
2024-05-25,CIN,LAD,3.0,1.0,9.5,132.0,-156.0
2024-05-25,CHW,BAL,3.0,5.0,8.0,144.0,-172.0
2024-05-25,BOS,MIL,3.0,6.0,9.5,-148.0,126.0
2024-05-25,ARI,FLA,3.0,2.0,9.5,-188.0,158.0
2024-05-25,ANA,CLE,3.0,4.0,8.0,122.0,-144.0
2024-05-26,WSN,SEA,5.0,9.0,9.0,146.0,-174.0
2024-05-26,TBD,KCR,4.0,1.0,8.0,-126.0,108.0
2024-05-26,STL,CHC,4.0,3.0,8.5,-142.0,120.0
2024-05-26,SDP,NYY,5.0,2.0,8.0,110.0,-130.0
2024-05-26,PIT,ATL,1.0,8.0,8.0,190.0,-230.0
2024-05-26,OAK,HOU,2.0,5.0,8.5,142.0,-168.0
2024-05-26,NYM,SFG,4.0,3.0,7.5,-104.0,-112.0
2024-05-26,DET,TOR,14.0,11.0,8.0,112.0,-132.0
2024-05-26,COL,PHI,5.0,2.0,9.5,176.0,-210.0
2024-05-26,CIN,LAD,4.0,1.0,9.0,172.0,-205.0
2024-05-26,CHW,BAL,1.0,4.0,7.0,142.0,-168.0
2024-05-26,BOS,MIL,2.0,1.0,8.5,-142.0,120.0
2024-05-26,ARI,FLA,1.0,3.0,8.5,-134.0,114.0
2024-05-26,ANA,CLE,4.0,5.0,8.5,-104.0,-112.0
2024-05-26,MIN,TEX,2.0,6.0,8.0,-168.0,142.0
2024-05-27,MIN,KCR,6.0,5.0,7.5,-172.0,144.0
2024-05-27,SFG,PHI,8.0,4.0,8.0,-134.0,114.0
2024-05-27,SEA,HOU,3.0,2.0,7.5,108.0,-126.0
2024-05-27,SDP,FLA,2.0,1.0,7.5,-205.0,172.0
2024-05-27,COL,CLE,8.0,6.0,11.0,110.0,-130.0
2024-05-27,BAL,BOS,11.0,3.0,9.0,-156.0,132.0
2024-05-27,CIN,STL,3.0,1.0,9.5,-158.0,134.0
2024-05-27,CHW,TOR,1.0,5.0,9.0,168.0,-200.0
2024-05-27,ATL,WSN,4.0,8.0,9.0,-205.0,172.0
2024-05-27,MIL,CHC,5.0,1.0,8.0,-104.0,-112.0
2024-05-28,TEX,ARI,4.0,2.0,8.5,-130.0,110.0
2024-05-28,TBD,OAK,0.0,3.0,7.5,-178.0,150.0
2024-05-28,SFG,PHI,1.0,0.0,7.0,164.0,-196.0
2024-05-28,SEA,HOU,4.0,2.0,7.5,-130.0,110.0
2024-05-28,SDP,FLA,4.0,0.0,7.0,-136.0,116.0
2024-05-28,NYM,LAD,2.0,5.0,7.5,164.0,-196.0
2024-05-28,MIN,KCR,4.0,2.0,7.5,112.0,-132.0
2024-05-28,COL,CLE,7.0,13.0,10.5,108.0,-136.0
2024-05-28,CIN,STL,1.0,7.0,9.5,-130.0,110.0
2024-05-28,CHW,TOR,2.0,7.0,7.5,184.0,-220.0
2024-05-28,BAL,BOS,3.0,8.0,8.0,-178.0,150.0
2024-05-28,ATL,WSN,2.0,0.0,8.5,-255.0,210.0
2024-05-28,ANA,NYY,4.0,3.0,8.5,154.0,-184.0
2024-05-28,MIL,CHC,3.0,6.0,7.5,-166.0,140.0
2024-05-29,NYM,LAD,3.0,10.0,8.5,-100.0,-118.0
2024-05-29,SDP,FLA,1.0,9.0,7.0,-184.0,154.0
2024-05-29,MIN,KCR,1.0,6.0,7.5,-130.0,110.0
2024-05-29,TBD,OAK,4.0,3.0,8.0,-184.0,154.0
2024-05-29,TEX,ARI,6.0,1.0,9.0,-132.0,112.0
2024-05-29,SFG,PHI,1.0,6.0,7.5,108.0,-126.0
2024-05-29,MIL,CHC,10.0,6.0,7.5,124.0,-146.0
2024-05-29,SEA,HOU,2.0,1.0,7.0,-108.0,-108.0
2024-05-29,COL,CLE,7.0,4.0,11.0,128.0,-152.0
2024-05-29,CIN,STL,3.0,5.0,9.5,-124.0,106.0
2024-05-29,CHW,TOR,1.0,3.0,8.0,166.0,-198.0
2024-05-29,DET,PIT,8.0,0.0,7.5,114.0,-134.0
2024-05-29,BAL,BOS,6.0,1.0,7.0,-180.0,152.0
2024-05-29,ATL,WSN,2.0,7.0,8.5,-152.0,128.0
2024-05-29,ANA,NYY,1.0,2.0,8.5,176.0,-210.0
2024-05-30,TBD,OAK,6.0,5.0,8.5,-162.0,136.0
2024-05-30,SEA,HOU,0.0,4.0,7.0,-132.0,112.0
2024-05-30,NYM,ARI,3.0,2.0,7.0,108.0,-126.0
2024-05-30,MIN,KCR,7.0,6.0,8.5,-162.0,136.0
2024-05-30,MIL,CHC,6.0,4.0,8.5,-120.0,102.0
2024-05-30,BOS,DET,0.0,5.0,7.5,-122.0,104.0
2024-05-30,ATL,WSN,1.0,3.0,8.5,-190.0,160.0
2024-05-30,ANA,NYY,3.0,8.0,8.5,146.0,-174.0
2024-05-31,TOR,PIT,5.0,3.0,8.5,-180.0,152.0
2024-05-31,SFG,NYY,2.0,6.0,7.5,114.0,-134.0
2024-05-31,SEA,ANA,5.0,4.0,7.0,-158.0,134.0
2024-05-31,PHI,STL,4.0,2.0,8.0,-210.0,176.0
2024-05-31,MIL,CHW,12.0,5.0,8.0,-180.0,152.0
2024-05-31,FLA,TEX,8.0,2.0,8.5,118.0,-138.0
2024-05-31,LAD,COL,1.0,4.0,8.5,-350.0,280.0
2024-05-31,NYM,ARI,10.0,9.0,7.5,-126.0,108.0
2024-05-31,HOU,MIN,1.0,6.0,8.0,-112.0,-104.0
2024-05-31,CLE,WSN,7.0,1.0,7.5,-235.0,194.0
2024-05-31,CHC,CIN,4.0,5.0,8.5,-136.0,116.0
2024-05-31,BOS,DET,7.0,3.0,8.5,-172.0,144.0
2024-05-31,BAL,TBD,3.0,1.0,8.0,-142.0,120.0
2024-05-31,ATL,OAK,4.0,2.0,8.5,-230.0,190.0
2024-05-31,KCR,SDP,8.0,11.0,8.0,116.0,-136.0
2024-06-01,TOR,PIT,1.0,8.0,7.5,-148.0,126.0
2024-06-01,SFG,NYY,3.0,7.0,7.5,-112.0,-104.0
2024-06-01,SEA,ANA,9.0,0.0,7.5,-162.0,136.0
2024-06-01,PHI,STL,6.0,1.0,7.5,-166.0,140.0
2024-06-01,NYM,ARI,5.0,10.0,8.5,-130.0,110.0
2024-06-01,MIL,CHW,4.0,3.0,7.0,-166.0,140.0
2024-06-01,FLA,TEX,0.0,7.0,8.0,-118.0,-100.0
2024-06-01,LAD,COL,4.0,1.0,7.5,-320.0,260.0
2024-06-01,HOU,MIN,5.0,2.0,7.5,-122.0,104.0
2024-06-01,CLE,WSN,3.0,2.0,7.5,-144.0,122.0
2024-06-01,CHC,CIN,7.0,5.0,7.5,-136.0,116.0
2024-06-01,BOS,DET,6.0,3.0,8.5,-112.0,-104.0
2024-06-01,BAL,TBD,9.0,5.0,8.0,-158.0,134.0
2024-06-01,ATL,OAK,9.0,11.0,7.5,-330.0,265.0
2024-06-01,KCR,SDP,3.0,7.0,9.5,-122.0,104.0
2024-06-02,FLA,TEX,0.0,6.0,8.5,110.0,-130.0
2024-06-02,SFG,NYY,5.0,7.0,7.5,114.0,-134.0
2024-06-02,SEA,ANA,5.0,1.0,7.0,-210.0,176.0
2024-06-02,TOR,PIT,5.0,4.0,8.0,-178.0,150.0
2024-06-02,NYM,ARI,4.0,5.0,8.0,-106.0,-110.0
2024-06-02,MIL,CHW,6.0,3.0,7.5,-350.0,280.0
2024-06-02,LAD,COL,4.0,0.0,8.5,-255.0,210.0
2024-06-02,PHI,STL,4.0,5.0,9.5,-138.0,118.0
2024-06-02,HOU,MIN,3.0,4.0,8.0,-148.0,126.0
2024-06-02,CLE,WSN,2.0,5.0,8.0,-132.0,112.0
2024-06-02,CHC,CIN,2.0,5.0,7.0,-122.0,104.0
2024-06-02,BOS,DET,4.0,8.0,9.0,-156.0,132.0
2024-06-02,BAL,TBD,3.0,4.0,9.0,-130.0,110.0
2024-06-02,ATL,OAK,3.0,1.0,8.5,-250.0,205.0
2024-06-02,KCR,SDP,4.0,3.0,8.0,-124.0,106.0
2024-06-03,WSN,NYM,7.0,8.0,8.0,-118.0,-100.0
2024-06-03,TOR,BAL,2.0,7.0,7.5,-102.0,-116.0
2024-06-03,TEX,DET,1.0,2.0,7.0,-116.0,-102.0
2024-06-03,PHI,MIL,3.0,1.0,8.0,-200.0,168.0
2024-06-03,HOU,STL,7.0,4.0,8.0,-180.0,152.0
2024-06-03,COL,CIN,3.0,13.0,10.5,-102.0,-116.0
2024-06-03,ARI,SFG,4.0,2.0,9.0,-132.0,112.0
2024-06-03,ANA,SDP,2.0,1.0,8.5,128.0,-152.0
2024-06-04,TOR,BAL,1.0,10.0,8.0,126.0,-148.0
2024-06-04,TEX,DET,1.0,3.0,7.5,-112.0,-104.0
2024-06-04,PIT,LAD,1.0,0.0,8.0,156.0,-186.0
2024-06-04,PHI,MIL,2.0,1.0,9.0,-162.0,136.0
2024-06-04,OAK,SEA,3.0,4.0,7.5,136.0,-162.0
2024-06-04,NYY,MIN,5.0,1.0,7.5,-180.0,152.0
2024-06-04,FLA,TBD,5.0,9.0,7.5,112.0,-132.0
2024-06-04,WSN,NYM,3.0,6.0,9.0,120.0,-142.0
2024-06-04,COL,CIN,1.0,4.0,10.5,108.0,-126.0
2024-06-04,CLE,KCR,8.0,5.0,8.0,-130.0,110.0
2024-06-04,CHC,CHW,7.0,6.0,9.5,-300.0,245.0
2024-06-04,BOS,ATL,3.0,8.0,8.0,138.0,-164.0
2024-06-04,ARI,SFG,8.0,5.0,9.5,-118.0,-100.0
2024-06-04,ANA,SDP,4.0,2.0,8.5,-110.0,-106.0
2024-06-04,HOU,STL,8.0,5.0,9.0,-158.0,134.0
2024-06-05,WSN,NYM,1.0,9.0,9.5,124.0,-146.0
2024-06-05,TOR,BAL,3.0,2.0,8.0,-112.0,-104.0
2024-06-05,PIT,LAD,10.0,6.0,8.5,-120.0,102.0
2024-06-05,PHI,MIL,2.0,0.0,8.5,-172.0,144.0
2024-06-05,OAK,SEA,2.0,1.0,7.5,136.0,-162.0
2024-06-05,NYY,MIN,9.0,5.0,8.5,-180.0,152.0
2024-06-05,TEX,DET,9.0,1.0,8.5,-148.0,126.0
2024-06-05,HOU,STL,2.0,4.0,8.5,-154.0,130.0
2024-06-05,COL,CIN,7.0,12.0,11.5,120.0,-142.0
2024-06-05,CHC,CHW,7.0,6.0,9.5,-200.0,168.0
2024-06-05,BOS,ATL,9.0,0.0,10.0,-112.0,-104.0
2024-06-05,ARI,SFG,3.0,9.0,8.0,-104.0,-112.0
2024-06-05,ANA,SDP,3.0,2.0,7.5,146.0,-174.0
2024-06-05,FLA,TBD,3.0,5.0,7.5,116.0,-136.0
2024-06-06,WSN,ATL,2.0,5.0,8.5,138.0,-164.0
2024-06-06,TOR,BAL,6.0,5.0,8.5,-130.0,110.0
2024-06-06,STL,COL,2.0,3.0,7.5,-230.0,190.0
2024-06-06,SDP,ARI,3.0,4.0,8.5,-116.0,-102.0
2024-06-06,PIT,LAD,7.0,11.0,9.0,152.0,-180.0
2024-06-06,OAK,SEA,0.0,3.0,8.0,130.0,-154.0
2024-06-06,CLE,KCR,3.0,4.0,7.5,-172.0,144.0
2024-06-06,CIN,CHC,8.0,4.0,9.5,-126.0,108.0
2024-06-06,CHW,BOS,2.0,14.0,8.5,198.0,-240.0
2024-06-06,NYY,MIN,8.0,5.0,8.5,-152.0,128.0
2024-06-07,PIT,MIN,3.0,0.0,8.0,110.0,-130.0
2024-06-07,TEX,SFG,2.0,5.0,7.5,106.0,-124.0
2024-06-07,TBD,BAL,3.0,6.0,8.5,-110.0,-106.0
2024-06-07,STL,COL,8.0,5.0,7.5,-184.0,154.0
2024-06-07,WSN,ATL,2.0,1.0,7.5,172.0,-205.0
2024-06-07,OAK,TOR,2.0,1.0,7.5,144.0,-172.0
2024-06-07,SDP,ARI,10.0,3.0,7.0,-130.0,110.0
2024-06-07,FLA,CLE,3.0,2.0,7.5,-104.0,-112.0
2024-06-07,KCR,SEA,10.0,9.0,9.0,106.0,-124.0
2024-06-07,DET,MIL,0.0,10.0,8.5,-118.0,-100.0
2024-06-07,CIN,CHC,3.0,2.0,8.5,-130.0,110.0
2024-06-07,CHW,BOS,7.0,2.0,8.0,-108.0,-108.0
2024-06-07,ANA,HOU,1.0,7.0,8.5,138.0,-164.0
2024-06-07,NYY,LAD,1.0,2.0,8.5,130.0,-154.0
2024-06-08,WSN,ATL,7.0,3.0,8.5,114.0,-134.0
2024-06-08,TEX,SFG,1.0,3.0,8.0,-116.0,-102.0
2024-06-08,TBD,BAL,0.0,5.0,8.0,116.0,-136.0
2024-06-08,STL,COL,5.0,6.0,8.5,-205.0,172.0
2024-06-08,SDP,ARI,13.0,1.0,7.5,-158.0,134.0
2024-06-08,PIT,MIN,4.0,0.0,9.0,112.0,-132.0
2024-06-08,OAK,TOR,0.0,7.0,7.5,142.0,-168.0
2024-06-08,NYM,PHI,2.0,7.0,9.5,138.0,-164.0
2024-06-08,NYY,LAD,3.0,11.0,8.5,-116.0,-102.0
2024-06-08,FLA,CLE,0.0,8.0,8.0,138.0,-164.0
2024-06-08,KCR,SEA,8.0,4.0,8.5,114.0,-134.0
2024-06-08,DET,MIL,4.0,5.0,8.0,144.0,-172.0
2024-06-08,CIN,CHC,4.0,3.0,9.0,-124.0,106.0
2024-06-08,CHW,BOS,6.0,1.0,8.5,194.0,-240.0
2024-06-08,ANA,HOU,1.0,6.0,8.5,148.0,-176.0
2024-06-09,WSN,ATL,8.0,5.0,9.5,144.0,-172.0
2024-06-09,TEX,SFG,7.0,2.0,7.5,-154.0,130.0
2024-06-09,TBD,BAL,2.0,9.0,7.5,124.0,-146.0
2024-06-09,STL,COL,5.0,1.0,8.0,-172.0,144.0
2024-06-09,SDP,ARI,3.0,9.0,8.0,-132.0,112.0
2024-06-09,PIT,MIN,5.0,11.0,8.5,-118.0,-100.0
2024-06-09,PHI,NYM,5.0,6.0,11.5,-146.0,124.0
2024-06-09,DET,MIL,10.0,2.0,8.0,-172.0,144.0
2024-06-09,NYY,LAD,6.0,4.0,7.5,114.0,-134.0
2024-06-09,FLA,CLE,3.0,6.0,8.5,104.0,-122.0
2024-06-09,KCR,SEA,5.0,6.0,7.5,-136.0,116.0
2024-06-09,CIN,CHC,2.0,4.0,9.0,112.0,-132.0
2024-06-09,CHW,BOS,4.0,6.0,9.0,122.0,-144.0
2024-06-09,ANA,HOU,9.0,7.0,8.5,130.0,-154.0
2024-06-09,OAK,TOR,4.0,6.0,8.0,110.0,-130.0
2024-06-10,TBD,BAL,2.0,5.0,7.0,118.0,-138.0
2024-06-10,SFG,HOU,4.0,3.0,8.0,-102.0,-116.0
2024-06-10,SEA,CHW,8.0,4.0,7.0,-215.0,180.0
2024-06-10,SDP,OAK,6.0,1.0,7.5,-240.0,198.0
2024-06-10,MIL,TOR,3.0,1.0,8.5,-120.0,102.0
2024-06-10,KCR,NYY,2.0,4.0,8.5,-100.0,-118.0
2024-06-10,MIN,COL,5.0,0.0,8.5,-240.0,198.0
2024-06-11,NYM,FLA,2.0,4.0,7.5,-152.0,128.0
2024-06-11,TBD,CHC,5.0,2.0,7.5,-136.0,116.0
2024-06-11,STL,PIT,1.0,2.0,7.5,120.0,-142.0
2024-06-11,SFG,HOU,1.0,3.0,8.0,-118.0,-100.0
2024-06-11,SEA,CHW,4.0,3.0,7.5,-184.0,154.0
2024-06-11,SDP,OAK,4.0,3.0,8.0,-156.0,132.0
2024-06-11,MIL,TOR,0.0,3.0,8.5,-102.0,-116.0
2024-06-11,MIN,COL,4.0,5.0,8.5,-205.0,172.0
2024-06-11,KCR,NYY,1.0,10.0,9.5,116.0,-136.0
2024-06-11,DET,WSN,4.0,5.0,8.0,-116.0,-102.0
2024-06-11,CIN,CLE,3.0,5.0,9.0,-112.0,-104.0
2024-06-11,BOS,PHI,1.0,4.0,8.0,132.0,-156.0
2024-06-11,BAL,ATL,4.0,0.0,7.5,120.0,-142.0
2024-06-11,ARI,ANA,9.0,4.0,9.0,-158.0,134.0
2024-06-11,LAD,TEX,15.0,2.0,8.5,-166.0,140.0
2024-06-12,LAD,TEX,2.0,3.0,8.5,-164.0,138.0
2024-06-12,TBD,CHC,3.0,4.0,8.0,-116.0,-102.0
2024-06-12,STL,PIT,4.0,2.0,8.5,-178.0,150.0
2024-06-12,SFG,HOU,5.0,3.0,7.5,-118.0,-100.0
2024-06-12,SEA,CHW,2.0,1.0,7.5,-260.0,215.0
2024-06-12,SDP,OAK,5.0,4.0,7.5,-230.0,190.0
2024-06-12,NYM,FLA,10.0,4.0,7.5,-154.0,130.0
2024-06-12,MIN,COL,17.0,9.0,7.5,-250.0,205.0
2024-06-12,DET,WSN,5.0,7.0,7.5,-124.0,106.0
2024-06-12,KCR,NYY,5.0,11.0,10.5,136.0,-162.0
2024-06-12,CIN,CLE,4.0,2.0,8.0,-112.0,-104.0
2024-06-12,BOS,PHI,8.0,6.0,8.0,104.0,-122.0
2024-06-12,BAL,ATL,4.0,2.0,8.5,-118.0,-100.0
2024-06-12,ARI,ANA,3.0,8.0,8.5,-154.0,130.0
2024-06-12,MIL,TOR,5.0,4.0,9.0,-126.0,108.0
2024-06-13,NYM,FLA,3.0,2.0,8.5,-200.0,168.0
2024-06-13,SEA,CHW,2.0,3.0,7.0,-118.0,-100.0
2024-06-13,KCR,NYY,4.0,3.0,10.5,136.0,-162.0
2024-06-13,TBD,CHC,3.0,2.0,7.5,-104.0,-112.0
2024-06-13,STL,PIT,4.0,3.0,8.5,-102.0,-116.0
2024-06-13,MIN,OAK,6.0,2.0,8.5,-245.0,200.0
2024-06-13,BOS,PHI,9.0,3.0,8.5,-108.0,-108.0
2024-06-13,DET,WSN,7.0,2.0,9.5,-156.0,132.0
2024-06-13,BAL,ATL,3.0,6.0,9.0,-112.0,-104.0
2024-06-13,ARI,ANA,11.0,1.0,8.5,-198.0,166.0
2024-06-13,LAD,TEX,1.0,3.0,8.5,-184.0,154.0
2024-06-14,WSN,FLA,8.0,1.0,8.5,-174.0,146.0
2024-06-14,TOR,CLE,1.0,3.0,7.5,-146.0,124.0
2024-06-14,SFG,ANA,6.0,8.0,8.0,-152.0,128.0
2024-06-14,SEA,TEX,3.0,2.0,7.0,-146.0,124.0
2024-06-14,NYM,SDP,2.0,1.0,7.5,-116.0,-102.0
2024-06-14,MIN,OAK,6.0,5.0,8.5,-184.0,154.0
2024-06-14,MIL,CIN,5.0,6.0,7.5,-168.0,142.0
2024-06-14,HOU,DET,4.0,0.0,7.0,-118.0,-100.0
2024-06-14,COL,PIT,2.0,5.0,10.5,-104.0,-112.0
2024-06-14,CHC,STL,0.0,3.0,7.5,-122.0,104.0
2024-06-14,BOS,NYY,1.0,8.0,9.5,126.0,-148.0
2024-06-14,BAL,PHI,3.0,5.0,7.0,-134.0,116.0
2024-06-14,ATL,TBD,7.0,3.0,8.5,-220.0,184.0
2024-06-14,ARI,CHW,7.0,1.0,9.0,-196.0,164.0
2024-06-14,LAD,KCR,4.0,3.0,7.5,-152.0,128.0
2024-06-15,NYM,SDP,5.0,1.0,8.5,-136.0,116.0
2024-06-15,SEA,TEX,7.0,5.0,6.5,-124.0,106.0
2024-06-15,MIL,CIN,3.0,1.0,8.5,-134.0,116.0
2024-06-15,WSN,FLA,4.0,0.0,8.5,-124.0,106.0
2024-06-15,SFG,ANA,3.0,4.0,7.5,-144.0,122.0
2024-06-15,LAD,KCR,2.0,7.0,7.5,-235.0,194.0
2024-06-15,TOR,CLE,5.0,0.0,8.5,-116.0,-102.0
2024-06-15,COL,PIT,16.0,4.0,10.5,148.0,-176.0
2024-06-15,CHC,STL,5.0,1.0,8.5,-184.0,154.0
2024-06-15,BOS,NYY,8.0,4.0,9.0,152.0,-180.0
2024-06-15,BAL,PHI,6.0,2.0,8.5,-188.0,158.0
2024-06-15,ATL,TBD,9.0,2.0,8.5,-130.0,110.0
2024-06-15,ARI,CHW,2.0,9.0,8.5,-162.0,136.0
2024-06-15,HOU,DET,5.0,13.0,7.5,-116.0,-102.0
2024-06-16,WSN,FLA,3.0,1.0,8.5,-122.0,104.0
2024-06-16,TOR,CLE,7.0,6.0,7.5,-120.0,102.0
2024-06-16,SFG,ANA,13.0,6.0,8.5,-162.0,136.0
2024-06-16,SEA,TEX,5.0,0.0,7.0,-144.0,122.0
2024-06-16,NYM,SDP,11.0,6.0,7.0,120.0,-142.0
2024-06-16,MIN,OAK,6.0,2.0,9.0,-205.0,172.0
2024-06-16,MIL,CIN,5.0,4.0,9.5,-152.0,128.0
2024-06-16,COL,PIT,2.0,8.0,12.0,-106.0,-110.0
2024-06-16,HOU,DET,4.0,1.0,8.0,-166.0,140.0
2024-06-16,CHC,STL,1.0,2.0,10.5,-130.0,110.0
2024-06-16,BOS,NYY,9.0,3.0,9.0,118.0,-138.0
2024-06-16,BAL,PHI,8.0,3.0,7.0,-136.0,116.0
2024-06-16,ATL,TBD,6.0,8.0,9.0,-122.0,104.0
2024-06-16,ARI,CHW,12.0,5.0,8.5,-180.0,152.0
2024-06-16,LAD,KCR,3.0,0.0,8.0,-260.0,215.0
2024-06-17,PIT,CIN,4.0,1.0,8.5,-180.0,152.0
2024-06-17,TOR,BOS,3.0,7.0,7.5,-122.0,104.0
2024-06-17,TEX,NYM,2.0,14.0,8.5,-134.0,114.0
2024-06-17,PHI,SDP,9.0,2.0,9.5,-190.0,160.0
2024-06-17,FLA,STL,6.0,7.0,7.0,128.0,-152.0
2024-06-17,COL,LAD,5.0,9.0,12.5,146.0,-174.0
2024-06-17,CHC,SFG,6.0,7.0,10.5,-116.0,-102.0
2024-06-17,ATL,DET,2.0,1.0,8.0,-215.0,180.0
2024-06-17,ANA,MIL,5.0,3.0,8.5,-100.0,-118.0
2024-06-18,WSN,ARI,0.0,5.0,9.0,-126.0,108.0
2024-06-18,TOR,BOS,3.0,4.0,7.5,112.0,-132.0
2024-06-18,TEX,NYM,6.0,7.0,8.5,108.0,-126.0
2024-06-18,PIT,CIN,1.0,2.0,8.5,106.0,-124.0
2024-06-18,PHI,SDP,4.0,3.0,8.5,-166.0,140.0
2024-06-18,OAK,KCR,7.0,5.0,8.0,112.0,-132.0
2024-06-18,MIN,TBD,7.0,6.0,8.5,-188.0,158.0
2024-06-18,NYY,BAL,4.0,2.0,8.5,-144.0,122.0
2024-06-18,COL,LAD,9.0,11.0,11.0,164.0,-196.0
2024-06-18,CLE,SEA,5.0,8.0,8.5,-136.0,116.0
2024-06-18,CHC,SFG,5.0,2.0,9.5,-118.0,-108.0
2024-06-18,CHW,HOU,2.0,0.0,8.5,150.0,-178.0
2024-06-18,ATL,DET,2.0,1.0,9.0,-162.0,136.0
2024-06-18,ANA,MIL,3.0,6.0,9.0,128.0,-152.0
2024-06-18,FLA,STL,9.0,8.0,8.0,116.0,-136.0
2024-06-19,NYY,BAL,6.0,7.0,7.5,-148.0,126.0
2024-06-19,TOR,BOS,3.0,7.0,8.0,-142.0,120.0
2024-06-19,WSN,ARI,3.0,1.0,9.5,144.0,-172.0
2024-06-19,PIT,CIN,1.0,0.0,7.5,-136.0,116.0
2024-06-19,PHI,SDP,2.0,5.0,8.5,-184.0,154.0
2024-06-19,OAK,KCR,5.0,1.0,7.0,152.0,-180.0
2024-06-19,MIN,TBD,2.0,3.0,7.5,-168.0,142.0
2024-06-19,TEX,NYM,5.0,3.0,8.5,-104.0,-112.0
2024-06-19,COL,LAD,7.0,6.0,10.5,172.0,-205.0
2024-06-19,CLE,SEA,8.0,0.0,7.5,-154.0,130.0
2024-06-19,CHC,SFG,6.0,5.0,11.0,-110.0,-106.0
2024-06-19,CHW,HOU,1.0,4.0,7.0,-104.0,-112.0
2024-06-19,ATL,DET,7.0,0.0,7.5,-140.0,110.0
2024-06-19,ANA,MIL,0.0,2.0,8.5,154.0,-184.0
2024-06-19,FLA,STL,4.0,3.0,8.0,132.0,-156.0
2024-06-20,WSN,ARI,2.0,5.0,9.0,-138.0,118.0
2024-06-20,STL,SFG,6.0,5.0,9.0,-102.0,-116.0
2024-06-20,SDP,MIL,7.0,6.0,8.5,-116.0,-110.0
2024-06-20,OAK,KCR,2.0,3.0,7.5,126.0,-148.0
2024-06-20,NYY,BAL,5.0,17.0,8.5,-166.0,140.0
2024-06-20,MIN,TBD,6.0,7.0,8.0,-130.0,110.0
2024-06-20,COL,LAD,3.0,5.0,12.0,180.0,-215.0
2024-06-20,CLE,SEA,6.0,3.0,8.5,-104.0,-112.0
2024-06-20,CHW,HOU,3.0,5.0,9.0,152.0,-180.0
2024-06-21,TEX,KCR,6.0,2.0,7.5,-146.0,124.0
2024-06-21,SDP,MIL,9.0,5.0,7.5,-156.0,132.0
2024-06-21,PIT,TBD,3.0,10.0,8.5,114.0,-134.0
2024-06-21,PHI,ARI,4.0,5.0,9.5,-142.0,120.0
2024-06-21,OAK,MIN,6.0,5.0,8.0,134.0,-158.0
2024-06-21,NYY,ATL,1.0,8.0,7.5,-112.0,-112.0
2024-06-21,FLA,SEA,3.0,2.0,7.5,148.0,-176.0
2024-06-21,CLE,TOR,7.0,1.0,8.5,-126.0,108.0
2024-06-21,HOU,BAL,14.0,11.0,8.5,130.0,-154.0
2024-06-21,DET,CHW,2.0,1.0,7.5,-180.0,152.0
2024-06-21,COL,WSN,5.0,11.0,11.0,112.0,-132.0
2024-06-21,CIN,BOS,5.0,2.0,9.0,-106.0,-110.0
2024-06-21,CHC,NYM,1.0,11.0,8.0,-156.0,132.0
2024-06-21,LAD,ANA,2.0,3.0,8.5,-180.0,152.0
2024-06-22,OAK,MIN,2.0,10.0,8.5,142.0,-168.0
2024-06-22,STL,SFG,9.0,4.0,8.5,-120.0,102.0
2024-06-22,TEX,KCR,6.0,0.0,8.5,-142.0,120.0
2024-06-22,SDP,MIL,6.0,4.0,8.5,102.0,-120.0
2024-06-22,PIT,TBD,4.0,3.0,8.5,-112.0,-104.0
2024-06-22,PHI,ARI,12.0,1.0,9.5,-270.0,220.0
2024-06-22,NYY,ATL,8.0,3.0,9.0,-134.0,114.0
2024-06-22,CIN,BOS,3.0,4.0,9.5,-100.0,-118.0
2024-06-22,LAD,ANA,7.0,2.0,8.5,-390.0,310.0
2024-06-22,HOU,BAL,5.0,1.0,7.5,124.0,-146.0
2024-06-22,DET,CHW,1.0,5.0,8.5,-166.0,140.0
2024-06-22,COL,WSN,8.0,7.0,10.5,-102.0,-116.0
2024-06-22,CLE,TOR,6.0,3.0,9.0,-142.0,120.0
2024-06-22,CHC,NYM,8.0,1.0,11.0,102.0,-120.0
2024-06-22,FLA,SEA,0.0,9.0,7.5,142.0,-168.0
2024-06-23,TEX,KCR,4.0,0.0,8.5,-158.0,134.0
2024-06-23,STL,SFG,5.0,3.0,7.5,-124.0,106.0
2024-06-23,SDP,MIL,2.0,6.0,7.5,-138.0,118.0
2024-06-23,PIT,TBD,1.0,3.0,7.5,-168.0,142.0
2024-06-23,PHI,ARI,4.0,1.0,9.5,-245.0,200.0
2024-06-23,OAK,MIN,0.0,3.0,8.0,152.0,-180.0
2024-06-23,NYY,ATL,1.0,3.0,8.5,-118.0,-100.0
2024-06-23,HOU,BAL,8.0,1.0,8.5,-112.0,-104.0
2024-06-23,DET,CHW,11.0,2.0,8.5,-190.0,160.0
2024-06-23,COL,WSN,1.0,2.0,10.5,112.0,-132.0
2024-06-23,CLE,TOR,6.0,5.0,8.5,-116.0,-102.0
2024-06-23,CIN,BOS,4.0,7.0,9.5,-162.0,136.0
2024-06-23,CHC,NYM,2.0,5.0,8.5,-112.0,-104.0
2024-06-23,FLA,SEA,6.0,4.0,7.5,136.0,-162.0
2024-06-24,MIL,TEX,6.0,3.0,8.0,-178.0,150.0
2024-06-24,TBD,SEA,4.0,3.0,7.5,-108.0,-108.0
2024-06-24,STL,ATL,4.0,3.0,8.5,106.0,-124.0
2024-06-24,SFG,CHC,5.0,4.0,7.5,106.0,-124.0
2024-06-24,KCR,FLA,4.0,1.0,9.5,-255.0,210.0
2024-06-24,SDP,WSN,7.0,6.0,7.5,-196.0,164.0
2024-06-24,CIN,PIT,11.0,5.0,9.5,-134.0,114.0
2024-06-24,CHW,LAD,0.0,3.0,7.5,102.0,-120.0
2024-06-24,DET,PHI,1.0,8.0,8.0,152.0,-180.0
2024-06-24,BOS,TOR,7.0,6.0,8.5,-162.0,136.0
2024-06-24,BAL,CLE,2.0,3.0,7.5,-108.0,-108.0
2024-06-24,ANA,OAK,5.0,1.0,9.0,-134.0,114.0
2024-06-25,TBD,SEA,11.0,3.0,7.5,110.0,-130.0
2024-06-25,SFG,CHC,5.0,1.0,8.0,-122.0,104.0
2024-06-25,SDP,WSN,9.0,7.0,7.5,106.0,-124.0
2024-06-25,NYM,NYY,9.0,7.0,8.5,122.0,-144.0
2024-06-25,MIL,TEX,3.0,1.0,9.0,-108.0,-108.0
2024-06-25,KCR,FLA,1.0,2.0,9.5,-198.0,166.0
2024-06-25,HOU,COL,5.0,2.0,8.0,-260.0,215.0
2024-06-25,CIN,PIT,5.0,9.0,9.0,-130.0,110.0
2024-06-25,CHW,LAD,3.0,4.0,9.5,188.0,-225.0
2024-06-25,BOS,TOR,4.0,9.0,9.5,-130.0,110.0
2024-06-25,BAL,CLE,8.0,10.0,9.0,-158.0,134.0
2024-06-25,ARI,MIN,5.0,4.0,7.5,110.0,-130.0
2024-06-25,ANA,OAK,7.0,5.0,8.5,-118.0,-100.0
2024-06-25,DET,PHI,4.0,1.0,7.5,102.0,-120.0
2024-06-26,MIL,TEX,6.0,5.0,8.5,-100.0,-118.0
2024-06-26,TBD,SEA,2.0,5.0,7.0,-110.0,-106.0
2024-06-26,STL,ATL,2.0,6.0,8.0,104.0,-122.0
2024-06-26,SFG,CHC,4.0,3.0,7.5,-116.0,-102.0
2024-06-26,SDP,WSN,8.0,5.0,7.5,-188.0,158.0
2024-06-26,NYM,NYY,12.0,2.0,8.5,108.0,-126.0
2024-06-26,KCR,FLA,5.0,1.0,9.0,-205.0,172.0
2024-06-26,CIN,PIT,1.0,6.0,9.5,-136.0,116.0
2024-06-26,DET,PHI,2.0,6.0,9.0,142.0,-168.0
2024-06-26,CHW,LAD,0.0,4.0,8.5,148.0,-176.0
2024-06-26,BAL,CLE,4.0,2.0,8.5,-225.0,188.0
2024-06-26,ARI,MIN,3.0,8.0,9.0,104.0,-122.0
2024-06-26,ANA,OAK,5.0,2.0,9.0,-142.0,120.0
2024-06-26,HOU,COL,7.0,1.0,8.5,-198.0,166.0
2024-06-27,TOR,NYY,9.0,2.0,8.5,114.0,-134.0
2024-06-27,STL,CIN,4.0,11.0,7.5,-142.0,120.0
2024-06-27,SFG,CHC,3.0,5.0,7.5,-104.0,-112.0
2024-06-27,PHI,FLA,4.0,7.0,8.0,-300.0,245.0
2024-06-27,KCR,CLE,2.0,1.0,8.5,-106.0,-110.0
2024-06-27,BAL,TEX,11.0,2.0,7.5,-215.0,166.0
2024-06-27,ARI,MIN,6.0,13.0,8.5,-100.0,-118.0
2024-06-27,ANA,DET,5.0,0.0,8.5,134.0,-158.0
2024-06-27,CHW,ATL,1.0,0.0,7.5,240.0,-295.0
2024-06-28,NYM,HOU,7.0,2.0,8.5,-112.0,-104.0
2024-06-28,TOR,NYY,5.0,16.0,8.5,-106.0,-110.0
2024-06-28,STL,CIN,1.0,0.0,8.5,-126.0,108.0
2024-06-28,SFG,LAD,5.0,3.0,7.5,-130.0,110.0
2024-06-28,SEA,MIN,3.0,2.0,7.0,-130.0,110.0
2024-06-28,PHI,FLA,2.0,0.0,8.0,-220.0,184.0
2024-06-28,MIL,CHC,4.0,2.0,8.5,-134.0,114.0
2024-06-28,TBD,WSN,3.0,1.0,7.5,-174.0,146.0
2024-06-28,CHW,COL,5.0,3.0,8.5,-134.0,114.0
2024-06-28,BOS,SDP,2.0,9.0,9.5,-158.0,134.0
2024-06-28,BAL,TEX,2.0,1.0,8.5,-118.0,-100.0
2024-06-28,ATL,PIT,6.0,1.0,9.0,-220.0,184.0
2024-06-28,ARI,OAK,4.0,9.0,9.0,-174.0,146.0
2024-06-28,ANA,DET,5.0,2.0,9.5,102.0,-120.0
2024-06-28,KCR,CLE,10.0,3.0,9.5,-108.0,-108.0
2024-06-29,SEA,MIN,1.0,5.0,7.0,-100.0,-118.0
2024-06-29,ANA,DET,6.0,5.0,8.0,106.0,-124.0
2024-06-29,SFG,LAD,7.0,14.0,7.5,168.0,-200.0
2024-06-29,BAL,TEX,6.0,5.0,9.6,-164.0,138.0
2024-06-29,TBD,WSN,1.0,8.0,7.5,-142.0,112.0
2024-06-29,NYM,HOU,6.0,9.0,8.5,-118.0,-100.0
2024-06-29,MIL,CHC,3.0,5.0,8.0,-116.0,-102.0
2024-06-29,KCR,CLE,2.0,7.0,7.5,-102.0,-116.0
2024-06-29,ATL,PIT,2.0,1.0,7.5,-146.0,124.0
2024-06-29,ARI,OAK,3.0,0.0,8.5,-198.0,166.0
2024-06-29,PHI,FLA,2.0,3.0,9.0,-250.0,205.0
2024-06-29,TOR,NYY,9.0,3.0,8.0,106.0,-124.0
2024-06-29,STL,CIN,4.0,9.0,8.0,-196.0,164.0
2024-06-29,CHW,COL,11.0,3.0,9.0,-112.0,-104.0
2024-06-29,BOS,SDP,1.0,11.0,8.5,-138.0,118.0
2024-06-30,TOR,NYY,1.0,8.0,8.0,-100.0,-118.0
2024-06-30,TBD,WSN,5.0,0.0,8.0,-188.0,158.0
2024-06-30,STL,CIN,2.0,0.0,7.5,-120.0,102.0
2024-06-30,SFG,LAD,10.0,4.0,8.5,-102.0,-116.0
2024-06-30,SEA,MIN,3.0,5.0,6.5,-104.0,-112.0
2024-06-30,PHI,FLA,7.0,6.0,8.5,-260.0,215.0
2024-06-30,MIL,CHC,7.0,1.0,7.5,-196.0,164.0
2024-06-30,NYM,HOU,5.0,10.0,9.0,-126.0,108.0
2024-06-30,CHW,COL,4.0,5.0,7.0,-230.0,190.0
2024-06-30,BOS,SDP,4.0,1.0,10.0,-112.0,-104.0
2024-06-30,BAL,TEX,2.0,11.0,9.0,-164.0,138.0
2024-06-30,ATL,PIT,2.0,4.0,9.0,-190.0,160.0
2024-06-30,ARI,OAK,5.0,1.0,8.5,-198.0,166.0
2024-06-30,ANA,DET,6.0,7.0,8.5,-112.0,-104.0
2024-06-30,KCR,CLE,6.0,2.0,8.5,-132.0,112.0
2024-07-01,WSN,NYM,7.0,9.0,8.5,-102.0,-116.0
2024-07-01,TOR,HOU,1.0,3.0,8.5,110.0,-130.0
2024-07-01,COL,MIL,8.0,7.0,11.5,120.0,-152.0
2024-07-02,LAD,ARI,6.0,5.0,9.0,-190.0,160.0
2024-07-02,SEA,BAL,0.0,2.0,7.0,-108.0,-108.0
2024-07-02,OAK,ANA,7.0,5.0,7.5,-108.0,-108.0
2024-07-02,COL,MIL,3.0,4.0,11.0,-102.0,-116.0
2024-07-02,KCR,TBD,1.0,5.0,9.5,-116.0,-102.0
2024-07-02,TEX,SDP,7.0,0.0,7.5,-102.0,-116.0
2024-07-02,CHC,PHI,4.0,6.0,9.5,-122.0,104.0
2024-07-02,TOR,HOU,7.0,6.0,8.5,-116.0,-102.0
2024-07-02,ATL,SFG,3.0,5.0,8.5,-198.0,166.0
2024-07-02,NYY,CIN,4.0,5.0,8.5,-215.0,180.0
2024-07-02,WSN,NYM,2.0,7.0,9.0,120.0,-142.0
2024-07-02,PIT,STL,4.0,7.0,8.0,-124.0,106.0
2024-07-02,FLA,BOS,3.0,8.0,8.0,138.0,-164.0
2024-07-02,CLE,CHW,7.0,6.0,9.0,-220.0,184.0
2024-07-02,MIN,DET,5.0,3.0,7.5,-130.0,110.0
2024-07-03,OAK,ANA,5.0,0.0,8.5,-106.0,-110.0
2024-07-03,WSN,NYM,7.0,5.0,9.0,108.0,-126.0
2024-07-03,TOR,HOU,2.0,9.0,8.5,-100.0,-118.0
2024-07-03,TEX,SDP,4.0,6.0,8.5,-162.0,136.0
2024-07-03,SEA,BAL,1.0,4.0,7.5,-158.0,134.0
2024-07-03,PIT,STL,5.0,4.0,8.5,-126.0,108.0
2024-07-03,NYY,CIN,2.0,3.0,8.5,-184.0,154.0
2024-07-03,KCR,TBD,4.0,2.0,8.0,-108.0,-108.0
2024-07-03,FLA,BOS,2.0,7.0,7.5,112.0,-132.0
2024-07-03,LAD,ARI,4.0,12.0,9.0,-200.0,168.0
2024-07-03,MIN,DET,2.0,9.0,9.0,-174.0,146.0
2024-07-03,COL,MIL,0.0,3.0,11.5,144.0,-172.0
2024-07-03,CLE,CHW,2.0,8.0,8.5,-215.0,180.0
2024-07-03,CHC,PHI,3.0,5.0,7.5,-100.0,-118.0
2024-07-03,ATL,SFG,3.0,1.0,7.5,-200.0,168.0
2024-07-04,WSN,NYM,1.0,0.0,9.5,-106.0,-110.0
2024-07-04,TOR,HOU,3.0,5.0,8.0,-104.0,-112.0
2024-07-04,TEX,SDP,1.0,3.0,7.5,-118.0,-100.0
2024-07-04,SEA,BAL,7.0,3.0,7.0,130.0,-154.0
2024-07-04,PIT,STL,2.0,3.0,9.0,-106.0,-110.0
2024-07-04,OAK,ANA,5.0,0.0,9.0,-116.0,-102.0
2024-07-04,NYY,CIN,4.0,8.0,9.5,-184.0,154.0
2024-07-04,MIN,DET,12.0,3.0,8.0,-184.0,154.0
2024-07-04,FLA,BOS,5.0,6.0,8.0,136.0,-162.0
2024-07-04,LAD,ARI,3.0,9.0,8.5,-118.0,-100.0
2024-07-04,KCR,TBD,8.0,10.0,8.5,-104.0,-112.0
2024-07-04,COL,MIL,4.0,3.0,10.5,118.0,-138.0
2024-07-04,CLE,CHW,8.0,4.0,8.5,-225.0,188.0
2024-07-04,CHC,PHI,10.0,2.0,7.5,108.0,-126.0
2024-07-04,ATL,SFG,2.0,4.0,8.0,-134.0,114.0
2024-07-05,WSN,STL,6.0,7.0,8.5,138.0,-164.0
2024-07-05,TEX,TBD,3.0,0.0,8.5,-106.0,-110.0
2024-07-05,SEA,TOR,2.0,1.0,7.5,-136.0,116.0
2024-07-05,SDP,ARI,10.0,8.0,8.5,-100.0,-118.0
2024-07-05,PIT,NYM,14.0,2.0,8.0,-142.0,120.0
2024-07-05,OAK,BAL,2.0,3.0,8.5,136.0,-174.0
2024-07-05,NYY,BOS,3.0,5.0,8.0,-144.0,122.0
2024-07-05,MIN,HOU,12.0,13.0,8.0,-154.0,130.0
2024-07-05,FLA,CHW,2.0,3.0,8.0,-138.0,118.0
2024-07-05,LAD,MIL,8.0,5.0,7.5,-215.0,180.0
2024-07-05,COL,KCR,4.0,2.0,10.5,154.0,-184.0
2024-07-05,CLE,SFG,2.0,4.0,7.5,-184.0,154.0
2024-07-05,CIN,DET,4.0,5.0,9.0,-130.0,110.0
2024-07-05,CHC,ANA,5.0,1.0,9.5,-184.0,154.0
2024-07-05,ATL,PHI,6.0,8.0,7.5,-142.0,120.0
2024-07-06,WSN,STL,14.0,6.0,8.5,-132.0,112.0
2024-07-06,TEX,TBD,4.0,3.0,7.5,-110.0,-106.0
2024-07-06,SEA,TOR,4.0,5.0,8.5,-108.0,-108.0
2024-07-06,SDP,ARI,5.0,7.0,7.5,-130.0,110.0
2024-07-06,PIT,NYM,2.0,5.0,9.5,112.0,-132.0
2024-07-06,OAK,BAL,19.0,8.0,9.0,132.0,-156.0
2024-07-06,NYY,BOS,14.0,4.0,8.5,-178.0,150.0
2024-07-06,MIN,HOU,9.0,3.0,7.5,-138.0,118.0
2024-07-06,FLA,CHW,4.0,3.0,7.0,128.0,-152.0
2024-07-06,LAD,MIL,5.0,3.0,9.0,-112.0,-104.0
2024-07-06,COL,KCR,3.0,1.0,10.5,134.0,-158.0
2024-07-06,CLE,SFG,5.0,4.0,8.5,-130.0,110.0
2024-07-06,CIN,DET,3.0,5.0,9.0,-162.0,136.0
2024-07-06,CHC,ANA,0.0,7.0,8.5,-146.0,124.0
2024-07-06,ATL,PHI,5.0,1.0,8.0,-118.0,-100.0
2024-07-07,TEX,TBD,13.0,2.0,7.5,-134.0,114.0
2024-07-07,WSN,STL,3.0,8.0,9.0,-106.0,-110.0
2024-07-07,SEA,TOR,4.0,5.0,7.0,-148.0,126.0
2024-07-07,SDP,ARI,1.0,9.0,8.5,-174.0,146.0
2024-07-07,PIT,NYM,2.0,3.0,9.0,108.0,-126.0
2024-07-07,OAK,BAL,3.0,6.0,8.0,150.0,-178.0
2024-07-07,NYY,BOS,0.0,3.0,8.5,-134.0,106.0
2024-07-07,CHC,ANA,5.0,0.0,9.5,-154.0,130.0
2024-07-07,FLA,CHW,7.0,4.0,7.5,-148.0,126.0
2024-07-07,LAD,MIL,2.0,9.0,9.5,-178.0,150.0
2024-07-07,COL,KCR,1.0,10.0,10.5,146.0,-174.0
2024-07-07,CLE,SFG,5.0,4.0,8.5,-132.0,112.0
2024-07-07,CIN,DET,1.0,5.0,8.5,116.0,-136.0
2024-07-07,ATL,PHI,6.0,0.0,8.5,-164.0,138.0
2024-07-07,MIN,HOU,3.0,2.0,8.5,-148.0,126.0
2024-07-08,WSN,STL,0.0,6.0,9.5,-116.0,-102.0
2024-07-08,PIT,NYM,8.0,2.0,8.5,-120.0,102.0
2024-07-08,DET,CLE,1.0,0.0,8.5,124.0,-146.0
2024-07-08,CHW,MIN,6.0,8.0,9.0,168.0,-200.0
2024-07-08,ARI,ATL,4.0,5.0,9.0,-100.0,-118.0
2024-07-08,ANA,TEX,4.0,9.0,8.5,130.0,-154.0
2024-07-08,CIN,COL,6.0,0.0,9.5,-172.0,144.0
2024-07-09,MIL,PIT,2.0,12.0,8.5,-162.0,136.0
2024-07-09,SFG,TOR,4.0,3.0,7.5,-130.0,110.0
2024-07-09,SDP,SEA,3.0,8.0,7.5,118.0,-138.0
2024-07-09,TBD,NYY,5.0,3.0,7.5,-100.0,-118.0
2024-07-09,NYM,WSN,7.0,5.0,8.5,-134.0,116.0
2024-07-09,HOU,FLA,4.0,3.0,8.5,-245.0,200.0
2024-07-09,PHI,LAD,10.0,1.0,9.0,-158.0,134.0
2024-07-09,CIN,COL,12.0,6.0,8.5,-196.0,164.0
2024-07-09,BOS,OAK,12.0,9.0,10.5,-210.0,176.0
2024-07-09,BAL,CHC,2.0,9.0,9.0,-178.0,150.0
2024-07-09,ARI,ATL,2.0,6.0,7.5,102.0,-120.0
2024-07-09,ANA,TEX,4.0,5.0,8.5,150.0,-178.0
2024-07-09,DET,CLE,8.0,9.0,8.5,120.0,-142.0
2024-07-10,TBD,NYY,1.0,2.0,8.0,-120.0,102.0
2024-07-10,STL,KCR,4.0,6.0,8.5,-142.0,120.0
2024-07-10,SFG,TOR,6.0,10.0,7.0,-162.0,136.0
2024-07-10,SDP,SEA,0.0,2.0,7.5,-146.0,124.0
2024-07-10,PHI,LAD,4.0,3.0,9.0,-136.0,116.0
2024-07-10,NYM,WSN,6.0,2.0,9.5,-205.0,172.0
2024-07-10,MIL,PIT,9.0,0.0,8.5,-162.0,136.0
2024-07-10,DET,CLE,5.0,4.0,7.5,122.0,-144.0
2024-07-10,CIN,COL,5.0,6.0,9.5,-196.0,164.0
2024-07-10,CHW,MIN,3.0,1.0,8.5,136.0,-162.0
2024-07-10,BOS,OAK,2.0,5.0,10.0,-196.0,164.0
2024-07-10,BAL,CHC,0.0,4.0,8.5,-178.0,150.0
2024-07-10,ARI,ATL,7.0,5.0,8.5,-116.0,-102.0
2024-07-10,ANA,TEX,7.0,2.0,9.0,110.0,-130.0
2024-07-10,HOU,FLA,9.0,1.0,8.0,-240.0,198.0
2024-07-11,MIL,PIT,0.0,1.0,7.5,102.0,-120.0
2024-07-11,TBD,NYY,5.0,4.0,8.0,-100.0,-118.0
2024-07-11,PHI,LAD,5.0,1.0,9.5,-158.0,134.0
2024-07-11,NYM,WSN,7.0,0.0,8.5,-144.0,122.0
2024-07-11,HOU,FLA,6.0,3.0,8.5,-180.0,152.0
2024-07-11,SFG,TOR,3.0,5.0,7.5,-124.0,106.0
2024-07-11,CIN,COL,8.0,1.0,8.5,-200.0,168.0
2024-07-11,ANA,SEA,0.0,11.0,8.5,138.0,-164.0
2024-07-11,ARI,ATL,1.0,0.0,8.0,-100.0,-118.0
2024-07-11,DET,CLE,10.0,1.0,8.0,-120.0,102.0
2024-07-11,BOS,OAK,7.0,0.0,9.5,-230.0,190.0
2024-07-11,BAL,CHC,0.0,8.0,8.5,-134.0,114.0
2024-07-12,NYM,COL,7.0,6.0,8.5,-300.0,240.0
2024-07-12,TBD,CLE,2.0,0.0,7.5,-135.0,115.0
2024-07-12,STL,CHC,1.0,5.0,8.0,-210.0,170.0
2024-07-12,SFG,MIN,7.0,1.0,7.5,130.0,-155.0
2024-07-12,SDP,ATL,1.0,6.0,8.0,-120.0,100.0
2024-07-12,PHI,OAK,2.0,6.0,9.0,-250.0,200.0
2024-07-12,MIL,WSN,2.0,5.0,8.0,-275.0,220.0
2024-07-12,HOU,TEX,6.0,3.0,8.0,-145.0,120.0
2024-07-12,DET,LAD,3.0,4.0,8.0,-150.0,125.0
2024-07-12,CIN,FLA,7.0,4.0,9.0,-175.0,145.0
2024-07-12,CHW,PIT,1.0,4.0,7.5,-165.0,140.0
2024-07-12,BOS,KCR,1.0,6.0,9.0,-110.0,-110.0
2024-07-12,BAL,NYY,1.0,4.0,9.0,105.0,-125.0
2024-07-12,ARI,TOR,5.0,4.0,9.0,-130.0,110.0
2024-07-12,ANA,SEA,6.0,5.0,8.0,115.0,-140.0
2024-07-13,PHI,OAK,11.0,5.0,9.5,-190.0,155.0
2024-07-13,SDP,ATL,4.0,0.0,7.0,-135.0,110.0
2024-07-13,NYM,COL,7.0,3.0,8.0,-200.0,165.0
2024-07-13,STL,CHC,11.0,3.0,8.5,-130.0,110.0
2024-07-13,TBD,CLE,2.0,4.0,7.5,-110.0,-110.0
2024-07-13,SFG,MIN,2.0,4.0,8.0,-120.0,100.0
2024-07-13,MIL,WSN,5.0,6.0,9.0,-140.0,115.0
2024-07-13,HOU,TEX,1.0,2.0,8.0,100.0,-120.0
2024-07-13,DET,LAD,11.0,9.0,9.0,100.0,-120.0
2024-07-13,CIN,FLA,10.0,6.0,9.5,-155.0,130.0
2024-07-13,CHW,PIT,2.0,6.0,8.5,115.0,-135.0
2024-07-13,BOS,KCR,5.0,0.0,9.0,-130.0,110.0
2024-07-13,BAL,NYY,1.0,6.0,8.5,-140.0,120.0
2024-07-13,ARI,TOR,12.0,1.0,9.0,-135.0,110.0
2024-07-13,ANA,SEA,2.0,1.0,7.5,120.0,-145.0
2024-07-14,TBD,CLE,2.0,0.0,7.5,-125.0,105.0
2024-07-14,STL,CHC,3.0,8.0,8.5,-135.0,115.0
2024-07-14,SFG,MIN,3.0,2.0,7.5,-165.0,140.0
2024-07-14,SDP,ATL,3.0,6.0,7.5,145.0,-175.0
2024-07-14,PHI,OAK,3.0,18.0,10.0,-250.0,200.0
2024-07-14,NYM,COL,5.0,8.0,8.5,-200.0,165.0
2024-07-14,MIL,WSN,9.0,3.0,8.5,-145.0,120.0
2024-07-14,DET,LAD,4.0,3.0,9.0,115.0,-135.0
2024-07-14,CIN,FLA,2.0,3.0,9.0,-185.0,150.0
2024-07-14,CHW,PIT,4.0,9.0,8.5,145.0,-175.0
2024-07-14,BOS,KCR,5.0,4.0,9.5,-145.0,120.0
2024-07-14,BAL,NYY,6.0,5.0,9.0,100.0,-120.0
2024-07-14,ARI,TOR,7.0,8.0,8.0,-160.0,135.0
2024-07-14,ANA,SEA,3.0,2.0,8.5,145.0,-175.0
2024-07-14,HOU,TEX,2.0,4.0,8.0,-120.0,100.0
2024-07-19,OAK,ANA,13.0,3.0,8.5,-115.0,-105.0
2024-07-19,TOR,DET,4.0,5.0,7.5,-125.0,105.0
2024-07-19,TEX,BAL,1.0,9.0,7.5,100.0,-120.0
2024-07-19,SEA,HOU,0.0,3.0,7.0,-115.0,-105.0
2024-07-19,PIT,PHI,8.0,7.0,8.0,145.0,-175.0
2024-07-19,WSN,CIN,8.0,5.0,9.5,110.0,-130.0
2024-07-19,FLA,NYM,6.0,4.0,8.0,115.0,-135.0
2024-07-19,LAD,BOS,4.0,1.0,8.5,-140.0,115.0
2024-07-19,CHC,ARI,2.0,5.0,8.0,-140.0,120.0
2024-07-19,CLE,SDP,7.0,0.0,7.5,-160.0,135.0
2024-07-19,NYY,TBD,6.0,1.0,8.0,-175.0,145.0
2024-07-19,KCR,CHW,7.0,1.0,8.5,-225.0,180.0
2024-07-19,COL,SFG,7.0,3.0,10.5,120.0,-145.0
2024-07-20,WSN,CIN,5.0,4.0,8.0,105.0,-125.0
2024-07-20,TOR,DET,3.0,7.0,8.0,-130.0,110.0
2024-07-20,TEX,BAL,4.0,8.0,8.0,-105.0,-115.0
2024-07-20,SEA,HOU,2.0,4.0,7.0,-135.0,110.0
2024-07-20,PIT,PHI,4.0,1.0,9.0,145.0,-175.0
2024-07-20,NYY,TBD,1.0,9.0,8.5,-185.0,150.0
2024-07-20,OAK,ANA,8.0,2.0,9.0,-145.0,120.0
2024-07-20,LAD,BOS,7.0,6.0,9.5,-145.0,120.0
2024-07-20,KCR,CHW,6.0,1.0,8.0,-250.0,195.0
2024-07-20,COL,SFG,4.0,3.0,10.0,150.0,-185.0
2024-07-20,CLE,SDP,0.0,7.0,8.0,-110.0,-110.0
2024-07-20,CHC,ARI,0.0,3.0,8.5,120.0,-145.0
2024-07-20,ATL,STL,3.0,2.0,8.5,-145.0,120.0
2024-07-20,FLA,NYM,0.0,1.0,8.5,140.0,-165.0
2024-07-20,MIN,MIL,4.0,8.0,7.5,-120.0,100.0
2024-07-21,NYY,TBD,4.0,6.0,9.0,-155.0,130.0
2024-07-21,WSN,CIN,5.0,2.0,9.0,-115.0,-105.0
2024-07-21,TOR,DET,5.0,4.0,8.0,-160.0,135.0
2024-07-21,TEX,BAL,3.0,2.0,9.0,-125.0,105.0
2024-07-21,SEA,HOU,6.0,4.0,7.5,-120.0,100.0
2024-07-21,PIT,PHI,0.0,6.0,9.5,105.0,-125.0
2024-07-21,OAK,ANA,5.0,8.0,9.0,-125.0,105.0
2024-07-21,FLA,NYM,4.0,2.0,8.5,125.0,-150.0
2024-07-21,LAD,BOS,9.0,6.0,9.0,-120.0,100.0
2024-07-21,KCR,CHW,4.0,1.0,8.0,-250.0,200.0
2024-07-21,COL,SFG,2.0,3.0,10.5,120.0,-145.0
2024-07-21,CLE,SDP,1.0,2.0,8.0,-120.0,100.0
2024-07-21,CHC,ARI,2.0,1.0,7.5,-125.0,105.0
2024-07-21,ATL,STL,2.0,6.0,9.0,-145.0,120.0
2024-07-21,MIN,MIL,7.0,8.0,7.5,-160.0,135.0
2024-07-22,TEX,CHW,4.0,3.0,8.0,-185.0,150.0
2024-07-22,SEA,ANA,1.0,3.0,7.0,-165.0,140.0
2024-07-22,PIT,STL,2.0,1.0,8.0,-130.0,110.0
2024-07-22,OAK,HOU,4.0,0.0,8.5,125.0,-150.0
2024-07-22,NYY,TBD,9.0,1.0,9.0,-175.0,145.0
2024-07-22,MIN,PHI,7.0,2.0,8.5,100.0,-120.0
2024-07-22,LAD,SFG,3.0,2.0,8.5,-130.0,110.0
2024-07-22,KCR,ARI,10.0,4.0,8.5,-160.0,135.0
2024-07-22,COL,BOS,9.0,8.0,10.0,145.0,-175.0
2024-07-22,CLE,DET,2.0,8.0,7.0,120.0,-145.0
2024-07-22,CHC,MIL,3.0,1.0,8.5,105.0,-125.0
2024-07-22,ATL,CIN,1.0,4.0,7.5,-145.0,120.0
2024-07-22,FLA,NYM,4.0,6.0,8.5,125.0,-150.0
2024-07-23,WSN,SDP,0.0,4.0,9.5,-110.0,-110.0
2024-07-23,TOR,TBD,2.0,4.0,9.0,-145.0,120.0
2024-07-23,TEX,CHW,3.0,2.0,7.0,-135.0,110.0
2024-07-23,SEA,ANA,1.0,5.0,6.5,-165.0,140.0
2024-07-23,PIT,STL,1.0,2.0,7.5,-190.0,155.0
2024-07-23,NYY,NYM,2.0,3.0,9.0,-160.0,135.0
2024-07-23,OAK,HOU,8.0,2.0,8.5,115.0,-135.0
2024-07-23,FLA,BAL,6.0,3.0,8.5,145.0,-175.0
2024-07-23,LAD,SFG,5.0,2.0,9.5,-155.0,130.0
2024-07-23,KCR,ARI,2.0,6.0,9.5,-110.0,-110.0
2024-07-23,COL,BOS,0.0,6.0,11.5,135.0,-160.0
2024-07-23,CLE,DET,5.0,4.0,8.5,-135.0,115.0
2024-07-23,CHC,MIL,0.0,1.0,8.5,-110.0,-110.0
2024-07-23,MIN,PHI,0.0,3.0,8.0,125.0,-150.0
2024-07-24,LAD,SFG,3.0,8.0,8.0,-200.0,165.0
2024-07-24,KCR,ARI,6.0,8.0,9.0,-115.0,-105.0
2024-07-24,TEX,CHW,10.0,2.0,8.0,-300.0,230.0
2024-07-24,TOR,TBD,6.0,3.0,8.0,100.0,-120.0
2024-07-24,NYY,NYM,3.0,12.0,8.5,-185.0,150.0
2024-07-24,WSN,SDP,3.0,12.0,9.0,-110.0,-110.0
2024-07-24,FLA,BAL,6.0,3.0,8.5,120.0,-145.0
2024-07-24,OAK,HOU,1.0,8.0,8.5,125.0,-150.0
2024-07-24,SEA,ANA,1.0,2.0,7.5,-175.0,145.0
2024-07-24,COL,BOS,20.0,7.0,10.5,120.0,-145.0
2024-07-24,CHC,MIL,2.0,3.0,7.5,-150.0,125.0
2024-07-24,MIN,PHI,5.0,4.0,8.0,120.0,-145.0
2024-07-24,PIT,STL,5.0,0.0,9.5,-105.0,-115.0
2024-07-24,ATL,CIN,4.0,9.0,8.8,-135.0,115.0
2024-07-24,CLE,DET,2.0,1.0,7.0,-145.0,120.0
2024-07-25,TEX,CHW,2.0,1.0,8.5,-250.0,200.0
2024-07-25,WSN,SDP,0.0,3.0,8.5,140.0,-165.0
2024-07-25,TOR,TBD,0.0,13.0,8.0,-110.0,-110.0
2024-07-25,NYM,ATL,3.0,2.0,7.5,-105.0,-115.0
2024-07-25,FLA,BAL,6.0,7.0,8.0,170.0,-210.0
2024-07-25,LAD,SFG,6.0,4.0,8.0,-130.0,110.0
2024-07-25,CLE,DET,0.0,3.0,7.5,-160.0,135.0
2024-07-25,ANA,OAK,5.0,6.0,9.5,-115.0,-105.0
2024-07-26,TOR,TEX,6.0,5.0,8.0,-125.0,105.0
2024-07-26,TBD,CIN,2.0,3.0,7.5,-115.0,-105.0
2024-07-26,STL,WSN,8.0,10.0,7.5,-185.0,150.0
2024-07-26,SFG,COL,11.0,4.0,8.0,-175.0,145.0
2024-07-26,PHI,CLE,1.0,3.0,8.0,-190.0,155.0
2024-07-26,MIL,FLA,2.0,6.0,7.5,-225.0,185.0
2024-07-26,KCR,CHC,6.0,0.0,9.0,-150.0,125.0
2024-07-26,NYM,ATL,8.0,4.0,7.5,-135.0,115.0
2024-07-26,DET,MIN,3.0,9.0,7.5,150.0,-185.0
2024-07-26,CHW,SEA,0.0,10.0,7.5,145.0,-175.0
2024-07-26,BOS,NYY,9.0,7.0,9.5,100.0,-120.0
2024-07-26,BAL,SDP,4.0,6.0,9.0,-200.0,165.0
2024-07-26,ARI,PIT,4.0,3.0,8.5,-175.0,145.0
2024-07-26,ANA,OAK,4.0,5.0,9.5,-110.0,-110.0
2024-07-26,HOU,LAD,5.0,0.0,8.0,-140.0,115.0
2024-07-27,MIL,FLA,3.0,7.0,8.5,-160.0,135.0
2024-07-27,TOR,TEX,7.0,3.0,8.5,-130.0,110.0
2024-07-27,STL,WSN,3.0,14.0,8.0,-150.0,125.0
2024-07-27,SFG,COL,4.0,1.0,7.5,-225.0,180.0
2024-07-27,PHI,CLE,8.0,0.0,9.5,-160.0,135.0
2024-07-27,NYM,ATL,0.0,4.0,8.0,-120.0,100.0
2024-07-27,KCR,CHC,4.0,9.0,8.0,-135.0,115.0
2024-07-27,TBD,CIN,4.0,0.0,8.0,-130.0,110.0
2024-07-27,DET,MIN,7.0,2.0,6.5,-110.0,-110.0
2024-07-27,CHW,SEA,3.0,6.0,7.5,120.0,-140.0
2024-07-27,BOS,NYY,8.0,11.0,10.0,-120.0,100.0
2024-07-27,BAL,SDP,4.0,9.0,8.5,-105.0,-115.0
2024-07-27,ARI,PIT,9.0,5.0,8.0,-185.0,150.0
2024-07-27,ANA,OAK,1.0,3.0,9.0,-125.0,105.0
2024-07-27,HOU,LAD,7.0,6.0,9.0,-150.0,125.0
2024-07-28,TOR,TEX,7.0,3.0,8.5,114.0,-134.0
2024-07-28,TBD,CIN,2.0,1.0,7.5,-100.0,-118.0
2024-07-28,STL,WSN,4.0,3.0,8.5,-152.0,128.0
2024-07-28,SFG,COL,5.0,4.0,7.5,-198.0,166.0
2024-07-28,PHI,CLE,3.0,4.0,9.0,-130.0,110.0
2024-07-28,NYM,ATL,2.0,9.0,8.0,-112.0,-104.0
2024-07-28,MIL,FLA,6.0,2.0,8.0,-210.0,176.0
2024-07-28,HOU,LAD,2.0,6.0,8.5,-136.0,116.0
2024-07-28,DET,MIN,0.0,5.0,7.5,124.0,-146.0
2024-07-28,CHW,SEA,3.0,6.0,7.0,110.0,-130.0
2024-07-28,BOS,NYY,2.0,8.0,9.0,-104.0,-112.0
2024-07-28,BAL,SDP,8.0,6.0,9.0,-138.0,118.0
2024-07-28,ARI,PIT,5.0,6.0,8.5,-116.0,-102.0
2024-07-28,ANA,OAK,8.0,6.0,9.5,-142.0,120.0
2024-07-28,KCR,CHC,3.0,7.0,9.0,-184.0,154.0
2024-07-29,HOU,PIT,3.0,5.0,7.5,114.0,-134.0
2024-07-29,STL,TEX,3.0,6.0,8.5,-104.0,-112.0
2024-07-29,NYM,MIN,15.0,2.0,8.5,-112.0,-104.0
2024-07-29,MIL,ATL,8.0,3.0,8.5,-120.0,102.0
2024-07-29,DET,CLE,4.0,8.0,7.5,138.0,-164.0
2024-07-29,PHI,NYY,4.0,14.0,9.0,-134.0,116.0
2024-07-29,CHW,KCR,5.0,8.0,9.5,146.0,-174.0
2024-07-29,BOS,SEA,14.0,7.0,8.5,-120.0,102.0
2024-07-29,BAL,TOR,11.0,5.0,8.5,-164.0,138.0
2024-07-29,ARI,WSN,9.0,8.0,9.0,-172.0,144.0
2024-07-29,CIN,CHC,7.0,1.0,9.0,-104.0,-112.0
2024-07-30,SFG,OAK,2.0,5.0,7.5,-184.0,154.0
2024-07-30,SDP,LAD,6.0,5.0,7.5,116.0,-136.0
2024-07-30,ANA,COL,10.0,7.0,9.0,-130.0,110.0
2024-07-30,MIL,ATL,1.0,5.0,8.5,-112.0,-104.0
2024-07-30,HOU,PIT,2.0,6.0,8.5,-215.0,164.0
2024-07-30,CHW,KCR,3.0,4.0,8.5,156.0,-186.0
2024-07-30,STL,TEX,8.0,1.0,8.5,102.0,-120.0
2024-07-30,ARI,WSN,17.0,0.0,9.0,-166.0,140.0
2024-07-30,CIN,CHC,6.0,3.0,9.5,112.0,-132.0
2024-07-30,BOS,SEA,6.0,10.0,10.5,-100.0,-118.0
2024-07-30,TBD,FLA,9.0,3.0,7.0,-174.0,146.0
2024-07-30,PHI,NYY,6.0,7.0,10.0,-152.0,128.0
2024-07-30,BAL,TOR,6.0,2.0,8.5,-215.0,180.0
2024-07-30,DET,CLE,0.0,5.0,8.0,118.0,-138.0
2024-07-30,NYM,MIN,2.0,0.0,8.5,-108.0,-108.0
2024-07-31,TBD,FLA,2.0,6.0,7.5,-270.0,220.0
2024-07-31,STL,TEX,10.0,1.0,9.5,-102.0,-116.0
2024-07-31,SFG,OAK,1.0,0.0,7.5,-200.0,168.0
2024-07-31,SDP,LAD,8.0,1.0,7.0,-138.0,118.0
2024-07-31,PHI,NYY,5.0,6.0,9.5,-116.0,-102.0
2024-07-31,NYM,MIN,3.0,8.0,8.5,106.0,-124.0
2024-07-31,MIL,ATL,2.0,6.0,7.5,-100.0,-118.0
2024-07-31,CHW,KCR,3.0,10.0,8.5,194.0,-235.0
2024-07-31,CIN,CHC,4.0,13.0,9.5,-154.0,130.0
2024-07-31,BOS,SEA,3.0,2.0,9.5,-104.0,-112.0
2024-07-31,BAL,TOR,10.0,4.0,9.5,-245.0,200.0
2024-07-31,ARI,WSN,5.0,4.0,8.0,-184.0,154.0
2024-07-31,ANA,COL,1.0,2.0,8.5,-138.0,118.0
2024-07-31,HOU,PIT,5.0,4.0,8.5,-230.0,190.0
2024-08-01,DET,KCR,1.0,7.0,8.5,136.0,-162.0
2024-08-01,CLE,BAL,10.0,3.0,9.0,-112.0,-104.0
2024-08-01,ANA,COL,4.0,5.0,8.5,-118.0,-100.0
2024-08-01,ATL,FLA,4.0,2.0,8.5,-205.0,172.0
2024-08-01,CHC,STL,5.0,4.0,8.0,-112.0,-104.0
2024-08-02,WSN,MIL,3.0,8.0,8.5,-104.0,-112.0
2024-08-02,TEX,BOS,6.0,11.0,9.0,-116.0,-102.0
2024-08-02,SEA,PHI,10.0,2.0,8.0,-116.0,-102.0
2024-08-02,SDP,COL,2.0,5.0,8.0,-184.0,154.0
2024-08-02,PIT,ARI,8.0,9.0,8.5,114.0,-134.0
2024-08-02,NYY,TOR,5.0,8.0,9.0,-172.0,144.0
2024-08-02,MIN,CHW,10.0,2.0,8.5,-330.0,265.0
2024-08-02,OAK,LAD,6.0,5.0,8.5,126.0,-148.0
2024-08-02,DET,KCR,2.0,9.0,7.0,-116.0,-102.0
2024-08-02,CLE,BAL,8.0,4.0,9.0,-104.0,-112.0
2024-08-02,CIN,SFG,0.0,3.0,8.5,118.0,-138.0
2024-08-02,CHC,STL,6.0,3.0,8.0,-104.0,-112.0
2024-08-02,ATL,FLA,5.0,3.0,9.0,-250.0,205.0
2024-08-02,ANA,NYM,1.0,5.0,9.5,118.0,-138.0
2024-08-02,HOU,TBD,3.0,2.0,7.5,-156.0,132.0
2024-08-03,NYY,TOR,8.0,3.0,9.5,-235.0,194.0
2024-08-03,WSN,MIL,6.0,4.0,9.5,-100.0,-118.0
2024-08-03,SEA,PHI,6.0,5.0,8.5,-118.0,-100.0
2024-08-03,SDP,COL,3.0,2.0,8.5,-210.0,176.0
2024-08-03,PIT,ARI,4.0,2.0,8.5,-118.0,-100.0
2024-08-03,OAK,LAD,0.0,10.0,7.5,144.0,-172.0
2024-08-03,MIN,CHW,6.0,2.0,8.0,-260.0,215.0
2024-08-03,TEX,BOS,7.0,4.0,8.5,-116.0,-102.0
2024-08-03,DET,KCR,6.0,5.0,9.0,-102.0,-116.0
2024-08-03,CLE,BAL,4.0,7.0,8.5,-102.0,-116.0
2024-08-03,CIN,SFG,6.0,4.0,9.0,-136.0,116.0
2024-08-03,CHC,STL,4.0,5.0,8.5,-112.0,-104.0
2024-08-03,ATL,FLA,3.0,4.0,9.0,-245.0,200.0
2024-08-03,ANA,NYM,5.0,4.0,9.0,108.0,-126.0
2024-08-03,HOU,TBD,1.0,6.0,8.0,-154.0,130.0
2024-08-04,WSN,MIL,4.0,3.0,9.0,110.0,-130.0
2024-08-04,TEX,BOS,2.0,7.0,8.0,-120.0,102.0
2024-08-04,SEA,PHI,0.0,6.0,7.0,108.0,-126.0
2024-08-04,PIT,ARI,5.0,6.0,7.5,-166.0,140.0
2024-08-04,OAK,LAD,2.0,3.0,8.5,124.0,-146.0
2024-08-04,NYY,TOR,4.0,3.0,9.5,-300.0,245.0
2024-08-04,MIN,CHW,13.0,7.0,8.5,-320.0,260.0
2024-08-04,SDP,COL,10.0,2.0,8.0,-230.0,190.0
2024-08-04,DET,KCR,2.0,3.0,8.5,114.0,-134.0
2024-08-04,CLE,BAL,5.0,9.0,7.5,108.0,-126.0
2024-08-04,CIN,SFG,2.0,8.0,9.0,-112.0,-104.0
2024-08-04,CHC,STL,6.0,2.0,9.0,-148.0,126.0
2024-08-04,ATL,FLA,0.0,7.0,8.0,-250.0,205.0
2024-08-04,ANA,NYM,3.0,2.0,9.5,130.0,-154.0
2024-08-04,HOU,TBD,0.0,1.0,8.5,-162.0,136.0
2024-08-05,WSN,SFG,1.0,4.0,9.0,142.0,-168.0
2024-08-05,TEX,HOU,4.0,3.0,8.5,-110.0,-106.0
2024-08-05,STL,NYM,0.0,6.0,9.0,-108.0,-108.0
2024-08-05,OAK,CHW,5.0,1.0,8.5,-200.0,168.0
2024-08-05,LAD,PHI,5.0,3.0,7.5,-134.0,116.0
2024-08-05,KCR,BOS,5.0,9.0,10.0,-130.0,110.0
2024-08-05,CLE,ARI,6.0,7.0,8.5,-100.0,-118.0
2024-08-05,CHC,MIN,0.0,3.0,7.5,104.0,-122.0
2024-08-05,FLA,CIN,3.0,10.0,8.5,122.0,-144.0
2024-08-06,SEA,DET,2.0,4.0,7.5,-205.0,172.0
2024-08-06,WSN,SFG,11.0,5.0,9.0,-100.0,-118.0
2024-08-06,TOR,BAL,5.0,2.0,8.5,128.0,-152.0
2024-08-06,TEX,HOU,2.0,4.0,8.5,112.0,-132.0
2024-08-06,STL,TBD,4.0,3.0,7.5,-154.0,130.0
2024-08-06,PIT,SDP,0.0,6.0,7.5,140.0,-166.0
2024-08-06,CHC,MIN,7.0,3.0,6.0,-110.0,-106.0
2024-08-06,FLA,CIN,2.0,8.0,7.5,114.0,-134.0
2024-08-06,ATL,MIL,0.0,10.0,9.0,-130.0,110.0
2024-08-06,COL,NYM,6.0,3.0,11.5,130.0,-154.0
2024-08-06,OAK,CHW,1.0,5.0,8.5,-190.0,160.0
2024-08-06,LAD,PHI,2.0,6.0,8.5,-110.0,-106.0
2024-08-06,KCR,BOS,5.0,6.0,8.5,-130.0,110.0
2024-08-07,OAK,CHW,3.0,2.0,8.5,-188.0,158.0
2024-08-07,WSN,SFG,4.0,7.0,7.5,134.0,-158.0
2024-08-07,TOR,BAL,3.0,7.0,9.5,116.0,-136.0
2024-08-07,TEX,HOU,4.0,6.0,9.0,110.0,-130.0
2024-08-07,STL,TBD,5.0,2.0,7.5,-120.0,102.0
2024-08-07,SEA,DET,2.0,6.0,6.0,-142.0,120.0
2024-08-07,PIT,SDP,8.0,9.0,7.5,134.0,-158.0
2024-08-07,FLA,CIN,6.0,4.0,8.5,104.0,-122.0
2024-08-07,LAD,PHI,4.0,9.0,9.0,-138.0,118.0
2024-08-07,KCR,BOS,8.0,4.0,8.5,-142.0,120.0
2024-08-07,COL,NYM,3.0,5.0,11.0,130.0,-154.0
2024-08-07,CLE,ARI,3.0,7.0,8.5,-116.0,-102.0
2024-08-07,CHC,MIN,8.0,2.0,7.5,120.0,-142.0
2024-08-07,ATL,MIL,5.0,8.0,8.0,-158.0,134.0
2024-08-07,NYY,ANA,5.0,2.0,8.5,-320.0,260.0
2024-08-08,PIT,SDP,6.0,7.0,8.5,-104.0,-112.0
2024-08-08,TOR,BAL,7.0,6.0,9.0,-108.0,-108.0
2024-08-08,STL,TBD,4.0,6.0,8.0,-124.0,106.0
2024-08-08,SEA,DET,4.0,3.0,7.5,-205.0,172.0
2024-08-08,WSN,SFG,5.0,9.0,8.5,102.0,-120.0
2024-08-08,NYY,ANA,4.0,9.0,8.0,-235.0,194.0
2024-08-08,COL,NYM,1.0,9.0,10.5,130.0,-154.0
2024-08-08,ATL,MIL,7.0,16.0,9.0,-132.0,112.0
2024-08-08,ARI,PHI,4.0,6.0,10.5,-126.0,108.0
2024-08-08,FLA,CIN,4.0,10.0,7.5,158.0,-188.0
2024-08-09,WSN,ANA,3.0,2.0,9.0,-100.0,-118.0
2024-08-09,TOR,OAK,3.0,1.0,9.0,-154.0,130.0
2024-08-09,TBD,BAL,1.0,4.0,8.0,110.0,-130.0
2024-08-09,SFG,DET,3.0,2.0,7.5,-190.0,160.0
2024-08-09,SEA,NYM,6.0,0.0,8.5,-134.0,116.0
2024-08-09,MIL,CIN,8.0,3.0,8.5,-154.0,130.0
2024-08-09,MIN,CLE,4.0,2.0,8.5,-164.0,138.0
2024-08-09,LAD,PIT,9.0,5.0,7.5,-220.0,184.0
2024-08-09,KCR,STL,5.0,8.0,8.5,-116.0,-102.0
2024-08-09,COL,ATL,6.0,5.0,10.5,138.0,-164.0
2024-08-09,CHW,CHC,6.0,7.0,8.5,126.0,-148.0
2024-08-09,BOS,HOU,4.0,8.0,9.5,-132.0,112.0
2024-08-09,ARI,PHI,3.0,2.0,8.5,114.0,-134.0
2024-08-09,FLA,SDP,2.0,6.0,8.0,112.0,-132.0
2024-08-10,NYY,TEX,8.0,0.0,9.0,-158.0,134.0
2024-08-10,WSN,ANA,5.0,4.0,9.0,-108.0,-108.0
2024-08-10,TOR,OAK,0.0,1.0,9.0,-134.0,116.0
2024-08-10,TBD,BAL,5.0,7.0,7.5,116.0,-136.0
2024-08-10,SFG,DET,3.0,1.0,7.5,-255.0,210.0
2024-08-10,SEA,NYM,4.0,0.0,7.5,-130.0,110.0
2024-08-10,MIN,CLE,1.0,2.0,8.5,-118.0,-100.0
2024-08-10,BOS,HOU,4.0,5.0,10.5,-116.0,-102.0
2024-08-10,FLA,SDP,8.0,9.0,8.5,166.0,-198.0
2024-08-10,LAD,PIT,4.0,1.0,8.0,-112.0,-104.0
2024-08-10,KCR,STL,8.0,3.0,9.0,-120.0,102.0
2024-08-10,COL,ATL,8.0,11.0,10.5,172.0,-205.0
2024-08-10,CHW,CHC,1.0,3.0,9.0,190.0,-230.0
2024-08-10,ARI,PHI,11.0,1.0,8.5,-116.0,-102.0
2024-08-10,MIL,CIN,1.0,0.0,8.0,-142.0,120.0
2024-08-11,WSN,ANA,4.0,6.0,9.0,-158.0,134.0
2024-08-11,TOR,OAK,4.0,8.0,8.5,-156.0,132.0
2024-08-11,TBD,BAL,2.0,1.0,8.0,-116.0,-102.0
2024-08-11,SFG,DET,4.0,5.0,8.0,-180.0,152.0
2024-08-11,SEA,NYM,12.0,1.0,7.5,-120.0,102.0
2024-08-11,NYY,TEX,8.0,7.0,9.5,-144.0,122.0
2024-08-11,MIL,CIN,3.0,4.0,8.0,-126.0,108.0
2024-08-11,FLA,SDP,7.0,6.0,7.5,166.0,-198.0
2024-08-11,LAD,PIT,6.0,5.0,8.5,-310.0,230.0
2024-08-11,COL,ATL,9.0,8.0,10.0,146.0,-174.0
2024-08-11,BOS,HOU,2.0,10.0,10.5,120.0,-142.0
2024-08-11,ARI,PHI,12.0,5.0,8.5,108.0,-126.0
2024-08-11,MIN,CLE,3.0,5.0,8.0,-116.0,-102.0
2024-08-12,TBD,HOU,1.0,6.0,7.5,112.0,-132.0
2024-08-12,SFG,ATL,0.0,1.0,6.5,-106.0,-110.0
2024-08-12,SDP,PIT,2.0,1.0,8.5,-210.0,176.0
2024-08-12,MIN,KCR,8.0,3.0,8.5,-162.0,136.0
2024-08-12,CLE,CHC,9.0,8.0,8.0,104.0,-122.0
2024-08-12,MIL,LAD,2.0,5.0,8.5,-102.0,-116.0
2024-08-12,CHW,NYY,12.0,2.0,9.0,285.0,-355.0
2024-08-12,BOS,TEX,5.0,4.0,9.0,-126.0,108.0
2024-08-12,ARI,COL,5.0,4.0,8.5,-300.0,245.0
2024-08-12,ANA,TOR,2.0,4.0,9.0,-106.0,-110.0
2024-08-12,CIN,STL,6.0,1.0,8.5,118.0,-138.0
2024-08-13,TBD,HOU,2.0,3.0,7.5,106.0,-124.0
2024-08-13,SFG,ATL,3.0,4.0,7.5,-112.0,-104.0
2024-08-13,SDP,PIT,3.0,0.0,7.5,-250.0,205.0
2024-08-13,PHI,FLA,0.0,5.0,9.0,-205.0,172.0
2024-08-13,NYM,OAK,4.0,9.0,8.5,-196.0,164.0
2024-08-13,MIN,KCR,13.0,3.0,8.5,-122.0,104.0
2024-08-13,DET,SEA,15.0,1.0,6.5,-124.0,106.0
2024-08-13,MIL,LAD,2.0,7.0,9.0,-100.0,-118.0
2024-08-13,CIN,STL,4.0,1.0,8.5,-132.0,112.0
2024-08-13,CHW,NYY,1.0,4.0,9.0,235.0,-290.0
2024-08-13,BOS,TEX,9.0,4.0,9.5,-142.0,120.0
2024-08-13,BAL,WSN,3.0,9.0,9.0,-188.0,158.0
2024-08-13,ARI,COL,4.0,3.0,8.5,-200.0,168.0
2024-08-13,ANA,TOR,1.0,6.0,8.5,-100.0,-118.0
2024-08-13,CLE,CHC,2.0,1.0,9.0,-154.0,130.0
2024-08-14,TBD,HOU,1.0,2.0,7.5,106.0,-124.0
2024-08-14,SFG,ATL,2.0,13.0,7.5,-132.0,112.0
2024-08-14,SDP,PIT,8.0,2.0,8.5,-142.0,120.0
2024-08-14,PHI,FLA,9.0,5.0,8.5,-168.0,142.0
2024-08-14,NYM,OAK,9.0,1.0,8.5,-225.0,188.0
2024-08-14,MIN,KCR,1.0,4.0,8.5,-104.0,-112.0
2024-08-14,MIL,LAD,5.0,4.0,8.5,-102.0,-116.0
2024-08-14,CIN,STL,9.0,2.0,9.5,-100.0,-118.0
2024-08-14,CLE,CHC,6.0,1.0,8.0,-132.0,112.0
2024-08-14,CHW,NYY,2.0,10.0,9.0,205.0,-250.0
2024-08-14,BOS,TEX,7.0,9.0,9.5,-138.0,118.0
2024-08-14,BAL,WSN,4.0,1.0,8.5,-172.0,144.0
2024-08-14,ARI,COL,11.0,4.0,9.0,-210.0,176.0
2024-08-14,ANA,TOR,2.0,9.0,8.5,-112.0,-104.0
2024-08-14,DET,SEA,3.0,2.0,8.0,122.0,-144.0
2024-08-15,TEX,MIN,2.0,3.0,7.5,106.0,-124.0
2024-08-15,SFG,ATL,6.0,0.0,7.0,-116.0,-102.0
2024-08-15,PHI,WSN,13.0,3.0,8.0,-270.0,220.0
2024-08-15,MIL,LAD,6.0,4.0,8.0,120.0,-142.0
2024-08-15,DET,SEA,2.0,1.0,8.5,116.0,-136.0
2024-08-15,BAL,BOS,5.0,1.0,8.5,-152.0,128.0
2024-08-15,NYM,OAK,6.0,7.0,8.5,-184.0,154.0
2024-08-16,NYM,FLA,7.0,3.0,8.5,-270.0,220.0
2024-08-16,TBD,ARI,5.0,4.0,7.5,-104.0,-112.0
2024-08-16,STL,LAD,6.0,7.0,9.5,114.0,-134.0
2024-08-16,TEX,MIN,3.0,4.0,8.5,-120.0,102.0
2024-08-16,PHI,WSN,3.0,2.0,9.5,-275.0,225.0
2024-08-16,MIL,CLE,5.0,3.0,8.0,-106.0,-110.0
2024-08-16,PIT,SEA,5.0,3.0,6.5,-120.0,102.0
2024-08-16,DET,NYY,0.0,3.0,8.0,184.0,-220.0
2024-08-16,COL,SDP,7.0,3.0,11.5,138.0,-164.0
2024-08-16,CIN,KCR,1.0,7.0,9.5,-138.0,118.0
2024-08-16,CHC,TOR,6.0,5.0,9.5,-130.0,110.0
2024-08-16,BAL,BOS,10.0,12.0,8.5,-174.0,146.0
2024-08-16,ANA,ATL,3.0,2.0,8.0,136.0,-162.0
2024-08-16,HOU,CHW,4.0,5.0,7.5,-275.0,225.0
2024-08-17,TEX,MIN,2.0,5.0,8.0,-142.0,120.0
2024-08-17,TBD,ARI,6.0,1.0,7.0,-102.0,-116.0
2024-08-17,STL,LAD,5.0,2.0,9.0,106.0,-124.0
2024-08-17,PIT,SEA,7.0,2.0,8.5,126.0,-148.0
2024-08-17,PHI,WSN,5.0,1.0,9.0,-230.0,190.0
2024-08-17,OAK,SFG,2.0,0.0,7.5,102.0,-120.0
2024-08-17,NYM,FLA,4.0,0.0,8.5,-196.0,164.0
2024-08-17,MIL,CLE,2.0,1.0,7.5,-120.0,102.0
2024-08-17,DET,NYY,4.0,0.0,9.0,200.0,-245.0
2024-08-17,COL,SDP,3.0,8.0,10.5,164.0,-196.0
2024-08-17,CIN,KCR,1.0,13.0,9.5,-124.0,106.0
2024-08-17,CHC,TOR,3.0,2.0,8.0,-166.0,140.0
2024-08-17,BAL,BOS,1.0,5.0,9.5,-112.0,-104.0
2024-08-17,ANA,ATL,3.0,11.0,8.0,194.0,-240.0
2024-08-17,HOU,CHW,6.0,1.0,8.5,-375.0,300.0
2024-08-18,NYM,FLA,2.0,3.0,8.5,-198.0,166.0
2024-08-18,TBD,ARI,8.0,7.0,7.5,-106.0,-110.0
2024-08-18,STL,LAD,1.0,2.0,7.5,-112.0,-104.0
2024-08-18,TEX,MIN,6.0,5.0,8.0,-108.0,-108.0
2024-08-18,PHI,WSN,4.0,6.0,9.5,-158.0,134.0
2024-08-18,OAK,SFG,2.0,4.0,7.0,136.0,-162.0
2024-08-18,MIL,CLE,2.0,0.0,8.5,-124.0,106.0
2024-08-18,PIT,SEA,3.0,10.0,8.5,144.0,-172.0
2024-08-18,DET,NYY,3.0,2.0,8.0,-124.0,106.0
2024-08-18,COL,SDP,3.0,2.0,11.5,164.0,-196.0
2024-08-18,CIN,KCR,1.0,8.0,9.0,-110.0,-106.0
2024-08-18,CHC,TOR,0.0,1.0,7.5,-190.0,160.0
2024-08-18,BAL,BOS,4.0,2.0,9.5,-122.0,104.0
2024-08-18,ANA,ATL,1.0,3.0,9.5,154.0,-184.0
2024-08-18,HOU,CHW,2.0,0.0,8.5,-375.0,300.0
2024-08-19,TOR,CIN,3.0,6.0,8.5,-154.0,130.0
2024-08-19,TEX,PIT,4.0,3.0,8.5,-154.0,130.0
2024-08-19,SFG,CHW,5.0,3.0,7.5,-245.0,200.0
2024-08-19,SDP,MIN,5.0,3.0,7.0,-172.0,144.0
2024-08-19,OAK,TBD,3.0,0.0,7.5,106.0,-124.0
2024-08-19,NYM,BAL,4.0,3.0,8.5,-136.0,116.0
2024-08-19,FLA,ARI,6.0,9.0,8.5,180.0,-215.0
2024-08-19,LAD,SEA,3.0,0.0,8.5,-146.0,124.0
2024-08-19,KCR,ANA,5.0,3.0,8.5,-240.0,198.0
2024-08-19,HOU,BOS,5.0,4.0,8.0,-138.0,118.0
2024-08-20,TOR,CIN,10.0,3.0,8.5,-124.0,106.0
2024-08-20,TEX,PIT,0.0,4.0,8.0,-142.0,120.0
2024-08-20,STL,MIL,2.0,3.0,7.5,-122.0,104.0
2024-08-20,SFG,CHW,4.0,1.0,7.5,-255.0,210.0
2024-08-20,SDP,MIN,7.0,5.0,7.5,102.0,-120.0
2024-08-20,OAK,TBD,0.0,1.0,7.5,102.0,-120.0
2024-08-20,NYM,BAL,5.0,9.0,8.5,-130.0,110.0
2024-08-20,WSN,COL,1.0,3.0,8.0,-162.0,136.0
2024-08-20,FLA,ARI,1.0,3.0,7.5,110.0,-130.0
2024-08-20,LAD,SEA,6.0,3.0,8.5,-162.0,136.0
2024-08-20,KCR,ANA,5.0,9.0,8.0,-200.0,168.0
2024-08-20,HOU,BOS,5.0,6.0,8.5,-112.0,-104.0
2024-08-20,CHC,DET,3.0,1.0,7.5,-148.0,126.0
2024-08-20,ATL,PHI,3.0,1.0,8.5,128.0,-152.0
2024-08-20,NYY,CLE,5.0,9.0,8.0,-154.0,130.0
2024-08-21,WSN,COL,6.0,1.0,8.5,-158.0,134.0
2024-08-21,TOR,CIN,7.0,11.0,8.0,-100.0,-118.0
2024-08-21,STL,MIL,10.0,6.0,7.5,-118.0,-100.0
2024-08-21,SFG,CHW,2.0,6.0,6.5,-245.0,200.0
2024-08-21,SDP,MIN,4.0,11.0,8.5,-124.0,106.0
2024-08-21,OAK,TBD,2.0,4.0,7.5,112.0,-132.0
2024-08-21,NYM,BAL,4.0,3.0,8.5,-142.0,120.0
2024-08-21,TEX,PIT,1.0,0.0,8.5,-152.0,128.0
2024-08-21,FLA,ARI,8.0,10.0,8.5,138.0,-164.0
2024-08-21,LAD,SEA,8.0,4.0,7.5,-180.0,152.0
2024-08-21,KCR,ANA,3.0,0.0,9.0,-184.0,154.0
2024-08-21,HOU,BOS,1.0,4.0,8.5,-138.0,118.0
2024-08-21,CHC,DET,2.0,8.0,7.5,-132.0,112.0
2024-08-21,ATL,PHI,2.0,3.0,7.5,-112.0,-104.0
2024-08-21,NYY,CLE,8.0,1.0,8.5,-196.0,164.0
2024-08-22,WSN,COL,8.0,3.0,8.5,-156.0,132.0
2024-08-22,TOR,ANA,5.0,3.0,9.0,-152.0,128.0
2024-08-22,STL,MIL,3.0,0.0,7.5,106.0,-136.0
2024-08-22,SDP,NYM,3.0,8.0,7.5,-158.0,134.0
2024-08-22,PIT,CIN,7.0,0.0,7.0,-154.0,130.0
2024-08-22,OAK,TBD,3.0,1.0,7.5,-100.0,-118.0
2024-08-22,CHC,DET,10.0,2.0,7.5,-190.0,160.0
2024-08-22,BAL,HOU,0.0,6.0,7.5,-164.0,138.0
2024-08-22,ATL,PHI,3.0,2.0,7.5,-116.0,-102.0
2024-08-22,NYY,CLE,6.0,0.0,8.0,-196.0,164.0
2024-08-23,NYY,COL,3.0,0.0,8.0,-350.0,280.0
2024-08-23,TOR,ANA,5.0,4.0,8.5,-188.0,158.0
2024-08-23,SEA,SFG,6.0,5.0,7.0,-148.0,126.0
2024-08-23,SDP,NYM,7.0,0.0,7.5,-134.0,114.0
2024-08-23,PIT,CIN,6.0,5.0,8.0,-112.0,-104.0
2024-08-23,OAK,MIL,3.0,11.0,7.5,-104.0,-112.0
2024-08-23,MIN,STL,1.0,6.0,8.5,-152.0,128.0
2024-08-23,BOS,ARI,2.0,12.0,9.5,-126.0,108.0
2024-08-23,LAD,TBD,7.0,3.0,8.5,-198.0,166.0
2024-08-23,KCR,PHI,7.0,4.0,9.5,-134.0,114.0
2024-08-23,CLE,TEX,3.0,5.0,7.0,-142.0,120.0
2024-08-23,CHW,DET,2.0,5.0,8.5,134.0,-158.0
2024-08-23,FLA,CHC,3.0,6.0,8.5,106.0,-124.0
2024-08-23,BAL,HOU,7.0,5.0,8.0,102.0,-120.0
2024-08-23,ATL,WSN,3.0,2.0,7.5,-260.0,215.0
2024-08-24,TOR,ANA,3.0,1.0,8.5,-188.0,158.0
2024-08-24,SEA,SFG,3.0,4.0,6.0,-112.0,-104.0
2024-08-24,SDP,NYM,1.0,7.0,7.5,-144.0,122.0
2024-08-24,PIT,CIN,2.0,10.0,9.0,-108.0,-108.0
2024-08-24,OAK,MIL,5.0,9.0,8.0,108.0,-126.0
2024-08-24,NYY,COL,2.0,9.0,9.5,-310.0,250.0
2024-08-24,MIN,STL,6.0,0.0,7.5,-138.0,118.0
2024-08-24,FLA,CHC,2.0,14.0,8.0,166.0,-198.0
2024-08-24,LAD,TBD,8.0,9.0,7.5,-225.0,188.0
2024-08-24,KCR,PHI,2.0,11.0,9.5,-108.0,-108.0
2024-08-24,CLE,TEX,13.0,5.0,8.5,-132.0,112.0
2024-08-24,CHW,DET,4.0,13.0,8.0,198.0,-240.0
2024-08-24,BOS,ARI,1.0,4.0,9.5,-126.0,108.0
2024-08-24,BAL,HOU,3.0,2.0,8.5,-110.0,-106.0
2024-08-24,ATL,WSN,4.0,2.0,8.5,-166.0,140.0
2024-08-25,SEA,SFG,4.0,3.0,7.0,-142.0,120.0
2024-08-25,SDP,NYM,3.0,2.0,8.5,-120.0,102.0
2024-08-25,PIT,CIN,4.0,3.0,8.5,-108.0,-108.0
2024-08-25,OAK,MIL,4.0,3.0,8.0,120.0,-142.0
2024-08-25,TOR,ANA,8.0,2.0,8.0,-162.0,136.0
2024-08-25,NYY,COL,10.0,3.0,9.0,-255.0,210.0
2024-08-25,MIN,STL,2.0,3.0,8.5,-142.0,120.0
2024-08-25,CLE,TEX,4.0,2.0,8.0,-124.0,106.0
2024-08-25,LAD,TBD,3.0,1.0,9.0,-240.0,198.0
2024-08-25,KCR,PHI,3.0,11.0,10.5,-138.0,118.0
2024-08-25,CHW,DET,4.0,9.0,9.0,132.0,-156.0
2024-08-25,BOS,ARI,5.0,7.0,9.0,-130.0,110.0
2024-08-25,BAL,HOU,3.0,6.0,8.0,-110.0,-106.0
2024-08-25,ATL,WSN,1.0,5.0,8.5,-196.0,164.0
2024-08-25,FLA,CHC,7.0,2.0,9.0,148.0,-176.0
2024-08-26,WSN,NYY,2.0,5.0,9.0,160.0,-190.0
2024-08-26,STL,SDP,4.0,7.0,9.0,-120.0,102.0
2024-08-26,SEA,TBD,5.0,1.0,6.5,-130.0,110.0
2024-08-26,PIT,CHC,8.0,18.0,8.5,-116.0,-102.0
2024-08-26,PHI,HOU,3.0,2.0,8.0,-200.0,168.0
2024-08-26,MIN,ATL,6.0,10.0,8.0,-118.0,-100.0
2024-08-26,CLE,KCR,3.0,4.0,8.5,108.0,-126.0
2024-08-26,CHW,DET,3.0,6.0,9.0,116.0,-136.0
2024-08-26,BOS,TOR,3.0,7.0,9.0,-154.0,130.0
2024-08-26,COL,FLA,3.0,2.0,10.5,-116.0,-102.0
2024-08-27,MIN,ATL,6.0,8.0,8.0,-104.0,-112.0
2024-08-27,STL,SDP,5.0,7.0,8.0,122.0,-144.0
2024-08-27,WSN,NYY,4.0,2.0,9.0,205.0,-250.0
2024-08-27,SEA,TBD,2.0,3.0,6.5,-164.0,138.0
2024-08-27,PIT,CHC,5.0,9.0,7.5,106.0,-124.0
2024-08-27,PHI,HOU,5.0,0.0,9.0,-142.0,120.0
2024-08-27,MIL,SFG,4.0,5.0,8.0,-116.0,-102.0
2024-08-27,BOS,TOR,6.0,3.0,9.5,-134.0,114.0
2024-08-27,DET,ANA,6.0,2.0,9.5,-154.0,130.0
2024-08-27,ARI,NYM,3.0,8.0,8.5,-110.0,-106.0
2024-08-27,CIN,OAK,4.0,5.0,10.0,-134.0,116.0
2024-08-27,LAD,BAL,2.0,3.0,8.5,-188.0,158.0
2024-08-27,COL,FLA,8.0,9.0,11.5,-146.0,124.0
2024-08-27,CLE,KCR,1.0,6.0,9.0,-162.0,136.0
2024-08-28,WSN,NYY,5.0,2.0,9.0,184.0,-220.0
2024-08-28,STL,SDP,4.0,3.0,7.5,106.0,-124.0
2024-08-28,SEA,TBD,6.0,2.0,6.5,-158.0,134.0
2024-08-28,PIT,CHC,10.0,14.0,8.5,-164.0,138.0
2024-08-28,PHI,HOU,0.0,10.0,10.0,104.0,-122.0
2024-08-28,MIN,ATL,1.0,5.0,7.0,122.0,-144.0
2024-08-28,LAD,BAL,6.0,4.0,8.5,-110.0,-106.0
2024-08-28,MIL,SFG,5.0,3.0,8.0,-172.0,144.0
2024-08-28,COL,FLA,8.0,2.0,11.0,-138.0,118.0
2024-08-28,CLE,KCR,7.0,5.0,7.5,-152.0,128.0
2024-08-28,CIN,OAK,6.0,9.0,10.0,-122.0,104.0
2024-08-28,CHW,TEX,3.0,4.0,9.0,164.0,-196.0
2024-08-28,BOS,TOR,3.0,0.0,9.5,-136.0,116.0
2024-08-28,ARI,NYM,8.0,5.0,8.5,-120.0,102.0
2024-08-28,DET,ANA,3.0,2.0,,-162.0,136.0
2024-08-29,STL,SDP,4.0,1.0,7.5,-116.0,-102.0
2024-08-29,PHI,ATL,5.0,4.0,8.5,-162.0,136.0
2024-08-29,MIL,SFG,6.0,0.0,8.5,-132.0,112.0
2024-08-29,HOU,KCR,6.0,3.0,7.5,-158.0,134.0
2024-08-29,LAD,BAL,6.0,3.0,8.5,-144.0,122.0
2024-08-29,DET,ANA,0.0,3.0,9.0,-180.0,152.0
2024-08-29,CIN,OAK,10.0,9.0,10.5,-134.0,114.0
2024-08-29,CHW,TEX,1.0,2.0,8.5,235.0,-290.0
2024-08-29,BOS,TOR,0.0,2.0,8.5,-134.0,114.0
2024-08-29,ARI,NYM,2.0,3.0,8.5,-122.0,104.0
2024-08-29,COL,FLA,8.0,12.0,11.5,-138.0,118.0
2024-08-30,WSN,CHC,6.0,7.0,8.0,130.0,-154.0
2024-08-30,TEX,OAK,2.0,9.0,8.5,-136.0,116.0
2024-08-30,TBD,SDP,5.0,13.0,7.5,-130.0,110.0
2024-08-30,SFG,FLA,3.0,1.0,7.0,-290.0,235.0
2024-08-30,PHI,ATL,2.0,7.0,7.5,-142.0,120.0
2024-08-30,NYY,STL,6.0,3.0,8.5,-184.0,154.0
2024-08-30,MIN,TOR,2.0,0.0,7.5,-188.0,158.0
2024-08-30,HOU,KCR,3.0,2.0,7.5,-180.0,152.0
2024-08-30,COL,BAL,3.0,5.0,11.0,124.0,-146.0
2024-08-30,CLE,PIT,10.0,8.0,8.5,-148.0,126.0
2024-08-30,CIN,MIL,4.0,5.0,9.0,-102.0,-116.0
2024-08-30,CHW,NYM,1.0,5.0,9.0,184.0,-220.0
2024-08-30,ARI,LAD,9.0,10.0,8.5,118.0,-138.0
2024-08-30,ANA,SEA,5.0,9.0,8.5,156.0,-186.0
2024-08-30,DET,BOS,5.0,7.0,8.5,102.0,-120.0
2024-08-31,WSN,CHC,3.0,5.0,9.0,-102.0,-116.0
2024-08-31,TEX,OAK,3.0,2.0,8.5,-166.0,140.0
2024-08-31,TBD,SDP,11.0,4.0,8.0,-120.0,102.0
2024-08-31,SFG,FLA,3.0,4.0,7.5,-142.0,120.0
2024-08-31,PHI,ATL,3.0,0.0,7.5,-166.0,140.0
2024-08-31,NYY,STL,5.0,6.0,9.5,-168.0,142.0
2024-08-31,MIN,TOR,0.0,15.0,9.0,-144.0,122.0
2024-08-31,DET,BOS,2.0,1.0,7.5,-142.0,120.0
2024-08-31,COL,BAL,7.0,5.0,11.0,134.0,-158.0
2024-08-31,ANA,SEA,5.0,4.0,8.0,138.0,-164.0
2024-08-31,ARI,LAD,6.0,8.0,9.5,116.0,-136.0
2024-08-31,HOU,KCR,5.0,2.0,7.5,-130.0,110.0
2024-08-31,CIN,MIL,4.0,5.0,8.5,110.0,-130.0
2024-08-31,CLE,PIT,0.0,3.0,8.5,-190.0,160.0
2024-08-31,CHW,NYM,3.0,5.0,9.0,162.0,-194.0
2024-09-01,WSN,CHC,1.0,14.0,9.0,110.0,-130.0
2024-09-01,TEX,OAK,6.0,4.0,9.0,-125.0,105.0
2024-09-01,TBD,SDP,3.0,4.0,7.0,105.0,-125.0
2024-09-01,SFG,FLA,5.0,7.0,7.5,-275.0,220.0
2024-09-01,PHI,ATL,3.0,2.0,8.0,-130.0,110.0
2024-09-01,NYY,STL,7.0,14.0,9.5,-250.0,200.0
2024-09-01,HOU,KCR,7.0,2.0,8.5,-155.0,130.0
2024-09-01,MIN,TOR,4.0,3.0,8.0,-275.0,220.0
2024-09-01,COL,BAL,1.0,6.0,11.0,155.0,-190.0
2024-09-01,CLE,PIT,6.0,1.0,7.5,-155.0,125.0
2024-09-01,CIN,MIL,4.0,3.0,9.5,110.0,-130.0
2024-09-01,CHW,NYM,0.0,2.0,7.5,150.0,-185.0
2024-09-01,ARI,LAD,14.0,3.0,9.0,-110.0,-110.0
2024-09-01,ANA,SEA,3.0,2.0,8.5,150.0,-185.0
2024-09-01,DET,BOS,4.0,1.0,9.5,-105.0,-115.0
2024-09-02,TEX,NYY,4.0,8.0,8.5,150.0,-185.0
2024-09-02,TBD,MIN,4.0,5.0,7.5,-105.0,-115.0
2024-09-02,SDP,DET,3.0,0.0,8.0,-210.0,170.0
2024-09-02,OAK,SEA,5.0,4.0,7.5,120.0,-145.0
2024-09-02,NYM,BOS,4.0,1.0,8.0,-115.0,-105.0
2024-09-02,KCR,CLE,2.0,4.0,8.0,-115.0,-105.0
2024-09-02,CIN,HOU,5.0,3.0,9.5,135.0,-160.0
2024-09-02,CHC,PIT,3.0,5.0,7.5,-145.0,120.0
2024-09-02,BAL,CHW,13.0,3.0,8.0,-450.0,333.0
2024-09-02,ARI,LAD,6.0,11.0,9.0,110.0,-130.0
2024-09-02,MIL,STL,9.0,3.0,7.5,-165.0,140.0
2024-09-03,TOR,PHI,9.0,10.0,8.5,-120.0,100.0
2024-09-03,TEX,NYY,7.0,4.0,8.5,130.0,-155.0
2024-09-03,TBD,MIN,2.0,1.0,7.0,-115.0,-105.0
2024-09-03,SFG,ARI,7.0,8.0,8.0,-105.0,-115.0
2024-09-03,OAK,SEA,3.0,2.0,8.0,130.0,-155.0
2024-09-03,MIL,STL,4.0,7.0,8.0,-150.0,125.0
2024-09-03,NYM,BOS,7.0,2.0,7.5,-140.0,120.0
2024-09-03,KCR,CLE,1.0,7.0,8.0,110.0,-130.0
2024-09-03,CHC,PIT,0.0,5.0,7.5,105.0,-125.0
2024-09-03,BAL,CHW,9.0,0.0,9.0,-350.0,260.0
2024-09-03,ATL,COL,3.0,0.0,7.5,-350.0,280.0
2024-09-03,ANA,LAD,2.0,6.0,9.5,150.0,-185.0
2024-09-03,FLA,WSN,2.0,6.0,8.0,-115.0,-105.0
2024-09-04,OAK,SEA,3.0,16.0,7.5,120.0,-145.0
2024-09-04,TOR,PHI,2.0,4.0,7.5,115.0,-135.0
2024-09-04,TEX,NYY,10.0,6.0,8.5,-105.0,-115.0
2024-09-04,TBD,MIN,9.0,4.0,7.5,100.0,-120.0
2024-09-04,SFG,ARI,4.0,6.0,7.5,115.0,-135.0
2024-09-04,SDP,DET,6.0,5.0,8.0,-210.0,170.0
2024-09-04,NYM,BOS,8.0,3.0,8.0,-115.0,-105.0
2024-09-04,ATL,COL,5.0,2.0,9.0,-275.0,225.0
2024-09-04,FLA,WSN,4.0,3.0,8.5,120.0,-145.0
2024-09-04,KCR,CLE,4.0,1.0,8.5,-135.0,115.0
2024-09-04,CIN,HOU,12.0,5.0,9.0,120.0,-145.0
2024-09-04,CHC,PIT,12.0,0.0,8.5,-225.0,180.0
2024-09-04,BAL,CHW,1.0,8.0,8.0,-400.0,310.0
2024-09-04,MIL,STL,2.0,3.0,7.5,-125.0,105.0
2024-09-04,ANA,LAD,10.0,1.0,10.0,170.0,-210.0
2024-09-05,TEX,ANA,3.0,1.0,8.5,-190.0,155.0
2024-09-05,TBD,MIN,3.0,4.0,7.0,130.0,-155.0
2024-09-05,SFG,ARI,3.0,2.0,7.0,-155.0,130.0
2024-09-05,SDP,DET,3.0,4.0,8.5,-165.0,140.0
2024-09-05,OAK,SEA,4.0,6.0,7.5,125.0,-150.0
2024-09-05,FLA,PHI,2.0,5.0,8.0,185.0,-225.0
2024-09-05,CIN,HOU,1.0,0.0,9.0,130.0,-155.0
2024-09-05,ATL,COL,1.0,3.0,8.0,-300.0,230.0
2024-09-05,PIT,WSN,9.0,4.0,8.0,-125.0,105.0
2024-09-06,MIL,COL,2.0,3.0,7.5,-225.0,180.0
2024-09-06,TEX,ANA,1.0,5.0,9.0,-160.0,135.0
2024-09-06,STL,SEA,1.0,6.0,7.5,100.0,-120.0
2024-09-06,SDP,SFG,5.0,1.0,8.0,-225.0,180.0
2024-09-06,OAK,DET,7.0,6.0,7.0,130.0,-155.0
2024-09-06,FLA,PHI,2.0,16.0,7.5,220.0,-275.0
2024-09-06,NYM,CIN,6.0,4.0,7.5,-185.0,150.0
2024-09-06,KCR,MIN,5.0,0.0,7.5,-135.0,115.0
2024-09-06,HOU,ARI,8.0,0.0,7.5,-165.0,140.0
2024-09-06,CHC,NYY,0.0,3.0,8.0,100.0,-120.0
2024-09-06,BOS,CHW,3.0,1.0,8.5,-275.0,225.0
2024-09-06,BAL,TBD,2.0,0.0,8.5,-160.0,135.0
2024-09-06,ATL,TOR,3.0,1.0,7.5,-175.0,145.0
2024-09-06,LAD,CLE,1.0,3.0,8.5,-155.0,130.0
2024-09-07,TEX,ANA,6.0,4.0,8.5,-150.0,125.0
2024-09-07,STL,SEA,2.0,0.0,7.0,115.0,-130.0
2024-09-07,SDP,SFG,3.0,6.0,7.0,-135.0,110.0
2024-09-07,PIT,WSN,3.0,5.0,8.5,-125.0,105.0
2024-09-07,OAK,DET,1.0,2.0,8.0,-105.0,-115.0
2024-09-07,NYM,CIN,4.0,0.0,8.5,-155.0,130.0
2024-09-07,MIL,COL,5.0,2.0,8.5,-300.0,240.0
2024-09-07,FLA,PHI,9.0,5.0,8.5,220.0,-275.0
2024-09-07,KCR,MIN,4.0,2.0,8.0,120.0,-140.0
2024-09-07,HOU,ARI,11.0,5.0,8.0,-155.0,130.0
2024-09-07,CHC,NYY,0.0,2.0,7.5,125.0,-145.0
2024-09-07,BOS,CHW,7.0,5.0,8.5,-200.0,165.0
2024-09-07,BAL,TBD,1.0,7.0,7.0,-185.0,150.0
2024-09-07,ATL,TOR,5.0,9.0,7.5,-160.0,135.0
2024-09-07,LAD,CLE,7.0,2.0,9.0,-155.0,125.0
2024-09-08,MIL,COL,1.0,4.0,7.5,-300.0,240.0
2024-09-08,TEX,ANA,7.0,4.0,8.5,-175.0,145.0
2024-09-08,STL,SEA,4.0,10.0,7.5,115.0,-135.0
2024-09-08,SDP,SFG,6.0,7.0,8.5,-200.0,165.0
2024-09-08,OAK,DET,1.0,9.0,8.0,-120.0,100.0
2024-09-08,NYM,CIN,1.0,3.0,8.0,-200.0,165.0
2024-09-08,FLA,PHI,10.0,1.0,8.5,115.0,-135.0
2024-09-08,PIT,WSN,7.0,3.0,8.5,-165.0,140.0
2024-09-08,KCR,MIN,2.0,0.0,8.5,-120.0,100.0
2024-09-08,HOU,ARI,6.0,12.0,8.5,-140.0,120.0
2024-09-08,CHC,NYY,2.0,1.0,8.5,135.0,-160.0
2024-09-08,LAD,CLE,4.0,0.0,8.5,-165.0,140.0
2024-09-08,BOS,CHW,2.0,7.0,10.0,-275.0,225.0
2024-09-08,BAL,TBD,0.0,2.0,8.0,-225.0,180.0
2024-09-08,ATL,TOR,4.0,3.0,7.5,-275.0,225.0
2024-09-09,TOR,NYM,2.0,3.0,9.0,110.0,-130.0
2024-09-09,PIT,FLA,3.0,2.0,8.0,-275.0,225.0
2024-09-09,PHI,TBD,2.0,1.0,8.0,-210.0,170.0
2024-09-09,NYY,KCR,10.0,4.0,8.5,-185.0,150.0
2024-09-09,MIN,ANA,2.0,6.0,8.0,-190.0,155.0
2024-09-09,LAD,CHC,4.0,10.0,10.0,-190.0,155.0
2024-09-09,CHW,CLE,3.0,5.0,9.0,185.0,-225.0
2024-09-09,BOS,BAL,12.0,3.0,9.5,-120.0,100.0
2024-09-09,ATL,CIN,0.0,1.0,8.5,-155.0,130.0
2024-09-10,TOR,NYM,6.0,2.0,8.0,105.0,-125.0
2024-09-10,STL,CIN,0.0,3.0,8.5,-135.0,115.0
2024-09-10,SFG,MIL,2.0,3.0,7.5,-105.0,-115.0
2024-09-10,SEA,SDP,3.0,7.0,7.0,-125.0,105.0
2024-09-10,PIT,FLA,6.0,4.0,8.5,-160.0,135.0
2024-09-10,PHI,TBD,9.0,4.0,7.5,-185.0,150.0
2024-09-10,NYY,KCR,0.0,5.0,9.0,-145.0,120.0
2024-09-10,WSN,ATL,0.0,12.0,7.5,120.0,-145.0
2024-09-10,LAD,CHC,3.0,6.0,8.0,-155.0,130.0
2024-09-10,HOU,OAK,3.0,4.0,8.5,-190.0,155.0
2024-09-10,DET,COL,11.0,0.0,8.5,-190.0,160.0
2024-09-10,CHW,CLE,0.0,5.0,8.5,200.0,-250.0
2024-09-10,BOS,BAL,3.0,5.0,9.5,-130.0,115.0
2024-09-10,ARI,TEX,6.0,0.0,7.5,-175.0,145.0
2024-09-10,MIN,ANA,10.0,5.0,8.0,-250.0,200.0
2024-09-11,LAD,CHC,10.0,8.0,9.0,-175.0,145.0
2024-09-11,SFG,MIL,13.0,2.0,7.0,-140.0,120.0
2024-09-11,SEA,SDP,5.0,2.0,7.0,-110.0,-110.0
2024-09-11,STL,CIN,2.0,1.0,8.0,-150.0,125.0
2024-09-11,MIN,ANA,6.0,4.0,8.5,-225.0,180.0
2024-09-11,BOS,BAL,5.0,3.0,9.5,-140.0,120.0
2024-09-11,NYY,KCR,4.0,3.0,8.0,-150.0,125.0
2024-09-11,HOU,OAK,4.0,5.0,8.5,-250.0,200.0
2024-09-11,PHI,TBD,3.0,2.0,7.0,-250.0,200.0
2024-09-11,DET,COL,7.0,4.0,8.0,-190.0,155.0
2024-09-11,ARI,TEX,14.0,4.0,8.5,-160.0,135.0
2024-09-11,TOR,NYM,2.0,6.0,7.5,110.0,-130.0
2024-09-11,CHW,CLE,4.0,6.0,7.5,180.0,-225.0
2024-09-11,PIT,FLA,3.0,1.0,9.0,-155.0,130.0
2024-09-11,WSN,ATL,5.0,1.0,8.0,145.0,-175.0
2024-09-12,WSN,FLA,3.0,6.0,9.0,-185.0,150.0
2024-09-12,STL,CIN,6.0,1.0,7.5,-150.0,125.0
2024-09-12,SFG,MIL,0.0,3.0,7.5,110.0,-130.0
2024-09-12,SEA,TEX,4.0,5.0,7.0,-145.0,120.0
2024-09-12,NYY,BOS,2.0,1.0,9.0,-200.0,165.0
2024-09-12,DET,COL,2.0,4.0,7.0,-300.0,240.0
2024-09-12,CLE,TBD,2.0,5.0,7.5,-145.0,120.0
2024-09-12,HOU,OAK,6.0,3.0,8.0,-275.0,225.0
2024-09-13,PHI,NYM,3.0,11.0,8.5,-160.0,135.0
2024-09-13,WSN,FLA,4.0,1.0,8.0,-140.0,120.0
2024-09-13,TOR,STL,4.0,3.0,8.0,-135.0,115.0
2024-09-13,SFG,SDP,0.0,5.0,7.0,-105.0,-115.0
2024-09-13,SEA,TEX,5.0,4.0,7.0,110.0,-130.0
2024-09-13,PIT,KCR,3.0,8.0,8.5,-115.0,-105.0
2024-09-13,NYY,BOS,5.0,4.0,9.0,-175.0,145.0
2024-09-13,COL,CHC,9.0,5.0,10.5,125.0,-155.0
2024-09-13,DET,BAL,1.0,0.0,8.0,110.0,-130.0
2024-09-13,MIN,CIN,4.0,8.0,8.5,-250.0,195.0
2024-09-13,CLE,TBD,1.0,3.0,7.5,-185.0,150.0
2024-09-13,CHW,OAK,0.0,2.0,7.5,115.0,-135.0
2024-09-13,ATL,LAD,6.0,2.0,8.5,-110.0,-110.0
2024-09-13,ARI,MIL,1.0,2.0,8.5,-125.0,105.0
2024-09-13,ANA,HOU,3.0,5.0,8.5,180.0,-225.0
2024-09-14,WSN,FLA,4.0,1.0,9.0,-145.0,120.0
2024-09-14,TOR,STL,7.0,2.0,8.0,-135.0,115.0
2024-09-14,SFG,SDP,0.0,8.0,7.5,135.0,-160.0
2024-09-14,SEA,TEX,5.0,4.0,6.5,-165.0,140.0
2024-09-14,PIT,KCR,1.0,5.0,8.0,-105.0,-115.0
2024-09-14,PHI,NYM,6.0,4.0,9.0,-120.0,100.0
2024-09-14,NYY,BOS,1.0,7.0,8.5,-200.0,165.0
2024-09-14,MIN,CIN,1.0,11.0,8.5,-155.0,130.0
2024-09-14,DET,BAL,2.0,4.0,8.0,120.0,-145.0
2024-09-14,COL,CHC,6.0,5.0,10.5,120.0,-145.0
2024-09-14,CLE,TBD,6.0,1.0,8.0,-145.0,120.0
2024-09-14,CHW,OAK,7.0,6.0,8.5,145.0,-175.0
2024-09-14,ATL,LAD,10.0,1.0,7.5,-120.0,100.0
2024-09-14,ARI,MIL,8.0,15.0,8.5,-165.0,140.0
2024-09-14,ANA,HOU,3.0,5.0,8.5,140.0,-165.0
2024-09-15,SEA,TEX,7.0,0.0,6.5,-160.0,135.0
2024-09-15,ARI,MIL,11.0,10.0,8.5,-160.0,135.0
2024-09-15,ANA,HOU,4.0,6.0,9.0,170.0,-210.0
2024-09-15,SFG,SDP,3.0,4.0,8.0,-105.0,-115.0
2024-09-15,ATL,LAD,2.0,9.0,9.0,-110.0,-110.0
2024-09-15,COL,CHC,2.0,6.0,11.5,115.0,-135.0
2024-09-15,CHW,OAK,4.0,3.0,8.0,145.0,-175.0
2024-09-15,PIT,KCR,4.0,3.0,7.5,-110.0,-110.0
2024-09-15,TOR,STL,3.0,2.0,8.0,-130.0,110.0
2024-09-15,WSN,FLA,4.0,3.0,8.5,-175.0,145.0
2024-09-15,PHI,NYM,2.0,1.0,8.0,-135.0,115.0
2024-09-15,NYY,BOS,5.0,2.0,8.5,-175.0,145.0
2024-09-15,MIN,CIN,9.0,2.0,8.5,-175.0,145.0
2024-09-15,DET,BAL,4.0,2.0,8.5,-105.0,-115.0
2024-09-15,CLE,TBD,2.0,0.0,8.0,-130.0,110.0
2024-09-16,STL,PIT,4.0,0.0,7.0,115.0,-135.0
2024-09-16,SDP,HOU,3.0,1.0,8.0,-120.0,100.0
2024-09-16,NYM,WSN,2.0,1.0,7.5,-190.0,155.0
2024-09-16,MIL,PHI,6.0,2.0,8.0,-110.0,-110.0
2024-09-16,KCR,DET,6.0,7.0,8.0,-140.0,120.0
2024-09-16,COL,ARI,3.0,2.0,11.0,145.0,-175.0
2024-09-16,CHC,OAK,9.0,2.0,8.0,-200.0,165.0
2024-09-16,ATL,LAD,0.0,9.0,7.5,115.0,-135.0
2024-09-16,ANA,CHW,4.0,8.0,8.0,-190.0,155.0
2024-09-16,CLE,MIN,4.0,3.0,7.5,105.0,-125.0
2024-09-17,TEX,TOR,13.0,8.0,7.5,-135.0,115.0
2024-09-17,TBD,BOS,8.0,3.0,8.0,110.0,-130.0
2024-09-17,STL,PIT,3.0,1.0,8.0,-150.0,125.0
2024-09-17,SEA,NYY,2.0,11.0,7.5,-105.0,-115.0
2024-09-17,SDP,HOU,3.0,4.0,7.5,-120.0,100.0
2024-09-17,NYM,WSN,10.0,1.0,7.5,-175.0,145.0
2024-09-17,FLA,LAD,11.0,9.0,9.5,180.0,-225.0
2024-09-17,MIL,PHI,1.0,5.0,7.5,120.0,-140.0
2024-09-17,COL,ARI,8.0,2.0,11.0,125.0,-150.0
2024-09-17,ANA,CHW,5.0,0.0,8.0,-155.0,130.0
2024-09-17,BAL,SFG,0.0,10.0,7.5,100.0,-120.0
2024-09-17,KCR,DET,1.0,3.0,8.0,-160.0,135.0
2024-09-17,CIN,ATL,6.0,5.0,9.0,120.0,-140.0
2024-09-17,CLE,MIN,1.0,4.0,8.0,-130.0,115.0
2024-09-17,CHC,OAK,3.0,4.0,8.0,-150.0,125.0
2024-09-18,TEX,TOR,2.0,0.0,8.0,-115.0,-105.0
2024-09-18,TBD,BOS,1.0,2.0,7.5,-120.0,100.0
2024-09-18,STL,PIT,10.0,5.0,8.0,-210.0,170.0
2024-09-18,SEA,NYY,1.0,2.0,7.5,100.0,-120.0
2024-09-18,SDP,HOU,4.0,0.0,6.5,-115.0,-105.0
2024-09-18,NYM,WSN,10.0,0.0,7.0,-175.0,145.0
2024-09-18,FLA,LAD,4.0,8.0,9.0,165.0,-200.0
2024-09-18,MIL,PHI,2.0,1.0,7.5,-115.0,-105.0
2024-09-18,COL,ARI,4.0,9.0,11.0,150.0,-185.0
2024-09-18,CLE,MIN,5.0,4.0,7.5,-130.0,110.0
2024-09-18,CIN,ATL,1.0,7.0,8.5,120.0,-140.0
2024-09-18,CHC,OAK,3.0,5.0,7.5,-185.0,150.0
2024-09-18,BAL,SFG,3.0,5.0,7.5,-165.0,140.0
2024-09-18,ANA,CHW,4.0,3.0,8.5,-150.0,125.0
2024-09-18,KCR,DET,2.0,4.0,8.0,115.0,-135.0
2024-09-19,TEX,TOR,0.0,4.0,7.5,-130.0,110.0
2024-09-19,TBD,BOS,2.0,0.0,8.0,-110.0,-110.0
2024-09-19,STL,PIT,2.0,3.0,8.5,-145.0,120.0
2024-09-19,SEA,NYY,3.0,2.0,7.0,-120.0,100.0
2024-09-19,NYM,PHI,10.0,6.0,8.0,-140.0,115.0
2024-09-19,MIL,ARI,1.0,5.0,8.5,105.0,-125.0
2024-09-19,FLA,LAD,4.0,20.0,8.0,180.0,-225.0
2024-09-19,CLE,MIN,3.0,2.0,8.0,-110.0,-110.0
2024-09-19,CIN,ATL,3.0,15.0,9.0,180.0,-225.0
2024-09-19,CHC,WSN,7.0,6.0,8.5,-175.0,145.0
2024-09-19,BAL,SFG,5.0,3.0,7.0,-155.0,130.0
2024-09-19,HOU,ANA,3.0,1.0,8.0,-275.0,220.0
2024-09-20,LAD,COL,6.0,4.0,8.5,-275.0,220.0
2024-09-20,SDP,CHW,3.0,2.0,7.0,-300.0,240.0
2024-09-20,OAK,NYY,2.0,4.0,8.0,155.0,-190.0
2024-09-20,STL,CLE,1.0,5.0,8.0,-115.0,-105.0
2024-09-20,MIL,ARI,4.0,7.0,8.5,115.0,-135.0
2024-09-20,KCR,SFG,1.0,2.0,8.5,-200.0,165.0
2024-09-20,TEX,SEA,2.0,8.0,7.0,-125.0,105.0
2024-09-20,HOU,ANA,9.0,7.0,8.0,-250.0,200.0
2024-09-20,FLA,ATL,4.0,3.0,8.5,180.0,-225.0
2024-09-20,BOS,MIN,2.0,4.0,8.5,100.0,-120.0
2024-09-20,BAL,DET,7.0,1.0,8.0,-165.0,135.0
2024-09-20,TBD,TOR,1.0,0.0,7.5,100.0,-120.0
2024-09-20,CIN,PIT,8.0,3.0,9.0,-125.0,110.0
2024-09-20,CHC,WSN,3.0,1.0,9.5,-165.0,140.0
2024-09-20,NYM,PHI,2.0,12.0,7.5,100.0,-120.0
2024-09-21,NYM,PHI,6.0,3.0,7.5,-120.0,100.0
2024-09-21,TEX,SEA,4.0,8.0,9.0,-110.0,-110.0
2024-09-21,TBD,TOR,3.0,2.0,7.5,-140.0,115.0
2024-09-21,STL,CLE,6.0,5.0,7.5,110.0,-130.0
2024-09-21,SDP,CHW,6.0,2.0,8.0,-300.0,240.0
2024-09-21,OAK,NYY,0.0,10.0,8.0,145.0,-175.0
2024-09-21,MIL,ARI,0.0,5.0,8.5,-110.0,-110.0
2024-09-21,FLA,ATL,2.0,6.0,8.5,225.0,-275.0
2024-09-21,LAD,COL,3.0,6.0,9.0,-275.0,225.0
2024-09-21,KCR,SFG,0.0,9.0,8.0,-145.0,120.0
2024-09-21,HOU,ANA,10.0,4.0,8.0,-225.0,195.0
2024-09-21,CIN,PIT,7.0,1.0,9.0,-120.0,100.0
2024-09-21,CHC,WSN,1.0,5.0,8.5,-135.0,115.0
2024-09-21,BAL,DET,4.0,6.0,8.5,-135.0,115.0
2024-09-22,TEX,SEA,6.0,5.0,7.5,115.0,-135.0
2024-09-22,TBD,TOR,4.0,3.0,7.5,-135.0,115.0
2024-09-22,STL,CLE,2.0,1.0,7.5,-125.0,105.0
2024-09-22,SDP,CHW,4.0,2.0,8.0,-350.0,260.0
2024-09-22,OAK,NYY,4.0,7.0,9.0,150.0,-185.0
2024-09-22,MIL,ARI,10.0,9.0,12.0,-135.0,115.0
2024-09-22,FLA,ATL,4.0,5.0,9.0,165.0,-200.0
2024-09-22,NYM,PHI,2.0,1.0,7.0,120.0,-140.0
2024-09-22,KCR,SFG,0.0,2.0,6.5,-110.0,-110.0
2024-09-22,HOU,ANA,8.0,9.0,8.0,-275.0,220.0
2024-09-22,CIN,PIT,0.0,2.0,8.0,-110.0,-110.0
2024-09-22,CHC,WSN,5.0,0.0,7.5,-200.0,165.0
2024-09-22,BOS,MIN,8.0,1.0,7.5,125.0,-150.0
2024-09-22,BAL,DET,3.0,4.0,8.5,-125.0,105.0
2024-09-22,LAD,COL,6.0,5.0,8.5,-400.0,310.0
2024-09-23,TOR,BOS,1.0,4.0,8.0,-118.0,-102.0
2024-09-23,PHI,CHC,6.0,2.0,7.5,-205.0,170.0
2024-09-23,HOU,SEA,1.0,6.0,7.5,-130.0,110.0
2024-09-23,ARI,SFG,3.0,6.0,9.0,-198.0,164.0
2024-09-24,NYY,BAL,3.0,5.0,8.0,-170.0,142.0
2024-09-24,WSN,KCR,0.0,1.0,7.0,170.0,-205.0
2024-09-24,TOR,BOS,5.0,6.0,8.0,-130.0,110.0
2024-09-24,PIT,MIL,2.0,7.0,8.0,130.0,-155.0
2024-09-24,PHI,CHC,4.0,10.0,8.0,-115.0,-105.0
2024-09-24,OAK,TEX,5.0,4.0,7.5,-105.0,-115.0
2024-09-24,MIN,FLA,1.0,4.0,8.0,-258.0,210.0
2024-09-24,CLE,CIN,6.0,1.0,8.5,-205.0,170.0
2024-09-24,HOU,SEA,4.0,3.0,7.0,-135.0,114.0
2024-09-24,DET,TBD,2.0,1.0,6.5,-185.0,154.0
2024-09-24,COL,STL,3.0,7.0,10.0,-102.0,-118.0
2024-09-24,CHW,ANA,3.0,2.0,8.5,100.0,-120.0
2024-09-24,ATL,NYM,5.0,1.0,7.5,-148.0,124.0
2024-09-24,ARI,SFG,0.0,11.0,8.0,-162.0,136.0
2024-09-24,LAD,SDP,2.0,4.0,8.0,-122.0,102.0
2024-09-25,WSN,KCR,0.0,3.0,7.5,114.0,-135.0
2024-09-25,TOR,BOS,6.0,1.0,7.5,-130.0,110.0
2024-09-25,PIT,MIL,2.0,1.0,8.0,140.0,-166.0
2024-09-25,PHI,CHC,9.0,6.0,8.0,-225.0,185.0
2024-09-25,OAK,TEX,1.0,5.0,7.0,-125.0,105.0
2024-09-25,NYY,BAL,7.0,9.0,8.5,-154.0,120.0
2024-09-25,MIN,FLA,8.0,3.0,8.5,-198.0,164.0
2024-09-25,HOU,SEA,1.0,8.0,7.5,130.0,-155.0
2024-09-25,DET,TBD,7.0,1.0,8.0,-135.0,114.0
2024-09-25,COL,STL,2.0,5.0,10.5,110.0,-130.0
2024-09-25,CLE,CIN,5.0,2.0,8.0,-148.0,124.0
2024-09-25,CHW,ANA,4.0,3.0,7.5,105.0,-125.0
2024-09-25,ARI,SFG,8.0,2.0,9.0,-270.0,220.0
2024-09-25,LAD,SDP,4.0,3.0,8.0,-142.0,120.0
2024-09-26,OAK,TEX,3.0,2.0,7.5,-118.0,-102.0
2024-09-26,WSN,KCR,4.0,7.0,8.5,145.0,-175.0
2024-09-26,PIT,MIL,2.0,5.0,7.5,100.0,-120.0
2024-09-26,NYY,BAL,10.0,1.0,8.0,-170.0,142.0
2024-09-26,CHW,ANA,7.0,0.0,7.5,114.0,-135.0
2024-09-26,LAD,SDP,7.0,2.0,8.5,-108.0,-112.0
2024-09-26,DET,TBD,4.0,3.0,8.0,-155.0,130.0
2024-09-26,COL,STL,10.0,8.0,10.5,-108.0,-112.0
2024-09-26,MIN,FLA,6.0,8.0,8.5,-265.0,215.0
2024-09-27,WSN,PHI,9.0,1.0,8.5,154.0,-185.0
2024-09-27,TOR,FLA,5.0,15.0,8.0,-230.0,190.0
2024-09-27,SFG,STL,3.0,6.0,7.5,-142.0,120.0
2024-09-27,SEA,OAK,2.0,0.0,7.0,-185.0,154.0
2024-09-27,NYY,PIT,2.0,4.0,7.5,-166.0,140.0
2024-09-27,MIN,BAL,2.0,7.0,8.0,-148.0,124.0
2024-09-27,DET,CHW,4.0,1.0,7.0,-218.0,180.0
2024-09-27,MIL,NYM,8.0,4.0,7.5,-105.0,-115.0
2024-09-27,CLE,HOU,2.0,5.0,8.5,-122.0,102.0
2024-09-27,CHC,CIN,1.0,0.0,6.5,-125.0,105.0
2024-09-27,BOS,TBD,1.0,2.0,8.0,-122.0,102.0
2024-09-27,ATL,KCR,3.0,0.0,7.0,-192.0,160.0
2024-09-27,ARI,SDP,3.0,5.0,9.0,-135.0,114.0
2024-09-27,ANA,TEX,2.0,5.0,7.0,140.0,-166.0
2024-09-27,COL,LAD,4.0,11.0,11.0,142.0,-170.0
2024-09-28,WSN,PHI,6.0,3.0,8.0,170.0,-205.0
2024-09-28,TOR,FLA,1.0,8.0,8.5,-180.0,150.0
2024-09-28,SFG,STL,6.0,5.0,7.5,-148.0,124.0
2024-09-28,SEA,OAK,7.0,6.0,7.5,-155.0,130.0
2024-09-28,NYY,PIT,4.0,9.0,6.5,-135.0,114.0
2024-09-28,MIN,BAL,2.0,9.0,8.5,-122.0,102.0
2024-09-28,MIL,NYM,6.0,0.0,8.5,-115.0,-105.0
2024-09-28,CLE,HOU,3.0,4.0,7.5,-162.0,136.0
2024-09-28,COL,LAD,2.0,13.0,11.0,210.0,-258.0
2024-09-28,CHC,CIN,3.0,0.0,7.0,-130.0,110.0
2024-09-28,BOS,TBD,2.0,7.0,7.5,-120.0,100.0
2024-09-28,ATL,KCR,2.0,1.0,7.0,-245.0,200.0
2024-09-28,ARI,SDP,0.0,5.0,9.0,-225.0,185.0
2024-09-28,ANA,TEX,8.0,9.0,8.0,124.0,-148.0
2024-09-28,DET,CHW,0.0,4.0,7.5,-225.0,185.0
2024-09-29,CHC,CIN,0.0,3.0,7.0,-105.0,-115.0
2024-09-29,ATL,KCR,2.0,4.0,8.0,-218.0,180.0
2024-09-29,SEA,OAK,6.0,4.0,6.5,-238.0,180.0
2024-09-29,MIN,BAL,2.0,6.0,8.5,-154.0,120.0
2024-09-29,MIL,NYM,0.0,5.0,8.0,120.0,-142.0
2024-09-29,DET,CHW,5.0,9.0,7.5,-245.0,200.0
2024-09-29,COL,LAD,1.0,2.0,11.5,124.0,-160.0
2024-09-29,ANA,TEX,0.0,8.0,8.0,124.0,-148.0
2024-09-29,TOR,FLA,1.0,3.0,7.5,-120.0,100.0
2024-09-29,WSN,PHI,6.0,3.0,7.5,120.0,-142.0
2024-09-29,SFG,STL,1.0,6.0,7.5,-125.0,105.0
2024-09-29,NYY,PIT,6.0,4.0,7.5,-210.0,160.0
2024-09-29,BOS,TBD,3.0,1.0,7.5,-110.0,-110.0
2024-09-29,ARI,SDP,11.0,2.0,8.5,-218.0,180.0
2024-09-30,ATL,NYM,7.0,8.0,7.5,-148.0,124.0
2024-10-01,MIL,NYM,4.0,8.0,7.5,-148.0,124.0
2024-10-01,SDP,ATL,4.0,0.0,7.5,-198.0,164.0
2024-10-01,HOU,DET,1.0,3.0,6.5,-142.0,120.0
2024-10-01,BAL,KCR,0.0,1.0,7.0,-148.0,124.0
2024-10-02,HOU,DET,2.0,5.0,7.5,-180.0,150.0
2024-10-02,BAL,KCR,1.0,2.0,7.5,-148.0,124.0
2024-10-02,MIL,NYM,5.0,3.0,7.5,-135.0,114.0
2024-10-02,SDP,ATL,5.0,4.0,6.5,-120.0,100.0
2024-10-03,MIL,NYM,2.0,4.0,7.5,-125.0,105.0
2024-10-05,CLE,DET,7.0,0.0,6.5,-135.0,114.0
2024-10-05,LAD,SDP,7.0,5.0,8.0,-142.0,120.0
2024-10-05,NYY,KCR,6.0,5.0,7.5,-205.0,170.0
2024-10-05,PHI,NYM,2.0,6.0,7.0,-192.0,160.0
2024-10-06,LAD,SDP,2.0,10.0,8.0,-155.0,130.0
2024-10-06,PHI,NYM,7.0,6.0,8.5,-142.0,120.0
2024-10-07,CLE,DET,0.0,3.0,6.0,110.0,-130.0
2024-10-07,NYY,KCR,2.0,4.0,7.5,-155.0,130.0
2024-10-08,NYM,PHI,7.0,2.0,7.0,-108.0,-112.0
2024-10-08,SDP,LAD,6.0,5.0,7.5,-142.0,120.0
2024-10-09,DET,CLE,3.0,0.0,7.5,-105.0,-115.0
2024-10-09,KCR,NYY,2.0,3.0,8.0,100.0,-120.0
2024-10-09,NYM,PHI,4.0,1.0,8.0,-122.0,102.0
2024-10-09,SDP,LAD,0.0,8.0,8.0,-135.0,114.0
2024-10-10,DET,CLE,4.0,5.0,6.5,105.0,-125.0
2024-10-10,KCR,NYY,1.0,3.0,8.0,130.0,-155.0
2024-10-11,LAD,SDP,2.0,0.0,8.0,-155.0,130.0
2024-10-12,CLE,DET,7.0,3.0,6.0,-105.0,-115.0
2024-10-13,LAD,NYM,8.0,0.0,8.0,-162.0,136.0
2024-10-14,LAD,NYM,3.0,7.0,8.5,-155.0,130.0
2024-10-14,NYY,CLE,5.0,2.0,7.5,-175.0,145.0
2024-10-15,NYY,CLE,6.0,3.0,7.0,-175.0,145.0
2024-10-16,NYM,LAD,0.0,8.0,7.5,-105.0,-115.0
2024-10-17,CLE,NYY,7.0,5.0,7.0,-110.0,-110.0
2024-10-17,NYM,LAD,2.0,10.0,7.0,114.0,-135.0
2024-10-18,CLE,NYY,6.0,8.0,7.5,105.0,-125.0
2024-10-18,NYM,LAD,12.0,6.0,7.0,114.0,-135.0
2024-10-19,CLE,NYY,2.0,5.0,7.5,114.0,-135.0
2024-10-20,LAD,NYM,10.0,5.0,8.5,-155.0,130.0
2024-10-25,LAD,NYY,6.0,3.0,9.0,-125.0,105.0
2024-10-26,LAD,NYY,4.0,2.0,9.0,-142.0,120.0
2024-10-28,NYY,LAD,2.0,4.0,8.5,-148.0,124.0
2024-10-29,NYY,LAD,11.0,4.0,8.5,-135.0,114.0
2024-10-30,NYY,LAD,6.0,7.0,8.5,-148.0,124.0
2025-03-18,CHC,LAD,1.0,4.0,7.5,124.0,-148.0
2025-03-19,CHC,LAD,3.0,6.0,8.0,124.0,-148.0
2025-03-27,ARI,CHC,6.0,10.0,8.5,-122.0,102.0
2025-03-27,CHW,ANA,8.0,1.0,7.5,136.0,-162.0
2025-03-27,CIN,SFG,4.0,6.0,7.5,-115.0,-105.0
2025-03-27,HOU,NYM,3.0,1.0,8.0,-122.0,102.0
2025-03-27,KCR,CLE,4.0,7.0,8.5,-166.0,140.0
2025-03-27,LAD,DET,5.0,4.0,6.5,-166.0,130.0
2025-03-27,FLA,PIT,5.0,4.0,6.5,130.0,-155.0
2025-03-27,NYY,MIL,4.0,2.0,8.0,-148.0,124.0
2025-03-27,SDP,ATL,7.0,4.0,6.5,100.0,-120.0
2025-03-27,SEA,OAK,4.0,2.0,7.0,-180.0,150.0
2025-03-27,STL,MIN,5.0,3.0,7.5,-105.0,-115.0
2025-03-27,TEX,BOS,2.0,5.0,8.0,110.0,-130.0
2025-03-27,TOR,BAL,2.0,12.0,8.5,-110.0,-110.0
2025-03-27,WSN,PHI,3.0,7.0,7.0,136.0,-162.0
2025-03-28,ARI,CHC,8.0,1.0,9.0,-142.0,120.0
2025-03-28,HOU,NYM,1.0,3.0,8.0,-120.0,100.0
2025-03-28,LAD,DET,8.0,5.0,7.5,-230.0,190.0
2025-03-28,FLA,PIT,3.0,4.0,8.0,124.0,-148.0
2025-03-28,SDP,ATL,4.0,3.0,7.0,-130.0,110.0
2025-03-28,SEA,OAK,0.0,7.0,7.0,-148.0,124.0
2025-03-28,TBD,COL,3.0,2.0,8.0,-218.0,180.0
2025-03-28,TEX,BOS,4.0,1.0,9.0,-105.0,-115.0
2025-03-28,TOR,BAL,8.0,2.0,8.5,-130.0,110.0
2025-03-29,ARI,CHC,3.0,4.0,9.0,-122.0,102.0
2025-03-29,CHW,ANA,0.0,1.0,8.0,136.0,-162.0
2025-03-29,CIN,SFG,3.0,2.0,8.5,-120.0,100.0
2025-03-29,HOU,NYM,2.0,1.0,8.5,-125.0,105.0
2025-03-29,KCR,CLE,4.0,3.0,9.0,-120.0,100.0
2025-03-29,LAD,DET,7.0,3.0,7.5,-198.0,164.0
2025-03-29,FLA,PIT,5.0,4.0,8.5,105.0,-125.0
2025-03-29,NYY,MIL,20.0,9.0,9.0,-166.0,140.0
2025-03-29,SDP,ATL,1.0,0.0,8.0,130.0,-155.0
2025-03-29,SEA,OAK,2.0,4.0,7.0,-180.0,150.0
2025-03-29,STL,MIN,5.0,1.0,7.5,-108.0,-112.0
2025-03-29,TBD,COL,1.0,2.0,8.5,-198.0,164.0
2025-03-29,TEX,BOS,4.0,3.0,9.0,-115.0,-105.0
2025-03-29,TOR,BAL,5.0,9.0,8.5,-125.0,105.0
2025-03-29,WSN,PHI,6.0,11.0,9.0,130.0,-155.0
2025-03-30,ARI,CHC,10.0,6.0,9.0,-122.0,102.0
2025-03-30,CHW,ANA,2.0,3.0,8.5,105.0,-125.0
2025-03-30,CIN,SFG,3.0,6.0,8.0,-105.0,-115.0
2025-03-30,KCR,CLE,2.0,6.0,7.0,-115.0,-105.0
2025-03-30,FLA,PIT,3.0,2.0,7.5,-125.0,105.0
2025-03-30,NYY,MIL,12.0,3.0,8.5,-148.0,124.0
2025-03-30,SDP,ATL,5.0,0.0,8.0,-130.0,110.0
2025-03-30,SEA,OAK,2.0,1.0,7.5,-185.0,154.0
2025-03-30,STL,MIN,9.0,2.0,8.5,-108.0,-112.0
2025-03-30,TBD,COL,6.0,4.0,7.5,-198.0,164.0
2025-03-30,TEX,BOS,3.0,2.0,7.5,-162.0,136.0
2025-03-30,TOR,BAL,3.0,1.0,9.0,-135.0,114.0
2025-03-30,WSN,PHI,5.0,1.0,9.0,120.0,-142.0
2025-03-31,OAK,CHC,3.0,18.0,8.5,124.0,-148.0
2025-03-31,BAL,BOS,8.0,5.0,9.5,-142.0,120.0
2025-03-31,CHW,MIN,9.0,0.0,7.0,164.0,-198.0
2025-03-31,CIN,TEX,14.0,3.0,9.0,100.0,-120.0
2025-03-31,HOU,SFG,2.0,7.0,8.0,-135.0,114.0
2025-03-31,LAD,ATL,6.0,1.0,8.0,-225.0,185.0
2025-03-31,FLA,NYM,4.0,10.0,8.5,160.0,-192.0
2025-03-31,MIL,KCR,1.0,11.0,8.5,-120.0,100.0
2025-03-31,PHI,COL,6.0,1.0,9.0,-325.0,260.0
2025-03-31,SDP,CLE,7.0,2.0,7.5,-135.0,114.0
2025-03-31,SEA,DET,6.0,9.0,7.0,-122.0,102.0
2025-03-31,STL,ANA,4.0,5.0,8.0,-162.0,136.0
2025-03-31,TBD,PIT,6.0,1.0,8.0,-180.0,150.0
2025-03-31,TOR,WSN,5.0,2.0,8.5,-175.0,145.0
2025-04-01,OAK,CHC,4.0,7.0,8.0,114.0,-135.0
2025-04-01,CHW,MIN,3.0,8.0,7.5,140.0,-166.0
2025-04-01,CIN,TEX,0.0,1.0,8.5,130.0,-155.0
2025-04-01,HOU,SFG,1.0,3.0,8.0,114.0,-135.0
2025-04-01,LAD,ATL,3.0,1.0,7.5,-130.0,110.0
2025-04-01,FLA,NYM,4.0,2.0,7.5,130.0,-155.0
2025-04-01,MIL,KCR,5.0,0.0,8.5,-125.0,105.0
2025-04-01,NYY,ARI,5.0,7.0,8.5,105.0,-125.0
2025-04-01,SDP,CLE,7.0,0.0,7.5,-180.0,150.0
2025-04-01,SEA,DET,1.0,4.0,6.5,-175.0,145.0
2025-04-01,STL,ANA,7.0,9.0,8.0,-142.0,120.0
2025-04-01,TBD,PIT,7.0,0.0,9.0,-166.0,140.0
2025-04-01,TOR,WSN,5.0,3.0,8.5,-162.0,136.0
2025-04-02,OAK,CHC,2.0,10.0,8.5,-118.0,-102.0
2025-04-02,BAL,BOS,0.0,3.0,7.5,110.0,-130.0
2025-04-02,CHW,MIN,1.0,6.0,7.0,164.0,-198.0
2025-04-02,CIN,TEX,0.0,1.0,8.5,-135.0,114.0
2025-04-02,HOU,SFG,3.0,6.0,7.5,-175.0,145.0
2025-04-02,LAD,ATL,6.0,5.0,8.0,-230.0,190.0
2025-04-02,FLA,NYM,5.0,6.0,8.5,180.0,-218.0
2025-04-02,MIL,KCR,3.0,2.0,7.5,-125.0,105.0
2025-04-02,NYY,ARI,3.0,4.0,8.0,-148.0,124.0
2025-04-02,PHI,COL,5.0,1.0,7.0,-325.0,260.0
2025-04-02,SDP,CLE,5.0,2.0,7.5,-185.0,154.0
2025-04-02,SEA,DET,3.0,2.0,6.5,105.0,-125.0
2025-04-02,STL,ANA,12.0,5.0,8.5,-155.0,130.0
2025-04-02,TBD,PIT,2.0,4.0,7.0,-105.0,-115.0
2025-04-02,TOR,WSN,4.0,2.0,8.0,-115.0,-105.0
2025-04-03,BAL,BOS,4.0,8.0,9.5,-125.0,105.0
2025-04-03,MIL,CIN,1.0,0.0,8.0,-120.0,100.0
2025-04-03,MIN,HOU,2.0,5.0,7.0,-142.0,120.0
2025-04-03,NYY,ARI,9.0,7.0,9.5,-142.0,120.0
2025-04-03,PHI,COL,3.0,1.0,10.0,-225.0,185.0
2025-04-04,ANA,CLE,6.0,8.0,8.0,100.0,-120.0
2025-04-04,ATL,FLA,10.0,0.0,7.5,-245.0,200.0
2025-04-04,BOS,STL,13.0,9.0,9.5,-122.0,102.0
2025-04-04,CHC,SDP,3.0,1.0,7.0,-166.0,140.0
2025-04-04,COL,OAK,3.0,6.0,9.0,-105.0,-115.0
2025-04-04,DET,CHW,7.0,4.0,7.0,-265.0,215.0
2025-04-04,KCR,BAL,8.0,2.0,7.5,-112.0,-108.0
2025-04-04,MIL,CIN,3.0,2.0,8.0,-130.0,110.0
2025-04-04,NYM,TOR,5.0,0.0,7.5,-142.0,120.0
2025-04-04,PHI,LAD,3.0,2.0,8.0,114.0,-135.0
2025-04-04,PIT,NYY,4.0,9.0,7.5,150.0,-180.0
2025-04-04,SFG,SEA,10.0,9.0,8.0,-148.0,124.0
2025-04-04,TEX,TBD,5.0,2.0,8.5,-135.0,114.0
2025-04-04,WSN,ARI,4.0,6.0,8.5,140.0,-166.0
2025-04-05,ANA,CLE,10.0,4.0,9.0,130.0,-155.0
2025-04-05,ATL,FLA,0.0,4.0,9.0,-258.0,210.0
2025-04-05,CHC,SDP,7.0,1.0,6.5,-118.0,-102.0
2025-04-05,COL,OAK,4.0,7.0,9.5,-112.0,-108.0
2025-04-05,DET,CHW,7.0,2.0,7.5,-250.0,205.0
2025-04-05,KCR,BAL,1.0,8.0,8.0,-115.0,-105.0
2025-04-05,MIL,CIN,7.0,11.0,8.0,-130.0,110.0
2025-04-05,MIN,HOU,6.0,1.0,7.5,-130.0,110.0
2025-04-05,NYM,TOR,3.0,2.0,7.5,-135.0,114.0
2025-04-05,PHI,LAD,1.0,3.0,8.5,-108.0,-112.0
2025-04-05,PIT,NYY,4.0,10.0,9.5,136.0,-162.0
2025-04-05,SFG,SEA,4.0,1.0,7.5,-122.0,102.0
2025-04-05,TEX,TBD,6.0,4.0,7.5,-192.0,160.0
2025-04-05,WSN,ARI,4.0,3.0,9.0,114.0,-135.0
2025-04-06,ANA,CLE,6.0,2.0,9.5,-112.0,-108.0
2025-04-06,BOS,STL,5.0,4.0,9.0,-116.0,-102.0
2025-04-06,BOS,STL,18.0,7.0,9.5,-130.0,110.0
2025-04-06,CHC,SDP,7.0,8.0,7.5,-148.0,124.0
2025-04-06,COL,OAK,12.0,5.0,10.5,-115.0,-105.0
2025-04-06,DET,CHW,4.0,3.0,7.5,-185.0,154.0
2025-04-06,KCR,BAL,4.0,1.0,8.0,-115.0,-105.0
2025-04-06,MIL,CIN,8.0,2.0,8.5,-142.0,120.0
2025-04-06,MIN,HOU,7.0,9.0,8.5,-115.0,-105.0
2025-04-06,NYM,TOR,2.0,1.0,7.0,-155.0,130.0
2025-04-06,PHI,LAD,8.0,7.0,7.0,110.0,-130.0
2025-04-06,PIT,NYY,5.0,4.0,8.5,142.0,-170.0
2025-04-06,SFG,SEA,5.0,4.0,7.0,-118.0,-102.0
2025-04-06,TEX,TBD,4.0,3.0,8.0,-112.0,-108.0
2025-04-06,WSN,ARI,5.0,4.0,7.5,150.0,-180.0
2025-04-07,ARI,BAL,1.0,5.0,8.5,-125.0,105.0
2025-04-07,OAK,SDP,4.0,5.0,8.5,130.0,-155.0
2025-04-07,BOS,TOR,2.0,6.0,8.5,-130.0,110.0
2025-04-07,CHC,TEX,7.0,0.0,6.0,-130.0,110.0
2025-04-07,DET,NYY,6.0,2.0,8.5,124.0,-148.0
2025-04-07,KCR,MIN,4.0,2.0,8.0,-115.0,-105.0
2025-04-07,NYM,FLA,2.0,0.0,7.0,-290.0,235.0
2025-04-07,PIT,STL,8.0,4.0,8.5,-105.0,-115.0
2025-04-07,SEA,HOU,4.0,3.0,7.0,-166.0,140.0
2025-04-07,SFG,CIN,0.0,2.0,6.5,-162.0,136.0
2025-04-07,WSN,LAD,6.0,4.0,8.0,154.0,-185.0
2025-04-08,ARI,BAL,4.0,3.0,9.5,-105.0,-115.0
2025-04-08,OAK,SDP,10.0,4.0,8.0,110.0,-130.0
2025-04-08,ATL,PHI,7.0,5.0,7.0,-118.0,-102.0
2025-04-08,BOS,TOR,1.0,6.0,8.0,-230.0,190.0
2025-04-08,CHC,TEX,10.0,6.0,8.0,-155.0,130.0
2025-04-08,CLE,CHW,1.0,0.0,7.5,-205.0,170.0
2025-04-08,COL,MIL,1.0,7.0,9.5,140.0,-166.0
2025-04-08,DET,NYY,5.0,0.0,7.5,-162.0,136.0
2025-04-08,KCR,MIN,2.0,1.0,7.5,-122.0,102.0
2025-04-08,NYM,FLA,10.0,5.0,7.0,-290.0,235.0
2025-04-08,PIT,STL,3.0,5.0,6.5,-142.0,120.0
2025-04-08,SEA,HOU,1.0,2.0,7.0,-125.0,105.0
2025-04-08,SFG,CIN,0.0,1.0,7.5,-130.0,110.0
2025-04-08,TBD,ANA,3.0,4.0,8.5,-180.0,150.0
2025-04-08,WSN,LAD,8.0,2.0,8.5,154.0,-185.0
2025-04-09,ARI,BAL,9.0,0.0,9.0,-120.0,100.0
2025-04-09,OAK,SDP,1.0,2.0,10.0,-135.0,114.0
2025-04-09,ATL,PHI,3.0,4.0,8.5,-142.0,120.0
2025-04-09,BOS,TOR,1.0,2.0,8.0,-135.0,114.0
2025-04-09,CHC,TEX,2.0,6.0,7.5,-175.0,145.0
2025-04-09,CLE,CHW,3.0,2.0,7.5,-180.0,150.0
2025-04-09,COL,MIL,2.0,17.0,11.0,124.0,-148.0
2025-04-09,DET,NYY,3.0,4.0,7.0,120.0,-142.0
2025-04-09,KCR,MIN,0.0,4.0,8.0,-108.0,-112.0
2025-04-09,NYM,FLA,0.0,5.0,7.0,-218.0,180.0
2025-04-09,PIT,STL,2.0,1.0,7.5,-110.0,-110.0
2025-04-09,SEA,HOU,7.0,6.0,7.5,120.0,-142.0
2025-04-09,SFG,CIN,8.0,6.0,7.5,-142.0,120.0
2025-04-09,TBD,ANA,5.0,4.0,7.5,-155.0,130.0
2025-04-09,WSN,LAD,5.0,6.0,9.0,164.0,-198.0
2025-04-10,ATL,PHI,4.0,2.0,7.5,-135.0,114.0
2025-04-10,BOS,TOR,4.0,3.0,8.0,-135.0,114.0
2025-04-10,CLE,CHW,6.0,1.0,7.5,-250.0,205.0
2025-04-10,COL,MIL,7.0,2.0,10.5,110.0,-130.0
2025-04-10,KCR,MIN,3.0,2.0,8.5,-118.0,-102.0
2025-04-10,TBD,ANA,1.0,11.0,8.5,-125.0,105.0
2025-04-11,ARI,MIL,0.0,7.0,9.0,-162.0,136.0
2025-04-11,OAK,NYM,6.0,7.0,9.5,114.0,-135.0
2025-04-11,CHW,BOS,11.0,1.0,7.5,140.0,-166.0
2025-04-11,CIN,PIT,5.0,3.0,8.0,-170.0,142.0
2025-04-11,CLE,KCR,7.0,0.0,6.5,-130.0,110.0
2025-04-11,HOU,ANA,14.0,3.0,8.5,-142.0,120.0
2025-04-11,LAD,CHC,3.0,0.0,8.5,-185.0,154.0
2025-04-11,FLA,WSN,4.0,7.0,8.0,-105.0,-115.0
2025-04-11,MIN,DET,6.0,7.0,8.0,-122.0,102.0
2025-04-11,NYY,SFG,1.0,9.0,8.0,-142.0,120.0
2025-04-11,SDP,COL,8.0,0.0,7.5,-218.0,180.0
2025-04-11,SEA,TEX,5.0,3.0,6.5,100.0,-120.0
2025-04-11,STL,PHI,2.0,0.0,7.5,-110.0,-120.0
2025-04-11,TBD,ATL,6.0,3.0,9.0,-142.0,120.0
2025-04-12,ARI,MIL,5.0,4.0,9.0,-180.0,150.0
2025-04-12,OAK,NYM,3.0,1.0,9.0,114.0,-135.0
2025-04-12,BAL,TOR,5.0,4.0,8.0,-122.0,102.0
2025-04-12,CHW,BOS,3.0,2.0,7.5,136.0,-162.0
2025-04-12,CIN,PIT,5.0,2.0,8.0,-120.0,100.0
2025-04-12,CLE,KCR,6.0,3.0,8.0,-135.0,114.0
2025-04-12,HOU,ANA,1.0,4.0,9.0,-166.0,140.0
2025-04-12,LAD,CHC,0.0,16.0,9.0,-185.0,154.0
2025-04-12,FLA,WSN,7.0,6.0,7.5,-142.0,120.0
2025-04-12,MIN,DET,0.0,4.0,8.5,-166.0,140.0
2025-04-12,NYY,SFG,8.0,4.0,8.0,-135.0,114.0
2025-04-12,SDP,COL,2.0,0.0,8.0,-175.0,145.0
2025-04-12,SEA,TEX,9.0,2.0,7.0,-142.0,120.0
2025-04-12,STL,PHI,1.0,4.0,8.0,145.0,-175.0
2025-04-12,TBD,ATL,4.0,5.0,8.5,-130.0,110.0
2025-04-13,ARI,MIL,5.0,2.0,8.5,-122.0,102.0
2025-04-13,OAK,NYM,0.0,8.0,9.0,124.0,-148.0
2025-04-13,BAL,TOR,6.0,7.0,8.5,-135.0,114.0
2025-04-13,CHW,BOS,1.0,3.0,7.0,200.0,-245.0
2025-04-13,CIN,PIT,4.0,0.0,7.5,-185.0,154.0
2025-04-13,CLE,KCR,2.0,4.0,7.0,114.0,-135.0
2025-04-13,HOU,ANA,7.0,3.0,8.5,-166.0,140.0
2025-04-13,LAD,CHC,2.0,4.0,9.0,-238.0,195.0
2025-04-13,FLA,WSN,11.0,4.0,8.0,124.0,-148.0
2025-04-13,MIN,DET,5.0,1.0,8.5,-115.0,-105.0
2025-04-13,NYY,SFG,4.0,5.0,8.0,-120.0,100.0
2025-04-13,SDP,COL,6.0,0.0,7.0,-250.0,205.0
2025-04-13,SEA,TEX,3.0,1.0,6.5,-148.0,124.0
2025-04-13,STL,PHI,7.0,0.0,8.0,142.0,-170.0
2025-04-13,TBD,ATL,8.0,3.0,8.5,140.0,-166.0
2025-04-14,LAD,COL,5.0,3.0,8.5,-355.0,280.0
2025-04-14,MIL,DET,1.0,9.0,7.5,136.0,-162.0
2025-04-14,MIN,NYM,1.0,5.0,8.0,-115.0,-105.0
2025-04-14,NYY,KCR,4.0,1.0,9.0,-142.0,120.0
2025-04-14,PHI,SFG,4.0,10.0,9.0,-118.0,-102.0
2025-04-14,PIT,WSN,10.0,3.0,7.5,-205.0,170.0
2025-04-14,SDP,CHC,10.0,4.0,7.0,-148.0,124.0
2025-04-14,STL,HOU,8.0,3.0,7.5,-112.0,-108.0
2025-04-14,TBD,BOS,16.0,1.0,8.5,-118.0,-102.0
2025-04-14,TOR,ATL,4.0,8.0,8.5,-108.0,-112.0
2025-04-15,BAL,CLE,3.0,6.0,9.0,-155.0,130.0
2025-04-15,CHW,OAK,3.0,12.0,7.5,130.0,-155.0
2025-04-15,CIN,SEA,8.0,4.0,8.5,-105.0,-115.0
2025-04-15,LAD,COL,6.0,2.0,8.5,-305.0,245.0
2025-04-15,FLA,ARI,4.0,10.0,9.0,140.0,-166.0
2025-04-15,MIL,DET,5.0,0.0,8.5,-110.0,-110.0
2025-04-15,MIN,NYM,6.0,3.0,8.0,-108.0,-112.0
2025-04-15,NYY,KCR,4.0,2.0,8.5,-245.0,200.0
2025-04-15,PHI,SFG,6.0,4.0,8.0,-166.0,140.0
2025-04-15,PIT,WSN,0.0,3.0,8.5,-125.0,105.0
2025-04-15,SDP,CHC,1.0,2.0,8.5,130.0,-155.0
2025-04-15,STL,HOU,0.0,2.0,7.5,110.0,-130.0
2025-04-15,TBD,BOS,4.0,7.0,9.0,-125.0,105.0
2025-04-15,TEX,ANA,4.0,0.0,9.0,-130.0,110.0
2025-04-15,TOR,ATL,6.0,3.0,7.5,-108.0,-112.0
2025-04-16,BAL,CLE,9.0,1.0,8.0,-130.0,110.0
2025-04-16,CHW,OAK,1.0,3.0,7.5,136.0,-162.0
2025-04-16,CIN,SEA,3.0,5.0,8.5,-108.0,-112.0
2025-04-16,LAD,COL,8.0,7.0,8.5,-310.0,250.0
2025-04-16,FLA,ARI,2.0,6.0,8.5,124.0,-148.0
2025-04-16,MIL,DET,5.0,1.0,8.5,-148.0,124.0
2025-04-16,MIN,NYM,4.0,3.0,8.0,-120.0,100.0
2025-04-16,NYY,KCR,4.0,3.0,8.0,-155.0,130.0
2025-04-16,PHI,SFG,4.0,11.0,8.0,-155.0,130.0
2025-04-16,PIT,WSN,6.0,1.0,8.5,-122.0,102.0
2025-04-16,SDP,CHC,4.0,2.0,7.5,-118.0,-102.0
2025-04-16,STL,HOU,4.0,1.0,8.0,-108.0,-112.0
2025-04-16,TBD,BOS,0.0,1.0,9.0,-135.0,114.0
2025-04-16,TEX,ANA,3.0,1.0,9.5,110.0,-130.0
2025-04-16,TOR,ATL,3.0,1.0,7.0,110.0,-130.0
2025-04-17,BAL,CLE,6.0,2.0,8.0,-125.0,105.0
2025-04-17,CHW,OAK,0.0,8.0,8.0,110.0,-130.0
2025-04-17,CIN,SEA,7.0,11.0,8.5,-130.0,110.0
2025-04-17,DET,KCR,6.0,1.0,7.5,-155.0,130.0
2025-04-17,FLA,ARI,4.0,6.0,8.5,120.0,-142.0
2025-04-17,NYM,STL,4.0,1.0,8.0,-142.0,120.0
2025-04-17,PHI,SFG,6.0,4.0,8.0,-205.0,170.0
2025-04-17,PIT,WSN,1.0,0.0,8.0,-148.0,124.0
2025-04-17,TBD,NYY,3.0,6.0,9.0,-115.0,-105.0
2025-04-17,TEX,ANA,5.0,3.0,9.5,-162.0,136.0
2025-04-18,ANA,SFG,2.0,0.0,8.0,136.0,-162.0
2025-04-18,ATL,MIN,6.0,4.0,8.0,-142.0,120.0
2025-04-18,BAL,CIN,3.0,8.0,9.0,-166.0,140.0
2025-04-18,BOS,CHW,10.0,3.0,9.5,-238.0,195.0
2025-04-18,CHC,ARI,13.0,11.0,11.5,-108.0,-112.0
2025-04-18,DET,KCR,7.0,3.0,7.5,120.0,-142.0
2025-04-18,HOU,SDP,6.0,4.0,8.5,-180.0,140.0
2025-04-18,MIL,OAK,5.0,3.0,8.0,-180.0,150.0
2025-04-18,NYM,STL,5.0,4.0,8.5,-205.0,170.0
2025-04-18,PHI,FLA,7.0,2.0,8.0,-238.0,195.0
2025-04-18,PIT,CLE,7.0,10.0,9.0,105.0,-125.0
2025-04-18,TBD,NYY,0.0,1.0,7.5,100.0,-120.0
2025-04-18,TEX,LAD,0.0,3.0,7.5,105.0,-125.0
2025-04-18,TOR,SEA,3.0,1.0,8.0,-130.0,110.0
2025-04-19,ANA,SFG,2.0,3.0,9.0,124.0,-148.0
2025-04-19,ATL,MIN,4.0,3.0,7.5,-230.0,190.0
2025-04-19,BAL,CIN,9.0,5.0,9.0,-120.0,100.0
2025-04-19,BOS,CHW,4.0,3.0,9.0,-360.0,285.0
2025-04-19,CHC,ARI,6.0,2.0,8.0,-130.0,110.0
2025-04-19,COL,WSN,11.0,12.0,9.5,114.0,-135.0
2025-04-19,DET,KCR,3.0,1.0,8.0,-135.0,114.0
2025-04-19,HOU,SDP,3.0,2.0,7.5,110.0,-130.0
2025-04-19,MIL,OAK,1.0,3.0,9.0,-130.0,110.0
2025-04-19,NYM,STL,3.0,0.0,9.0,-205.0,170.0
2025-04-19,PHI,FLA,11.0,10.0,10.5,-218.0,180.0
2025-04-19,PIT,CLE,0.0,3.0,8.5,-175.0,145.0
2025-04-19,TBD,NYY,10.0,8.0,8.5,-130.0,110.0
2025-04-19,TEX,LAD,4.0,3.0,8.5,-115.0,-105.0
2025-04-19,TOR,SEA,4.0,8.0,7.5,100.0,-120.0
2025-04-20,ANA,SFG,5.0,4.0,9.0,-115.0,-105.0
2025-04-20,ATL,MIN,6.0,2.0,8.0,-115.0,-105.0
2025-04-20,BAL,CIN,2.0,24.0,9.0,-198.0,164.0
2025-04-20,BOS,CHW,4.0,8.0,9.5,-290.0,235.0
2025-04-20,CHC,ARI,2.0,3.0,7.5,-142.0,120.0
2025-04-20,COL,WSN,2.0,3.0,10.5,-118.0,-102.0
2025-04-20,COL,WSN,3.0,1.0,11.0,-105.0,-115.0
2025-04-20,DET,KCR,3.0,4.0,7.0,-225.0,185.0
2025-04-20,HOU,SDP,2.0,3.0,7.5,-118.0,-102.0
2025-04-20,MIL,OAK,14.0,1.0,8.5,-142.0,120.0
2025-04-20,NYM,STL,7.0,4.0,7.0,-148.0,124.0
2025-04-20,PHI,FLA,5.0,7.0,8.0,-325.0,260.0
2025-04-20,PIT,CLE,4.0,5.0,8.0,-125.0,105.0
2025-04-20,TBD,NYY,0.0,4.0,8.5,140.0,-166.0
2025-04-20,TEX,LAD,0.0,1.0,8.5,130.0,-155.0
2025-04-20,TOR,SEA,3.0,8.0,8.5,-110.0,-110.0
2025-04-21,ATL,STL,7.0,6.0,8.5,-218.0,180.0
2025-04-21,BOS,CHW,4.0,2.0,9.0,-298.0,240.0
2025-04-21,CLE,NYY,6.0,4.0,8.5,110.0,-130.0
2025-04-21,DET,SDP,6.0,4.0,8.5,-135.0,114.0
2025-04-21,HOU,TOR,7.0,0.0,7.5,-142.0,120.0
2025-04-21,FLA,CIN,6.0,3.0,8.0,-102.0,-118.0
2025-04-21,NYM,PHI,5.0,4.0,8.0,-135.0,114.0
2025-04-21,SFG,MIL,5.0,2.0,8.0,-135.0,114.0
2025-04-22,ANA,PIT,3.0,9.0,8.5,-185.0,154.0
2025-04-22,ARI,TBD,5.0,1.0,9.0,-192.0,160.0
2025-04-22,OAK,TEX,5.0,8.0,10.0,-122.0,102.0
2025-04-22,ATL,STL,4.0,10.0,9.0,-142.0,120.0
2025-04-22,BOS,SEA,8.0,3.0,9.5,-120.0,100.0
2025-04-22,CHC,LAD,11.0,10.0,9.0,-105.0,-115.0
2025-04-22,CLE,NYY,3.0,2.0,8.5,-122.0,102.0
2025-04-22,DET,SDP,0.0,2.0,7.0,-142.0,120.0
2025-04-22,HOU,TOR,5.0,1.0,8.0,102.0,-122.0
2025-04-22,KCR,COL,4.0,3.0,8.0,-270.0,220.0
2025-04-22,FLA,CIN,4.0,3.0,8.5,-105.0,-115.0
2025-04-22,MIN,CHW,4.0,2.0,8.5,-250.0,205.0
2025-04-22,NYM,PHI,5.0,1.0,8.0,114.0,-135.0
2025-04-22,SFG,MIL,3.0,11.0,8.0,-148.0,124.0
2025-04-22,WSN,BAL,7.0,0.0,9.0,110.0,-130.0
2025-04-23,ANA,PIT,0.0,3.0,9.0,-135.0,114.0
2025-04-23,ARI,TBD,6.0,7.0,9.0,-155.0,130.0
2025-04-23,OAK,TEX,5.0,2.0,9.5,-115.0,-105.0
2025-04-23,ATL,STL,4.0,1.0,9.5,-155.0,130.0
2025-04-23,BOS,SEA,5.0,8.0,9.5,-142.0,120.0
2025-04-23,CHC,LAD,7.0,6.0,9.0,-135.0,114.0
2025-04-23,CLE,NYY,1.0,5.0,8.5,136.0,-162.0
2025-04-23,DET,SDP,6.0,0.0,8.0,-162.0,136.0
2025-04-23,HOU,TOR,3.0,1.0,8.0,-115.0,-105.0
2025-04-23,FLA,CIN,2.0,5.0,8.0,-108.0,-112.0
2025-04-23,MIN,CHW,6.0,3.0,8.5,-278.0,225.0
2025-04-23,NYM,PHI,4.0,3.0,7.5,-102.0,-118.0
2025-04-23,SFG,MIL,4.0,2.0,6.5,-148.0,124.0
2025-04-23,WSN,BAL,4.0,3.0,9.5,124.0,-148.0
2025-04-24,ANA,PIT,4.0,3.0,9.0,-166.0,140.0
2025-04-24,ARI,TBD,4.0,7.0,8.5,-142.0,120.0
2025-04-24,OAK,TEX,4.0,3.0,8.5,120.0,-142.0
2025-04-24,BOS,SEA,3.0,4.0,8.0,-180.0,150.0
2025-04-24,KCR,COL,7.0,4.0,8.0,-325.0,260.0
2025-04-24,KCR,COL,6.0,2.0,9.0,-198.0,164.0
2025-04-24,MIN,CHW,0.0,3.0,7.5,-225.0,185.0
2025-04-24,SFG,MIL,6.0,5.0,7.5,-155.0,130.0
2025-04-24,WSN,BAL,1.0,2.0,8.5,-125.0,105.0
2025-04-25,ARI,ATL,2.0,8.0,8.5,110.0,-130.0
2025-04-25,OAK,CHW,6.0,5.0,9.5,-245.0,200.0
2025-04-25,CHC,PHI,4.0,0.0,8.0,-155.0,130.0
2025-04-25,COL,CIN,7.0,8.0,9.5,120.0,-142.0
2025-04-25,KCR,HOU,2.0,0.0,8.0,-108.0,-112.0
2025-04-25,LAD,PIT,0.0,3.0,7.0,-230.0,190.0
2025-04-25,MIN,ANA,11.0,4.0,8.0,-198.0,164.0
2025-04-25,NYY,TOR,2.0,4.0,9.0,-148.0,124.0
2025-04-25,SDP,TBD,0.0,1.0,6.5,-148.0,124.0
2025-04-25,SEA,FLA,4.0,8.0,7.5,-305.0,245.0
2025-04-25,SFG,TEX,0.0,2.0,7.5,-130.0,110.0
2025-04-25,STL,MIL,3.0,2.0,8.0,-130.0,110.0
2025-04-25,WSN,NYM,5.0,4.0,9.5,154.0,-185.0
2025-04-26,ARI,ATL,7.0,8.0,9.0,-125.0,105.0
2025-04-26,OAK,CHW,3.0,10.0,9.0,-238.0,195.0
2025-04-26,CHC,PHI,4.0,10.0,7.0,-105.0,-115.0
2025-04-26,CLE,BOS,5.0,4.0,7.5,-105.0,-115.0
2025-04-26,CLE,BOS,3.0,7.0,7.5,102.0,-122.0
2025-04-26,COL,CIN,4.0,6.0,10.5,170.0,-205.0
2025-04-26,DET,BAL,4.0,3.0,8.5,-135.0,114.0
2025-04-26,DET,BAL,6.0,2.0,9.0,102.0,-122.0
2025-04-26,KCR,HOU,2.0,0.0,8.0,120.0,-142.0
2025-04-26,LAD,PIT,8.0,4.0,9.0,-305.0,245.0
2025-04-26,MIN,ANA,5.0,1.0,8.0,-135.0,114.0
2025-04-26,SDP,TBD,1.0,4.0,7.0,-148.0,124.0
2025-04-26,SEA,FLA,14.0,0.0,8.0,-238.0,195.0
2025-04-26,SFG,TEX,3.0,2.0,7.5,-148.0,124.0
2025-04-26,STL,MIL,6.0,5.0,7.0,-148.0,124.0
2025-04-26,WSN,NYM,0.0,2.0,9.5,164.0,-198.0
2025-04-27,ARI,ATL,6.0,4.0,8.5,-110.0,-120.0
2025-04-27,OAK,CHW,3.0,2.0,9.5,-192.0,160.0
2025-04-27,CHC,PHI,1.0,3.0,8.0,142.0,-168.0
2025-04-27,CLE,BOS,3.0,13.0,8.0,100.0,-120.0
2025-04-27,COL,CIN,1.0,8.0,11.5,130.0,-155.0
2025-04-27,DET,BAL,7.0,0.0,7.0,-250.0,205.0
2025-04-27,KCR,HOU,3.0,7.0,7.5,114.0,-135.0
2025-04-27,LAD,PIT,9.0,2.0,8.5,-345.0,275.0
2025-04-27,MIN,ANA,5.0,0.0,8.0,-180.0,150.0
2025-04-27,NYY,TOR,11.0,2.0,8.0,-205.0,170.0
2025-04-27,NYY,TOR,5.0,1.0,8.5,-162.0,136.0
2025-04-27,SDP,TBD,2.0,4.0,8.5,-105.0,-115.0
2025-04-27,SEA,FLA,7.0,6.0,7.5,-142.0,120.0
2025-04-27,SFG,TEX,3.0,2.0,7.5,-142.0,120.0
2025-04-27,STL,MIL,1.0,7.0,8.0,-112.0,-108.0
2025-04-27,WSN,NYM,8.0,7.0,8.0,130.0,-155.0
2025-04-28,BAL,NYY,4.0,3.0,9.5,114.0,-135.0
2025-04-28,CIN,STL,3.0,1.0,9.5,-122.0,102.0
2025-04-28,CLE,MIN,1.0,11.0,8.0,-125.0,105.0
2025-04-28,COL,ATL,3.0,6.0,10.5,150.0,-180.0
2025-04-28,HOU,DET,8.0,5.0,7.5,-125.0,105.0
2025-04-28,LAD,FLA,7.0,6.0,9.0,-290.0,235.0
2025-04-28,TEX,OAK,1.0,2.0,9.5,-115.0,-105.0
2025-04-28,WSN,NYM,5.0,19.0,10.0,145.0,-175.0
2025-04-29,BAL,NYY,3.0,15.0,9.5,142.0,-170.0
2025-04-29,CHW,MIL,2.0,7.0,8.0,215.0,-265.0
2025-04-29,CLE,MIN,2.0,1.0,8.0,-135.0,114.0
2025-04-29,COL,ATL,2.0,8.0,11.0,180.0,-218.0
2025-04-29,HOU,DET,6.0,4.0,8.0,-118.0,-102.0
2025-04-29,LAD,FLA,15.0,2.0,9.0,-205.0,170.0
2025-04-29,NYM,ARI,8.0,3.0,8.5,-135.0,114.0
2025-04-29,PHI,WSN,7.0,6.0,8.5,-192.0,160.0
2025-04-29,PIT,CHC,0.0,9.0,9.0,130.0,-155.0
2025-04-29,SDP,SFG,7.0,4.0,7.0,102.0,-122.0
2025-04-29,SEA,ANA,5.0,3.0,7.5,-218.0,180.0
2025-04-29,TBD,KCR,1.0,3.0,8.5,-162.0,136.0
2025-04-29,TEX,OAK,15.0,2.0,8.5,-205.0,170.0
2025-04-29,TOR,BOS,2.0,10.0,7.5,114.0,-135.0
2025-04-30,BAL,NYY,5.0,4.0,9.5,-120.0,100.0
2025-04-30,CHW,MIL,4.0,6.0,7.5,136.0,-162.0
2025-04-30,CIN,STL,0.0,6.0,9.0,-148.0,124.0
2025-04-30,CIN,STL,1.0,9.0,9.5,-118.0,-102.0
2025-04-30,CLE,MIN,4.0,2.0,7.0,-110.0,-110.0
2025-04-30,COL,ATL,2.0,1.0,10.0,230.0,-285.0
2025-04-30,HOU,DET,4.0,7.0,8.0,-120.0,100.0
2025-04-30,LAD,FLA,12.0,7.0,10.0,-340.0,270.0
2025-04-30,NYM,ARI,3.0,4.0,8.5,-108.0,-112.0
2025-04-30,PHI,WSN,7.0,2.0,8.0,-250.0,205.0
2025-04-30,PIT,CHC,4.0,3.0,9.0,142.0,-170.0
2025-04-30,SDP,SFG,5.0,3.0,7.0,-142.0,120.0
2025-04-30,SEA,ANA,9.0,3.0,8.5,-142.0,120.0
2025-04-30,TBD,KCR,0.0,3.0,8.0,-166.0,140.0
2025-04-30,TEX,OAK,1.0,7.0,8.5,-155.0,130.0
2025-04-30,TOR,BOS,7.0,6.0,9.5,-112.0,-108.0
2025-05-01,ANA,DET,4.0,10.0,8.0,124.0,-148.0
2025-05-01,CHW,MIL,8.0,0.0,9.0,136.0,-162.0
2025-05-01,CIN,STL,9.0,1.0,9.0,-108.0,-112.0
2025-05-01,CLE,MIN,4.0,3.0,9.0,110.0,-130.0
2025-05-01,NYM,ARI,2.0,4.0,8.0,-166.0,140.0
2025-05-01,PHI,WSN,2.0,4.0,10.0,-180.0,150.0
2025-05-01,PIT,CHC,3.0,8.0,8.0,-125.0,105.0
2025-05-01,SFG,COL,3.0,4.0,7.5,-285.0,230.0
2025-05-01,TBD,KCR,2.0,8.0,8.5,-162.0,136.0
2025-05-01,TEX,OAK,0.0,3.0,8.5,-135.0,114.0
2025-05-01,TOR,BOS,4.0,2.0,8.5,-105.0,-115.0
2025-05-02,ANA,DET,1.0,9.0,8.0,160.0,-192.0
2025-05-02,ATL,LAD,1.0,2.0,9.0,154.0,-185.0
2025-05-02,BAL,KCR,3.0,0.0,9.0,-142.0,120.0
2025-05-02,BOS,MIN,6.0,1.0,9.0,-120.0,100.0
2025-05-02,CHW,HOU,7.0,3.0,8.0,185.0,-225.0
2025-05-02,CIN,WSN,6.0,1.0,9.0,-205.0,170.0
2025-05-02,FLA,OAK,1.0,6.0,9.5,114.0,-135.0
2025-05-02,MIL,CHC,0.0,10.0,9.0,105.0,-125.0
2025-05-02,NYY,TBD,3.0,0.0,9.0,-238.0,195.0
2025-05-02,PHI,ARI,3.0,2.0,9.0,-162.0,136.0
2025-05-02,PIT,SDP,4.0,9.0,8.5,114.0,-135.0
2025-05-02,SFG,COL,4.0,0.0,8.0,-290.0,235.0
2025-05-02,STL,NYM,3.0,9.0,7.5,100.0,-120.0
2025-05-02,TEX,SEA,1.0,13.0,8.5,105.0,-125.0
2025-05-02,TOR,CLE,5.0,3.0,8.5,-166.0,140.0
2025-05-03,ANA,DET,5.0,2.0,8.5,170.0,-205.0
2025-05-03,ATL,LAD,3.0,10.0,8.5,-142.0,120.0
2025-05-03,BAL,KCR,0.0,4.0,9.0,-112.0,-108.0
2025-05-03,BOS,MIN,3.0,4.0,9.5,-125.0,105.0
2025-05-03,CHW,HOU,3.0,8.0,7.5,190.0,-230.0
2025-05-03,CIN,WSN,6.0,11.0,9.0,-185.0,154.0
2025-05-03,FLA,OAK,9.0,6.0,9.0,-125.0,105.0
2025-05-03,MIL,CHC,2.0,6.0,9.0,-102.0,-118.0
2025-05-03,NYY,TBD,2.0,3.0,10.0,-218.0,180.0
2025-05-03,PHI,ARI,7.0,2.0,10.0,-125.0,105.0
2025-05-03,PIT,SDP,1.0,2.0,9.5,-115.0,-105.0
2025-05-03,SFG,COL,6.0,3.0,8.5,-305.0,245.0
2025-05-03,TEX,SEA,1.0,2.0,9.0,110.0,-130.0
2025-05-03,TOR,CLE,3.0,5.0,7.5,-162.0,136.0
2025-05-04,ANA,DET,1.0,13.0,8.5,145.0,-175.0
2025-05-04,ATL,LAD,4.0,3.0,9.5,120.0,-142.0
2025-05-04,BAL,KCR,6.0,11.0,9.5,-135.0,114.0
2025-05-04,BOS,MIN,4.0,5.0,8.5,-192.0,160.0
2025-05-04,CHW,HOU,5.0,4.0,8.0,150.0,-180.0
2025-05-04,CIN,WSN,1.0,4.0,8.5,-108.0,-112.0
2025-05-04,FLA,OAK,2.0,3.0,9.0,-110.0,-110.0
2025-05-04,MIL,CHC,4.0,0.0,8.0,-105.0,-115.0
2025-05-04,NYY,TBD,5.0,7.0,9.0,-162.0,136.0
2025-05-04,PHI,ARI,9.0,11.0,8.5,-155.0,130.0
2025-05-04,PIT,SDP,0.0,4.0,9.0,-112.0,-108.0
2025-05-04,SFG,COL,9.0,3.0,7.5,-410.0,320.0
2025-05-04,STL,NYM,6.0,5.0,8.5,102.0,-122.0
2025-05-04,STL,NYM,5.0,4.0,7.5,136.0,-162.0
2025-05-04,TEX,SEA,8.0,1.0,8.5,-180.0,150.0
2025-05-04,TOR,CLE,4.0,5.0,8.5,100.0,-120.0
2025-05-05,ARI,NYM,4.0,5.0,10.0,-120.0,100.0
2025-05-05,OAK,SEA,7.0,6.0,9.0,102.0,-122.0
2025-05-05,ATL,CIN,4.0,0.0,8.5,-135.0,114.0
2025-05-05,CHC,SFG,9.0,2.0,7.0,-180.0,150.0
2025-05-05,KCR,CHW,3.0,0.0,7.5,-230.0,190.0
2025-05-05,FLA,LAD,4.0,7.0,9.5,180.0,-218.0
2025-05-05,MIL,HOU,5.0,1.0,8.5,-112.0,-108.0
2025-05-05,NYY,SDP,3.0,4.0,7.5,-162.0,136.0
2025-05-05,STL,PIT,6.0,3.0,8.5,-135.0,114.0
2025-05-06,ANA,TOR,8.0,3.0,9.0,-102.0,-118.0
2025-05-06,ARI,NYM,5.0,1.0,9.0,-118.0,-102.0
2025-05-06,OAK,SEA,3.0,5.0,10.5,-125.0,105.0
2025-05-06,ATL,CIN,2.0,1.0,8.5,-225.0,185.0
2025-05-06,BOS,TEX,1.0,6.0,8.5,-105.0,-115.0
2025-05-06,CHC,SFG,5.0,14.0,8.5,-148.0,124.0
2025-05-06,KCR,CHW,4.0,3.0,8.5,-258.0,210.0
2025-05-06,FLA,LAD,5.0,4.0,10.0,195.0,-238.0
2025-05-06,MIL,HOU,4.0,3.0,8.0,-125.0,105.0
2025-05-06,MIN,BAL,9.0,1.0,9.0,-170.0,142.0
2025-05-06,NYY,SDP,12.0,3.0,8.0,-130.0,110.0
2025-05-06,STL,PIT,2.0,1.0,7.0,-102.0,-118.0
2025-05-06,TBD,PHI,4.0,8.0,8.0,110.0,-130.0
2025-05-06,WSN,CLE,10.0,9.0,9.0,100.0,-120.0
2025-05-06,WSN,CLE,1.0,9.0,9.5,-102.0,-118.0
2025-05-07,ANA,TOR,5.0,4.0,8.5,-102.0,-118.0
2025-05-07,ARI,NYM,1.0,7.0,9.0,100.0,-120.0
2025-05-07,OAK,SEA,5.0,6.0,9.5,120.0,-142.0
2025-05-07,ATL,CIN,3.0,4.0,7.5,-122.0,102.0
2025-05-07,BOS,TEX,6.0,4.0,9.5,-148.0,124.0
2025-05-07,CHC,SFG,1.0,3.0,7.5,-162.0,136.0
2025-05-07,COL,DET,6.0,8.0,10.0,145.0,-175.0
2025-05-07,KCR,CHW,2.0,1.0,8.0,-218.0,180.0
2025-05-07,FLA,LAD,1.0,10.0,10.5,185.0,-225.0
2025-05-07,MIL,HOU,1.0,9.0,7.5,110.0,-130.0
2025-05-07,MIN,BAL,5.0,2.0,9.0,-142.0,120.0
2025-05-07,NYY,SDP,4.0,3.0,8.0,-175.0,145.0
2025-05-07,STL,PIT,5.0,0.0,7.5,-185.0,154.0
2025-05-07,TBD,PHI,0.0,7.0,8.5,136.0,-162.0
2025-05-07,WSN,CLE,6.0,8.0,9.5,-108.0,-112.0
2025-05-08,ANA,TOR,5.0,8.0,8.0,114.0,-135.0
2025-05-08,ARI,LAD,5.0,3.0,9.0,136.0,-162.0
2025-05-08,ATL,CIN,5.0,4.0,8.0,-205.0,170.0
2025-05-08,BOS,TEX,5.0,0.0,9.0,-155.0,130.0
2025-05-08,COL,DET,2.0,10.0,9.5,142.0,-170.0
2025-05-08,COL,DET,1.0,11.0,11.0,170.0,-205.0
2025-05-08,KCR,CHW,10.0,0.0,8.5,-250.0,205.0
2025-05-08,MIN,BAL,5.0,2.0,8.5,-166.0,140.0
2025-05-08,TBD,PHI,6.0,7.0,9.0,136.0,-162.0
2025-05-09,ANA,BAL,1.0,4.0,9.5,114.0,-135.0
2025-05-09,ARI,LAD,11.0,14.0,10.5,-115.0,-105.0
2025-05-09,OAK,NYY,2.0,10.0,11.0,136.0,-162.0
2025-05-09,CHW,FLA,6.0,2.0,7.5,124.0,-148.0
2025-05-09,CLE,PHI,6.0,0.0,7.5,100.0,-120.0
2025-05-09,COL,SDP,9.0,13.0,11.5,154.0,-185.0
2025-05-09,DET,TEX,2.0,1.0,7.0,-298.0,240.0
2025-05-09,HOU,CIN,3.0,0.0,7.5,-185.0,154.0
2025-05-09,KCR,BOS,2.0,1.0,9.0,-110.0,-110.0
2025-05-09,MIN,SFG,3.0,1.0,8.5,-108.0,-112.0
2025-05-09,NYM,CHC,7.0,2.0,8.0,-148.0,124.0
2025-05-09,PIT,ATL,3.0,2.0,9.0,124.0,-148.0
2025-05-09,SEA,TOR,3.0,6.0,7.0,-148.0,124.0
2025-05-09,TBD,MIL,4.0,3.0,9.0,-102.0,-118.0
2025-05-09,WSN,STL,0.0,10.0,9.0,-108.0,-112.0
2025-05-10,ANA,BAL,5.0,2.0,10.0,120.0,-142.0
2025-05-10,ARI,LAD,3.0,0.0,9.5,-115.0,-105.0
2025-05-10,OAK,NYY,11.0,7.0,10.0,140.0,-166.0
2025-05-10,CHW,FLA,1.0,3.0,8.0,-105.0,-115.0
2025-05-10,CLE,PHI,1.0,7.0,8.0,110.0,-130.0
2025-05-10,COL,SDP,0.0,21.0,12.0,205.0,-250.0
2025-05-10,DET,TEX,3.0,10.0,7.5,110.0,-130.0
2025-05-10,HOU,CIN,9.0,13.0,8.0,-125.0,105.0
2025-05-10,KCR,BOS,1.0,10.0,7.0,-112.0,-108.0
2025-05-10,MIN,SFG,2.0,1.0,7.5,-105.0,-115.0
2025-05-10,NYM,CHC,5.0,6.0,8.5,-170.0,142.0
2025-05-10,PIT,ATL,2.0,3.0,9.0,124.0,-148.0
2025-05-10,SEA,TOR,3.0,6.0,8.5,-135.0,105.0
2025-05-10,TBD,MIL,3.0,2.0,9.5,-120.0,100.0
2025-05-10,WSN,STL,2.0,4.0,9.0,-102.0,-118.0
2025-05-11,ANA,BAL,3.0,7.0,9.5,124.0,-148.0
2025-05-11,ARI,LAD,1.0,8.0,9.5,100.0,-120.0
2025-05-11,OAK,NYY,2.0,12.0,11.0,124.0,-148.0
2025-05-11,CHW,FLA,4.0,2.0,8.0,114.0,-135.0
2025-05-11,CLE,PHI,0.0,3.0,7.5,142.0,-170.0
2025-05-11,COL,SDP,9.0,3.0,11.5,260.0,-325.0
2025-05-11,DET,TEX,1.0,6.0,7.0,-118.0,-102.0
2025-05-11,HOU,CIN,6.0,0.0,8.5,-148.0,124.0
2025-05-11,KCR,BOS,1.0,3.0,8.5,-135.0,114.0
2025-05-11,MIN,SFG,7.0,6.0,8.5,-162.0,136.0
2025-05-11,NYM,CHC,6.0,2.0,8.5,-130.0,110.0
2025-05-11,PIT,ATL,4.0,3.0,8.0,195.0,-238.0
2025-05-11,SEA,TOR,1.0,9.0,8.0,-185.0,154.0
2025-05-11,TBD,MIL,2.0,4.0,9.0,-142.0,120.0
2025-05-11,WSN,STL,1.0,6.0,9.0,-142.0,120.0
2025-05-12,ATL,WSN,4.0,3.0,8.5,-192.0,160.0
2025-05-12,CHC,FLA,5.0,2.0,8.0,-270.0,220.0
2025-05-12,CLE,MIL,5.0,0.0,8.5,100.0,-120.0
2025-05-12,DET,BOS,14.0,2.0,8.5,-108.0,-112.0
2025-05-12,HOU,KCR,5.0,7.0,8.0,-125.0,105.0
2025-05-12,NYM,PIT,4.0,3.0,7.0,-162.0,136.0
2025-05-12,PHI,STL,2.0,3.0,8.5,-180.0,150.0
2025-05-12,SDP,ANA,5.0,9.0,7.0,-225.0,185.0
2025-05-12,SEA,NYY,5.0,11.0,8.0,130.0,-155.0
2025-05-12,SFG,ARI,1.0,2.0,8.0,102.0,-122.0
2025-05-12,TEX,COL,2.0,1.0,8.5,-265.0,215.0
2025-05-13,ATL,WSN,5.0,2.0,8.5,-218.0,180.0
2025-05-13,CHC,FLA,5.0,4.0,8.0,-265.0,215.0
2025-05-13,CIN,CHW,1.0,5.0,9.0,-218.0,180.0
2025-05-13,CLE,MIL,2.0,0.0,9.0,-135.0,114.0
2025-05-13,DET,BOS,10.0,9.0,8.5,-125.0,105.0
2025-05-13,HOU,KCR,2.0,1.0,7.5,-142.0,120.0
2025-05-13,LAD,OAK,1.0,11.0,9.0,-205.0,170.0
2025-05-13,NYM,PIT,2.0,1.0,7.5,-245.0,200.0
2025-05-13,SDP,ANA,6.0,4.0,7.5,-225.0,185.0
2025-05-13,SEA,NYY,2.0,1.0,7.5,114.0,-145.0
2025-05-13,SFG,ARI,10.0,6.0,7.5,-102.0,-118.0
2025-05-13,TEX,COL,4.0,1.0,8.5,-238.0,195.0
2025-05-13,TOR,TBD,9.0,11.0,8.0,-135.0,114.0
2025-05-14,ATL,WSN,4.0,5.0,9.0,-192.0,160.0
2025-05-14,BAL,MIN,3.0,6.0,8.5,-125.0,105.0
2025-05-14,BAL,MIN,6.0,8.0,9.0,-142.0,120.0
2025-05-14,CHC,FLA,1.0,3.0,7.5,-218.0,180.0
2025-05-14,CIN,CHW,2.0,4.0,8.5,-198.0,164.0
2025-05-14,CLE,MIL,5.0,9.0,8.5,-122.0,102.0
2025-05-14,DET,BOS,6.0,5.0,7.0,-250.0,205.0
2025-05-14,HOU,KCR,4.0,3.0,8.5,-122.0,102.0
2025-05-14,LAD,OAK,9.0,3.0,8.5,-298.0,240.0
2025-05-14,NYM,PIT,0.0,4.0,7.5,-270.0,220.0
2025-05-14,PHI,STL,2.0,1.0,8.5,-192.0,160.0
2025-05-14,PHI,STL,7.0,14.0,8.0,-130.0,110.0
2025-05-14,SDP,ANA,5.0,1.0,8.5,-198.0,164.0
2025-05-14,SEA,NYY,2.0,3.0,8.0,-112.0,-108.0
2025-05-14,SFG,ARI,7.0,8.0,8.0,-105.0,-115.0
2025-05-14,TEX,COL,8.0,3.0,9.0,-245.0,200.0
2025-05-14,TOR,TBD,3.0,1.0,8.0,-155.0,130.0
2025-05-15,ATL,WSN,5.0,2.0,8.5,-205.0,170.0
2025-05-15,BAL,MIN,0.0,4.0,9.0,-125.0,105.0
2025-05-15,CIN,CHW,7.0,1.0,9.0,-245.0,200.0
2025-05-15,LAD,OAK,19.0,2.0,9.5,-250.0,205.0
2025-05-15,TEX,HOU,1.0,0.0,6.5,-130.0,110.0
2025-05-15,TOR,TBD,3.0,8.0,8.0,-175.0,145.0
2025-05-16,ARI,COL,8.0,0.0,9.0,-380.0,300.0
2025-05-16,BAL,WSN,3.0,4.0,9.0,-125.0,105.0
2025-05-16,BOS,ATL,2.0,4.0,8.0,-112.0,-108.0
2025-05-16,CHC,CHW,13.0,3.0,11.5,-238.0,195.0
2025-05-16,CIN,CLE,5.0,4.0,9.5,102.0,-122.0
2025-05-16,KCR,STL,3.0,10.0,8.5,-155.0,130.0
2025-05-16,LAD,ANA,2.0,6.0,9.5,-325.0,260.0
2025-05-16,FLA,TBD,9.0,4.0,8.5,110.0,-130.0
2025-05-16,MIL,MIN,0.0,3.0,7.5,-105.0,-115.0
2025-05-16,NYY,NYM,6.0,2.0,9.0,-148.0,124.0
2025-05-16,PHI,PIT,8.0,4.0,9.0,-230.0,190.0
2025-05-16,SDP,SEA,1.0,5.0,8.5,-180.0,150.0
2025-05-16,SFG,OAK,9.0,1.0,7.0,-205.0,170.0
2025-05-16,TEX,HOU,3.0,6.0,8.0,-198.0,164.0
2025-05-16,TOR,DET,4.0,5.0,9.0,-102.0,-118.0
2025-05-17,ARI,COL,12.0,14.0,10.0,-395.0,310.0
2025-05-17,BAL,WSN,6.0,10.0,10.5,-155.0,130.0
2025-05-17,BOS,ATL,7.0,6.0,10.0,-122.0,102.0
2025-05-17,CHC,CHW,7.0,3.0,10.0,-325.0,260.0
2025-05-17,CIN,CLE,4.0,1.0,10.0,-105.0,-115.0
2025-05-17,KCR,STL,0.0,1.0,9.0,-118.0,-102.0
2025-05-17,LAD,ANA,9.0,11.0,9.0,-245.0,200.0
2025-05-17,FLA,TBD,0.0,4.0,8.0,124.0,-148.0
2025-05-17,MIL,MIN,0.0,7.0,7.5,105.0,-125.0
2025-05-17,NYY,NYM,2.0,3.0,10.0,-135.0,114.0
2025-05-17,PHI,PIT,5.0,2.0,9.0,-340.0,270.0
2025-05-17,SDP,SEA,1.0,4.0,8.5,-192.0,160.0
2025-05-17,SFG,OAK,1.0,0.0,8.5,-166.0,140.0
2025-05-17,TEX,HOU,5.0,1.0,8.0,-120.0,100.0
2025-05-17,TOR,DET,2.0,1.0,8.5,114.0,-135.0
2025-05-18,ARI,COL,1.0,0.0,9.0,-298.0,240.0
2025-05-18,BAL,WSN,4.0,10.0,9.5,-192.0,160.0
2025-05-18,BOS,ATL,4.0,10.0,9.5,105.0,-125.0
2025-05-18,CHC,CHW,6.0,2.0,7.5,-265.0,215.0
2025-05-18,CIN,CLE,3.0,1.0,9.0,-135.0,114.0
2025-05-18,KCR,STL,2.0,1.0,8.0,-110.0,-110.0
2025-05-18,LAD,ANA,4.0,6.0,9.0,-238.0,195.0
2025-05-18,FLA,TBD,5.0,1.0,9.0,140.0,-166.0
2025-05-18,MIL,MIN,5.0,2.0,7.0,-148.0,124.0
2025-05-18,NYY,NYM,8.0,2.0,9.0,-166.0,140.0
2025-05-18,PHI,PIT,1.0,0.0,8.5,-110.0,-110.0
2025-05-18,SDP,SEA,1.0,6.0,7.5,-148.0,124.0
2025-05-18,SFG,OAK,3.0,2.0,9.0,-155.0,130.0
2025-05-18,TEX,HOU,3.0,4.0,8.0,-105.0,-115.0
2025-05-18,TOR,DET,2.0,3.0,8.5,-125.0,105.0
2025-05-19,OAK,ANA,3.0,4.0,10.0,-142.0,120.0
2025-05-19,BOS,NYM,3.0,1.0,9.0,110.0,-130.0
2025-05-19,CHW,SEA,1.0,5.0,8.0,160.0,-192.0
2025-05-19,COL,PHI,3.0,9.0,10.0,200.0,-245.0
2025-05-19,LAD,ARI,5.0,9.0,10.0,-148.0,124.0
2025-05-19,FLA,CHC,8.0,7.0,8.5,142.0,-170.0
2025-05-19,MIL,BAL,5.0,4.0,8.5,-118.0,-102.0
2025-05-19,MIN,CLE,6.0,5.0,,,
2025-05-19,PIT,CIN,1.0,7.0,8.0,-102.0,-118.0
2025-05-19,SFG,KCR,1.0,3.0,7.5,-135.0,114.0
2025-05-19,STL,DET,11.0,4.0,8.0,-166.0,140.0
2025-05-19,TBD,HOU,3.0,4.0,9.0,-148.0,124.0
2025-05-20,OAK,ANA,5.0,7.0,10.5,-170.0,142.0
2025-05-20,BOS,NYM,2.0,0.0,8.5,114.0,-135.0
2025-05-20,CHW,SEA,1.0,0.0,8.5,154.0,-185.0
2025-05-20,COL,PHI,4.0,7.0,11.5,240.0,-298.0
2025-05-20,LAD,ARI,4.0,3.0,9.0,-238.0,195.0
2025-05-20,FLA,CHC,1.0,14.0,8.5,130.0,-155.0
2025-05-20,MIL,BAL,5.0,2.0,8.5,-120.0,100.0
2025-05-20,NYY,TEX,5.0,2.0,8.5,-218.0,180.0
2025-05-20,PIT,CIN,1.0,0.0,7.5,120.0,-142.0
2025-05-20,SFG,KCR,3.0,2.0,7.5,-135.0,114.0
2025-05-20,STL,DET,4.0,5.0,7.5,150.0,-180.0
2025-05-20,TBD,HOU,3.0,2.0,9.5,-135.0,114.0
2025-05-20,TOR,SDP,3.0,0.0,8.0,-102.0,-118.0
2025-05-20,WSN,ATL,5.0,3.0,8.5,142.0,-170.0
2025-05-21,OAK,ANA,5.0,10.0,10.5,-155.0,130.0
2025-05-21,BOS,NYM,1.0,5.0,7.0,-148.0,124.0
2025-05-21,CHW,SEA,5.0,6.0,8.5,130.0,-155.0
2025-05-21,COL,PHI,5.0,9.0,11.0,170.0,-205.0
2025-05-21,LAD,ARI,3.0,1.0,9.0,-155.0,130.0
2025-05-21,FLA,CHC,1.0,2.0,9.0,124.0,-148.0
2025-05-21,MIL,BAL,4.0,8.0,8.5,-112.0,-108.0
2025-05-21,MIN,CLE,1.0,5.0,7.5,-220.0,163.0
2025-05-21,NYY,TEX,4.0,3.0,7.5,-115.0,-105.0
2025-05-21,PIT,CIN,3.0,1.0,8.0,105.0,-125.0
2025-05-21,SFG,KCR,4.0,8.0,7.5,-225.0,185.0
2025-05-21,STL,DET,1.0,5.0,9.0,-118.0,-102.0
2025-05-21,TBD,HOU,8.0,4.0,8.5,124.0,-148.0
2025-05-21,TOR,SDP,14.0,0.0,9.0,-166.0,140.0
2025-05-22,OAK,ANA,5.0,10.0,10.0,-142.0,120.0
2025-05-22,COL,PHI,0.0,2.0,11.5,225.0,-278.0
2025-05-22,DET,CLE,0.0,7.0,8.0,-130.0,110.0
2025-05-22,HOU,SEA,9.0,2.0,8.0,110.0,-130.0
2025-05-22,NYY,TEX,1.0,0.0,7.0,-155.0,130.0
2025-05-22,PIT,MIL,5.0,8.0,9.0,-102.0,-118.0
2025-05-22,TOR,SDP,7.0,6.0,9.0,-102.0,-118.0
2025-05-22,WSN,ATL,8.0,7.0,8.5,130.0,-155.0
2025-05-23,ANA,FLA,7.0,4.0,8.5,-155.0,130.0
2025-05-23,OAK,PHI,3.0,4.0,9.5,190.0,-230.0
2025-05-23,ATL,SDP,1.0,2.0,8.0,-185.0,154.0
2025-05-23,BOS,BAL,19.0,5.0,9.5,-125.0,105.0
2025-05-23,CHW,TEX,4.0,1.0,7.5,160.0,-192.0
2025-05-23,CIN,CHC,6.0,13.0,8.5,-112.0,-108.0
2025-05-23,COL,NYY,3.0,2.0,11.5,245.0,-305.0
2025-05-23,DET,CLE,1.0,3.0,8.5,-122.0,102.0
2025-05-23,HOU,SEA,3.0,5.0,8.5,-122.0,102.0
2025-05-23,MIN,KCR,3.0,1.0,7.5,-192.0,160.0
2025-05-23,NYM,LAD,5.0,7.0,9.0,-122.0,102.0
2025-05-23,PIT,MIL,6.0,5.0,7.0,-125.0,105.0
2025-05-23,STL,ARI,4.0,3.0,8.0,-105.0,-115.0
2025-05-23,TBD,TOR,3.0,1.0,9.0,-148.0,124.0
2025-05-23,WSN,SFG,0.0,4.0,7.5,-115.0,-105.0
2025-05-24,ANA,FLA,2.0,6.0,8.5,-218.0,180.0
2025-05-24,OAK,PHI,6.0,9.0,10.0,142.0,-170.0
2025-05-24,ATL,SDP,7.0,1.0,9.0,-155.0,130.0
2025-05-24,BOS,BAL,6.0,5.0,9.0,-112.0,-108.0
2025-05-24,BOS,BAL,1.0,2.0,9.0,-135.0,114.0
2025-05-24,CHW,TEX,10.0,5.0,8.5,136.0,-162.0
2025-05-24,CIN,CHC,6.0,4.0,9.0,-105.0,-115.0
2025-05-24,COL,NYY,1.0,13.0,10.5,260.0,-325.0
2025-05-24,DET,CLE,5.0,7.0,8.0,-148.0,124.0
2025-05-24,HOU,SEA,2.0,1.0,7.0,-105.0,-115.0
2025-05-24,MIN,KCR,5.0,4.0,7.5,-125.0,105.0
2025-05-24,NYM,LAD,5.0,2.0,8.5,-115.0,-105.0
2025-05-24,PIT,MIL,2.0,1.0,9.0,-105.0,-115.0
2025-05-24,STL,ARI,6.0,5.0,7.5,-115.0,-105.0
2025-05-24,TBD,TOR,3.0,1.0,8.0,-115.0,-105.0
2025-05-24,WSN,SFG,3.0,0.0,8.5,130.0,-155.0
2025-05-25,ANA,FLA,0.0,3.0,9.0,-112.0,-108.0
2025-05-25,OAK,PHI,5.0,4.0,10.0,164.0,-198.0
2025-05-25,ATL,SDP,3.0,5.0,8.0,-148.0,124.0
2025-05-25,BOS,BAL,1.0,5.0,9.0,-130.0,110.0
2025-05-25,CHW,TEX,4.0,5.0,8.0,100.0,-120.0
2025-05-25,CIN,CHC,8.0,11.0,8.5,114.0,-135.0
2025-05-25,COL,NYY,4.0,5.0,10.5,230.0,-285.0
2025-05-25,DET,CLE,5.0,0.0,7.0,-325.0,260.0
2025-05-25,HOU,SEA,5.0,3.0,8.5,124.0,-148.0
2025-05-25,MIN,KCR,1.0,2.0,7.5,-120.0,100.0
2025-05-25,NYM,LAD,3.0,1.0,9.0,-115.0,-105.0
2025-05-25,PIT,MIL,5.0,6.0,8.0,136.0,-162.0
2025-05-25,STL,ARI,4.0,3.0,7.0,-130.0,110.0
2025-05-25,TBD,TOR,13.0,0.0,9.0,-108.0,-112.0
2025-05-25,WSN,SFG,2.0,3.0,7.5,120.0,-142.0
2025-05-26,ANA,NYY,1.0,5.0,10.0,164.0,-198.0
2025-05-26,ARI,PIT,5.0,0.0,9.0,-198.0,164.0
2025-05-26,BAL,STL,5.0,2.0,9.0,-102.0,-118.0
2025-05-26,CHC,COL,3.0,1.0,7.5,-355.0,280.0
2025-05-26,CLE,LAD,2.0,7.0,7.5,150.0,-180.0
2025-05-26,DET,SFG,3.0,1.0,8.5,-118.0,-102.0
2025-05-26,KCR,CIN,4.0,7.0,7.5,-118.0,-102.0
2025-05-26,MIL,BOS,3.0,2.0,7.5,130.0,-155.0
2025-05-26,NYM,CHW,2.0,1.0,8.5,-285.0,230.0
2025-05-26,SDP,FLA,4.0,3.0,8.0,-162.0,136.0
2025-05-26,TBD,MIN,7.0,2.0,9.0,-115.0,-105.0
2025-05-26,TEX,TOR,1.0,2.0,7.0,-142.0,120.0
2025-05-27,ANA,NYY,2.0,3.0,8.5,180.0,-218.0
2025-05-27,ARI,PIT,6.0,9.0,8.5,-270.0,220.0
2025-05-27,BAL,STL,4.0,7.0,8.5,105.0,-125.0
2025-05-27,CHC,COL,4.0,3.0,7.0,-340.0,270.0
2025-05-27,CLE,LAD,5.0,9.0,9.0,114.0,-135.0
2025-05-27,DET,SFG,3.0,1.0,7.5,-105.0,-115.0
2025-05-27,HOU,OAK,11.0,1.0,8.0,-245.0,200.0
2025-05-27,KCR,CIN,2.0,7.0,8.0,-120.0,100.0
2025-05-27,MIL,BOS,5.0,1.0,8.5,-115.0,-105.0
2025-05-27,NYM,CHW,6.0,4.0,8.0,-298.0,240.0
2025-05-27,PHI,ATL,2.0,0.0,9.0,-112.0,-108.0
2025-05-27,SDP,FLA,8.0,6.0,8.0,-170.0,142.0
2025-05-27,SEA,WSN,9.0,1.0,8.5,-175.0,145.0
2025-05-27,TBD,MIN,2.0,4.0,8.5,-102.0,-118.0
2025-05-27,TEX,TOR,2.0,0.0,7.5,-148.0,124.0
2025-05-28,ANA,NYY,0.0,1.0,8.5,140.0,-166.0
2025-05-28,ARI,PIT,1.0,10.0,7.5,-135.0,114.0
2025-05-28,BAL,STL,4.0,6.0,8.0,-122.0,102.0
2025-05-28,CHC,COL,2.0,1.0,7.5,-375.0,295.0
2025-05-28,CLE,LAD,7.0,4.0,9.0,142.0,-170.0
2025-05-28,DET,SFG,4.0,3.0,8.0,-120.0,100.0
2025-05-28,HOU,OAK,5.0,3.0,8.0,-142.0,120.0
2025-05-28,KCR,CIN,3.0,2.0,8.0,-102.0,-118.0
2025-05-28,MIL,BOS,6.0,5.0,7.5,-148.0,124.0
2025-05-28,NYM,CHW,4.0,9.0,8.0,-238.0,195.0
2025-05-28,SDP,FLA,8.0,10.0,8.5,-155.0,130.0
2025-05-28,SEA,WSN,0.0,9.0,8.0,-225.0,185.0
2025-05-28,TBD,MIN,5.0,0.0,8.0,-122.0,102.0
2025-05-28,TEX,TOR,0.0,2.0,8.5,-142.0,120.0
2025-05-29,HOU,TBD,3.0,13.0,8.0,-115.0,-105.0
2025-05-29,PHI,ATL,5.0,4.0,8.0,-166.0,140.0
2025-05-29,PHI,ATL,3.0,9.0,7.5,105.0,-125.0
2025-05-29,SEA,WSN,3.0,9.0,7.5,-120.0,100.0
2025-05-29,TOR,OAK,12.0,0.0,9.0,-166.0,140.0
2025-05-30,ARI,WSN,7.0,9.0,9.5,-230.0,190.0
2025-05-30,ATL,BOS,1.0,5.0,9.0,-170.0,142.0
2025-05-30,BAL,CHW,2.0,1.0,9.0,-225.0,185.0
2025-05-30,CHC,CIN,2.0,6.0,9.0,-162.0,136.0
2025-05-30,CLE,ANA,1.0,4.0,8.5,-142.0,120.0
2025-05-30,HOU,TBD,2.0,1.0,7.5,-155.0,130.0
2025-05-30,KCR,DET,5.0,7.0,8.5,102.0,-122.0
2025-05-30,LAD,NYY,8.0,5.0,9.0,114.0,-135.0
2025-05-30,FLA,SFG,0.0,2.0,9.0,140.0,-166.0
2025-05-30,NYM,COL,4.0,2.0,8.0,-325.0,260.0
2025-05-30,PHI,MIL,2.0,6.0,9.5,-120.0,100.0
2025-05-30,SDP,PIT,3.0,2.0,7.5,-192.0,160.0
2025-05-30,SEA,MIN,6.0,12.0,7.0,-162.0,136.0
2025-05-30,TEX,STL,11.0,1.0,8.5,105.0,-125.0
2025-05-30,TOR,OAK,11.0,7.0,8.5,-180.0,150.0
2025-05-31,ARI,WSN,7.0,11.0,9.5,-192.0,160.0
2025-05-31,ATL,BOS,5.0,0.0,8.5,-192.0,160.0
2025-05-31,BAL,CHW,4.0,2.0,8.5,-180.0,150.0
2025-05-31,CHC,CIN,2.0,0.0,7.0,-175.0,145.0
2025-05-31,CLE,ANA,7.0,5.0,8.0,-170.0,142.0
2025-05-31,HOU,TBD,3.0,16.0,8.5,-130.0,110.0
2025-05-31,KCR,DET,1.0,0.0,8.0,160.0,-192.0
2025-05-31,LAD,NYY,18.0,2.0,9.5,102.0,-122.0
2025-05-31,FLA,SFG,1.0,0.0,8.0,124.0,-148.0
2025-05-31,NYM,COL,8.0,2.0,8.5,-355.0,280.0
2025-05-31,PHI,MIL,7.0,17.0,8.0,-185.0,154.0
2025-05-31,SDP,PIT,0.0,5.0,7.5,-225.0,185.0
2025-05-31,SEA,MIN,5.0,4.0,7.0,-108.0,-112.0
2025-05-31,TEX,STL,0.0,2.0,8.5,130.0,-155.0
2025-05-31,TOR,OAK,8.0,7.0,9.0,-148.0,124.0
2025-06-01,ARI,WSN,3.0,1.0,9.0,-230.0,190.0
2025-06-01,ATL,BOS,1.0,3.0,8.0,-102.0,-118.0
2025-06-01,BAL,CHW,3.0,2.0,9.0,-155.0,130.0
2025-06-01,CHC,CIN,7.0,3.0,7.0,-162.0,136.0
2025-06-01,CLE,ANA,4.0,2.0,8.5,-205.0,170.0
2025-06-01,HOU,TBD,1.0,0.0,7.5,-166.0,140.0
2025-06-01,KCR,DET,0.0,1.0,8.5,-162.0,136.0
2025-06-01,LAD,NYY,3.0,7.0,8.5,-175.0,145.0
2025-06-01,FLA,SFG,2.0,4.0,8.0,-105.0,-115.0
2025-06-01,NYM,COL,5.0,3.0,8.5,-440.0,340.0
2025-06-01,PHI,MIL,2.0,5.0,8.0,-162.0,136.0
2025-06-01,SDP,PIT,6.0,4.0,8.5,-155.0,130.0
2025-06-01,SEA,MIN,2.0,1.0,7.5,-130.0,110.0
2025-06-01,TEX,STL,8.0,1.0,7.5,-166.0,140.0
2025-06-01,TOR,OAK,8.0,4.0,8.0,-258.0,210.0
2025-06-02,OAK,MIN,4.0,10.0,9.0,136.0,-162.0
2025-06-02,BOS,ANA,6.0,7.0,9.5,-155.0,130.0
2025-06-02,CHW,DET,1.0,13.0,8.5,195.0,-238.0
2025-06-02,CIN,MIL,2.0,3.0,9.0,-115.0,-105.0
2025-06-02,LAD,NYM,3.0,4.0,9.5,-162.0,136.0
2025-06-02,FLA,COL,4.0,6.0,8.5,-205.0,170.0
2025-06-02,SFG,SDP,0.0,1.0,7.5,-180.0,150.0
2025-06-03,OAK,MIN,3.0,10.0,10.0,164.0,-198.0
2025-06-03,ATL,ARI,3.0,8.0,8.5,-170.0,142.0
2025-06-03,BOS,ANA,3.0,4.0,9.5,-142.0,120.0
2025-06-03,CHW,DET,8.0,1.0,8.5,136.0,-162.0
2025-06-03,CIN,MIL,4.0,2.0,8.5,-135.0,114.0
2025-06-03,LAD,NYM,6.0,5.0,9.0,-148.0,124.0
2025-06-03,FLA,COL,2.0,3.0,8.5,-185.0,154.0
2025-06-03,NYY,CLE,3.0,2.0,8.0,-198.0,164.0
2025-06-03,PIT,HOU,0.0,3.0,7.0,-162.0,136.0
2025-06-03,SEA,BAL,1.0,5.0,7.5,-155.0,130.0
2025-06-03,SFG,SDP,2.0,3.0,7.5,-155.0,130.0
2025-06-03,STL,KCR,7.0,10.0,9.0,-155.0,130.0
2025-06-03,TBD,TEX,5.0,1.0,7.0,-148.0,124.0
2025-06-03,TOR,PHI,3.0,8.0,9.0,114.0,-135.0
2025-06-03,WSN,CHC,3.0,8.0,9.5,120.0,-142.0
2025-06-04,OAK,MIN,1.0,6.0,10.0,145.0,-175.0
2025-06-04,ATL,ARI,1.0,2.0,7.5,-180.0,150.0
2025-06-04,BOS,ANA,11.0,9.0,10.5,-135.0,114.0
2025-06-04,CHW,DET,4.0,5.0,8.0,164.0,-198.0
2025-06-04,CIN,MIL,1.0,9.0,9.0,-135.0,114.0
2025-06-04,LAD,NYM,1.0,6.0,10.0,-148.0,124.0
2025-06-04,FLA,COL,2.0,3.0,8.5,-162.0,136.0
2025-06-04,NYY,CLE,0.0,4.0,9.0,-198.0,164.0
2025-06-04,PIT,HOU,3.0,0.0,9.0,110.0,-130.0
2025-06-04,SEA,BAL,2.0,3.0,8.5,-110.0,-110.0
2025-06-04,SFG,SDP,6.0,5.0,7.0,-108.0,-112.0
2025-06-04,TBD,TEX,5.0,4.0,8.5,-130.0,110.0
2025-06-04,TOR,PHI,2.0,1.0,9.0,-112.0,-108.0
2025-06-04,WSN,CHC,2.0,0.0,8.0,120.0,-142.0
2025-06-05,OAK,MIN,14.0,3.0,9.5,160.0,-192.0
2025-06-05,ATL,ARI,10.0,11.0,9.0,-155.0,130.0
2025-06-05,CHW,DET,3.0,2.0,8.0,170.0,-205.0
2025-06-05,LAD,NYM,6.0,5.0,9.5,-130.0,110.0
2025-06-05,NYY,CLE,4.0,0.0,8.5,-278.0,225.0
2025-06-05,PIT,HOU,2.0,8.0,7.5,120.0,-142.0
2025-06-05,SEA,BAL,3.0,4.0,7.5,-148.0,124.0
2025-06-05,SFG,SDP,3.0,2.0,7.5,-115.0,-105.0
2025-06-05,STL,KCR,6.0,5.0,8.0,-130.0,110.0
2025-06-05,STL,KCR,5.0,7.0,7.0,-115.0,-105.0
2025-06-05,TBD,TEX,4.0,3.0,8.5,-142.0,120.0
2025-06-05,TOR,PHI,9.0,1.0,8.5,100.0,-120.0
2025-06-05,WSN,CHC,1.0,7.0,10.0,124.0,-148.0
2025-06-06,ANA,SEA,5.0,4.0,9.0,109.0,-132.0
2025-06-06,OAK,BAL,5.0,4.0,10.0,-102.0,-120.0
2025-06-06,CHW,KCR,7.0,2.0,8.0,117.0,-142.0
2025-06-06,CIN,ARI,4.0,3.0,,,
2025-06-06,CLE,HOU,2.0,4.0,8.0,104.0,-127.0
2025-06-06,COL,NYM,2.0,4.0,11.0,223.0,-281.0
2025-06-06,DET,CHC,3.0,1.0,7.0,-204.0,166.0
2025-06-06,MIL,SDP,0.0,2.0,8.5,-144.0,119.0
2025-06-06,MIN,TOR,4.0,6.0,8.5,-126.0,104.0
2025-06-06,NYY,BOS,9.0,6.0,9.0,-195.0,158.0
2025-06-06,PIT,PHI,5.0,4.0,9.0,110.0,-133.0
2025-06-06,SFG,ATL,5.0,4.0,7.5,122.0,-148.0
2025-06-06,STL,LAD,5.0,0.0,8.5,-122.0,101.0
2025-06-06,TBD,FLA,4.0,3.0,8.5,-155.0,130.0
2025-06-06,WSN,TEX,2.0,0.0,9.0,-105.0,-116.0
2025-06-07,ANA,SEA,8.0,6.0,9.0,141.0,-172.0
2025-06-07,OAK,BAL,4.0,7.0,10.5,103.0,-126.0
2025-06-07,CHW,KCR,4.0,1.0,8.0,117.0,-142.0
2025-06-07,CIN,ARI,13.0,1.0,,,
2025-06-07,CLE,HOU,3.0,5.0,6.5,-103.0,-118.0
2025-06-07,COL,NYM,1.0,8.0,11.0,233.0,-295.0
2025-06-07,DET,CHC,1.0,6.0,8.5,100.0,-121.0
2025-06-07,MIL,SDP,4.0,3.0,8.0,-135.0,111.0
2025-06-07,MIN,TOR,4.0,5.0,7.5,-119.0,-102.0
2025-06-07,NYY,BOS,7.0,10.0,7.5,-116.0,-105.0
2025-06-07,PIT,PHI,2.0,1.0,8.0,119.0,-145.0
2025-06-07,SFG,ATL,3.0,2.0,7.5,-143.0,118.0
2025-06-07,STL,LAD,2.0,1.0,8.0,162.0,-199.0
2025-06-07,TBD,FLA,10.0,11.0,8.5,-168.0,137.0
2025-06-07,WSN,TEX,0.0,5.0,8.0,134.0,-164.0
2025-06-08,ANA,SEA,2.0,3.0,9.0,111.0,-134.0
2025-06-08,OAK,BAL,5.0,1.0,10.5,101.0,-123.0
2025-06-08,CHW,KCR,5.0,7.0,9.0,108.0,-131.0
2025-06-08,CIN,ARI,4.0,2.0,9.5,101.0,-122.0
2025-06-08,CLE,HOU,4.0,2.0,7.5,-144.0,118.0
2025-06-08,COL,NYM,5.0,13.0,11.0,223.0,-281.0
2025-06-08,DET,CHC,4.0,0.0,8.5,-120.0,-101.0
2025-06-08,MIL,SDP,0.0,1.0,8.5,-176.0,143.0
2025-06-08,MIN,TOR,6.0,3.0,8.5,-194.0,157.0
2025-06-08,NYY,BOS,7.0,11.0,7.5,-245.0,196.0
2025-06-08,PIT,PHI,2.0,1.0,6.5,-120.0,-101.0
2025-06-08,SFG,ATL,4.0,3.0,7.5,109.0,-132.0
2025-06-08,STL,LAD,3.0,7.0,9.5,113.0,-138.0
2025-06-08,TBD,FLA,3.0,2.0,8.5,-225.0,181.0
2025-06-08,WSN,TEX,2.0,4.0,8.5,-101.0,-120.0
2025-06-09,ANA,OAK,7.0,4.0,9.0,-144.0,119.0
2025-06-09,ARI,SEA,8.0,4.0,9.5,-170.0,139.0
2025-06-09,BOS,TBD,8.0,10.0,8.0,-116.0,-105.0
2025-06-09,CLE,CIN,4.0,7.0,9.0,-159.0,130.0
2025-06-09,MIL,ATL,1.0,7.0,7.5,143.0,-175.0
2025-06-09,PHI,CHC,4.0,3.0,7.5,-131.0,108.0
2025-06-09,PIT,FLA,10.0,3.0,7.5,-130.0,100.0
2025-06-09,SDP,LAD,7.0,8.0,8.0,107.0,-131.0
2025-06-09,STL,TOR,4.0,5.0,8.0,-115.0,-105.0
2025-06-10,ANA,OAK,2.0,1.0,9.0,-164.0,134.0
2025-06-10,ARI,SEA,10.0,3.0,10.0,-144.0,118.0
2025-06-10,BAL,DET,3.0,5.0,9.0,-131.0,108.0
2025-06-10,BOS,TBD,3.0,1.0,9.0,-118.0,-103.0
2025-06-10,CLE,CIN,0.0,1.0,8.5,-117.0,-104.0
2025-06-10,COL,SFG,5.0,6.0,11.5,169.0,-208.0
2025-06-10,HOU,CHW,2.0,4.0,7.5,-181.0,148.0
2025-06-10,KCR,NYY,2.0,10.0,8.5,162.0,-199.0
2025-06-10,MIL,ATL,4.0,1.0,8.5,112.0,-136.0
2025-06-10,MIN,TEX,4.0,16.0,9.0,-126.0,104.0
2025-06-10,NYM,WSN,5.0,4.0,8.0,-150.0,123.0
2025-06-10,PHI,CHC,4.0,8.0,9.5,-108.0,-112.0
2025-06-10,PIT,FLA,2.0,3.0,8.5,-150.0,123.0
2025-06-10,SDP,LAD,11.0,1.0,8.5,-110.0,-111.0
2025-06-10,STL,TOR,9.0,10.0,7.5,-126.0,104.0
2025-06-11,ANA,OAK,6.0,5.0,9.5,-149.0,122.0
2025-06-11,ARI,SEA,5.0,2.0,9.0,-119.0,-102.0
2025-06-11,BAL,DET,10.0,1.0,9.0,-130.0,107.0
2025-06-11,BOS,TBD,4.0,3.0,10.0,-124.0,102.0
2025-06-11,CLE,CIN,11.0,2.0,8.5,-104.0,-117.0
2025-06-11,COL,SFG,7.0,10.0,10.5,157.0,-194.0
2025-06-11,HOU,CHW,10.0,2.0,8.0,-181.0,148.0
2025-06-11,KCR,NYY,3.0,6.0,9.0,103.0,-126.0
2025-06-11,MIL,ATL,2.0,6.0,7.5,156.0,-192.0
2025-06-11,MIN,TEX,6.0,2.0,8.5,-150.0,123.0
2025-06-11,NYM,WSN,5.0,0.0,8.5,-281.0,222.0
2025-06-11,PHI,CHC,7.0,2.0,9.0,-115.0,-106.0
2025-06-11,PIT,FLA,5.0,2.0,8.5,-151.0,124.0
2025-06-11,SDP,LAD,2.0,5.0,9.5,124.0,-151.0
2025-06-11,STL,TOR,2.0,5.0,8.5,-144.0,118.0
2025-06-12,BAL,DET,1.0,4.0,7.5,167.0,-205.0
2025-06-12,CHC,PIT,3.0,2.0,7.5,-207.0,168.0
2025-06-12,COL,SFG,8.0,7.0,11.0,176.0,-219.0
2025-06-12,HOU,CHW,4.0,3.0,7.5,-285.0,226.0
2025-06-12,KCR,NYY,0.0,1.0,8.5,108.0,-132.0
2025-06-12,MIL,STL,6.0,0.0,7.5,109.0,-133.0
2025-06-12,MIN,TEX,3.0,16.0,8.0,-164.0,134.0
2025-06-12,NYM,WSN,4.0,3.0,8.5,-216.0,174.0
2025-06-13,ARI,SDP,5.0,1.0,9.5,-138.0,113.0
2025-06-13,ATL,COL,12.0,4.0,8.5,-387.0,295.0
2025-06-13,BAL,ANA,2.0,0.0,9.5,-189.0,154.0
2025-06-13,BOS,NYY,2.0,1.0,8.0,-144.0,119.0
2025-06-13,CHC,PIT,1.0,2.0,7.0,-121.0,100.0
2025-06-13,DET,CIN,11.0,5.0,8.0,-138.0,113.0
2025-06-13,HOU,MIN,10.0,3.0,8.0,-103.0,-118.0
2025-06-13,KCR,OAK,4.0,6.0,8.5,-168.0,138.0
2025-06-13,LAD,SFG,2.0,6.0,7.5,-188.0,153.0
2025-06-13,MIL,STL,3.0,2.0,7.5,-158.0,129.0
2025-06-13,NYM,TBD,5.0,7.0,8.0,-168.0,138.0
2025-06-13,PHI,TOR,8.0,0.0,8.0,-117.0,-104.0
2025-06-13,SEA,CLE,7.0,2.0,7.5,-118.0,-103.0
2025-06-13,TEX,CHW,3.0,1.0,8.0,-172.0,141.0
2025-06-13,WSN,FLA,9.0,11.0,9.0,-106.0,-114.0
2025-06-14,ARI,SDP,8.0,7.0,9.5,-165.0,135.0
2025-06-14,ATL,COL,4.0,1.0,9.0,-265.0,211.0
2025-06-14,BAL,ANA,6.0,5.0,9.0,-158.0,129.0
2025-06-14,BOS,NYY,4.0,3.0,8.5,138.0,-169.0
2025-06-14,CHC,PIT,2.0,1.0,7.0,-232.0,186.0
2025-06-14,DET,CIN,1.0,11.0,8.0,-188.0,153.0
2025-06-14,HOU,MIN,3.0,2.0,7.0,-116.0,-105.0
2025-06-14,KCR,OAK,0.0,4.0,9.5,-164.0,134.0
2025-06-14,LAD,SFG,11.0,5.0,9.0,-181.0,148.0
2025-06-14,MIL,STL,5.0,8.0,8.0,-136.0,112.0
2025-06-14,NYM,TBD,4.0,8.0,7.0,-141.0,116.0
2025-06-14,PHI,TOR,3.0,2.0,8.0,-162.0,133.0
2025-06-14,SEA,CLE,4.0,3.0,7.0,-144.0,118.0
2025-06-14,TEX,CHW,5.0,4.0,7.5,-295.0,233.0
2025-06-14,WSN,FLA,3.0,4.0,9.0,-131.0,108.0
2025-06-15,ARI,SDP,2.0,8.0,8.5,-137.0,112.0
2025-06-15,ATL,COL,1.0,10.0,9.0,-361.0,278.0
2025-06-15,BAL,ANA,11.0,2.0,8.5,-121.0,100.0
2025-06-15,BOS,NYY,2.0,0.0,8.5,156.0,-192.0
2025-06-15,CHC,PIT,3.0,2.0,7.0,-154.0,127.0
2025-06-15,DET,CIN,4.0,8.0,8.5,-188.0,153.0
2025-06-15,HOU,MIN,2.0,1.0,8.0,-117.0,-104.0
2025-06-15,KCR,OAK,2.0,3.0,8.5,-150.0,123.0
2025-06-15,LAD,SFG,5.0,4.0,9.0,-183.0,149.0
2025-06-15,MIL,STL,3.0,2.0,8.0,-138.0,113.0
2025-06-15,NYM,TBD,0.0,9.0,8.0,-164.0,134.0
2025-06-15,PHI,TOR,11.0,4.0,7.0,-175.0,143.0
2025-06-15,SEA,CLE,6.0,0.0,8.0,-121.0,-101.0
2025-06-15,TEX,CHW,2.0,1.0,8.0,-164.0,135.0
2025-06-15,WSN,FLA,1.0,3.0,7.5,-163.0,133.0
2025-06-16,OAK,HOU,3.0,1.0,9.5,-108.0,-113.0
2025-06-16,LAD,SDP,6.0,3.0,9.0,-176.0,143.0
2025-06-16,FLA,PHI,2.0,5.0,8.5,-103.0,-118.0
2025-06-16,NYY,ANA,0.0,1.0,8.0,-204.0,165.0
2025-06-16,SEA,BOS,0.0,2.0,7.0,-176.0,144.0
2025-06-16,TBD,BAL,7.0,1.0,8.5,-117.0,-104.0
2025-06-16,WSN,COL,4.0,6.0,8.5,-180.0,147.0
2025-06-17,OAK,HOU,3.0,13.0,11.0,107.0,-131.0
2025-06-17,ATL,NYM,5.0,4.0,8.5,-137.0,112.0
2025-06-17,CHW,STL,2.0,12.0,9.5,113.0,-138.0
2025-06-17,CHC,MIL,5.0,3.0,9.5,-158.0,129.0
2025-06-17,CIN,MIN,6.0,5.0,8.5,-132.0,109.0
2025-06-17,DET,PIT,7.0,3.0,8.0,-207.0,168.0
2025-06-17,LAD,SDP,8.0,6.0,10.0,-225.0,181.0
2025-06-17,FLA,PHI,8.0,3.0,8.5,143.0,-175.0
2025-06-17,NYY,ANA,0.0,4.0,9.0,-247.0,198.0
2025-06-17,SEA,BOS,8.0,0.0,7.0,-158.0,129.0
2025-06-17,SFG,CLE,2.0,3.0,7.0,-144.0,118.0
2025-06-17,TBD,BAL,1.0,5.0,9.0,-108.0,-112.0
2025-06-17,TEX,KCR,1.0,6.0,8.0,-132.0,109.0
2025-06-17,TOR,ARI,5.0,4.0,9.0,-131.0,108.0
2025-06-17,WSN,COL,6.0,10.0,9.0,-204.0,166.0
2025-06-18,OAK,HOU,4.0,11.0,9.5,151.0,-185.0
2025-06-18,ATL,NYM,5.0,0.0,7.5,-212.0,171.0
2025-06-18,CIN,MIN,4.0,2.0,9.0,-128.0,105.0
2025-06-18,LAD,SDP,4.0,3.0,9.5,-207.0,168.0
2025-06-18,FLA,PHI,2.0,4.0,8.5,148.0,-181.0
2025-06-18,NYY,ANA,2.0,3.0,9.5,-266.0,212.0
2025-06-18,SEA,BOS,1.0,3.0,6.5,-107.0,-113.0
2025-06-18,SFG,CLE,2.0,4.0,8.5,-163.0,133.0
2025-06-18,TBD,BAL,12.0,8.0,8.5,-123.0,101.0
2025-06-18,TEX,KCR,3.0,6.0,7.5,108.0,-131.0
2025-06-18,TOR,ARI,8.0,1.0,8.5,-114.0,-107.0
2025-06-18,WSN,COL,1.0,3.0,9.5,-164.0,134.0
2025-06-19,OAK,HOU,6.0,4.0,10.0,122.0,-149.0
2025-06-19,ATL,NYM,7.0,1.0,9.0,-138.0,113.0
2025-06-19,CHW,STL,4.0,5.0,9.0,119.0,-145.0
2025-06-19,CHW,STL,6.0,8.0,9.0,140.0,-171.0
2025-06-19,CHC,MIL,7.0,8.0,8.5,-131.0,108.0
2025-06-19,CIN,MIN,5.0,12.0,9.5,-115.0,-105.0
2025-06-19,DET,PIT,9.0,2.0,7.0,-358.0,276.0
2025-06-19,DET,PIT,4.0,8.0,7.5,101.0,-122.0
2025-06-19,LAD,SDP,3.0,5.0,8.5,-263.0,209.0
2025-06-19,FLA,PHI,1.0,2.0,7.5,121.0,-148.0
2025-06-19,NYY,ANA,7.0,3.0,10.5,-291.0,230.0
2025-06-19,SFG,CLE,2.0,1.0,7.0,-187.0,152.0
2025-06-19,TBD,BAL,1.0,4.0,8.0,-142.0,117.0
2025-06-19,TEX,KCR,1.0,4.0,7.5,-127.0,104.0
2025-06-19,TOR,ARI,5.0,9.0,8.5,-174.0,142.0
2025-06-19,WSN,COL,4.0,3.0,9.5,-175.0,143.0
2025-06-20,ANA,HOU,2.0,3.0,8.0,143.0,-175.0
2025-06-20,OAK,CLE,5.0,1.0,9.0,104.0,-126.0
2025-06-20,CHC,SEA,4.0,9.0,10.0,-144.0,118.0
2025-06-20,COL,ARI,8.0,14.0,11.5,137.0,-167.0
2025-06-20,LAD,WSN,6.0,5.0,8.0,-192.0,156.0
2025-06-20,FLA,ATL,6.0,2.0,8.5,124.0,-162.0
2025-06-20,MIN,MIL,6.0,17.0,8.0,-164.0,134.0
2025-06-20,NYY,BAL,3.0,5.0,9.0,-332.0,259.0
2025-06-20,PHI,NYM,10.0,2.0,9.0,-192.0,156.0
2025-06-20,PIT,TEX,2.0,6.0,7.5,148.0,-181.0
2025-06-20,SDP,KCR,5.0,6.0,8.0,-172.0,141.0
2025-06-20,SFG,BOS,5.0,7.0,7.0,-132.0,108.0
2025-06-20,STL,CIN,6.0,1.0,9.0,-140.0,115.0
2025-06-20,TBD,DET,14.0,8.0,8.0,-107.0,-113.0
2025-06-20,TOR,CHW,1.0,7.0,8.5,-199.0,162.0
2025-06-21,ANA,HOU,9.0,1.0,8.0,-131.0,107.0
2025-06-21,OAK,CLE,2.0,4.0,9.5,112.0,-136.0
2025-06-21,CHC,SEA,10.0,7.0,12.5,-175.0,143.0
2025-06-21,COL,ARI,3.0,5.0,12.5,166.0,-204.0
2025-06-21,LAD,WSN,3.0,7.0,10.0,-288.0,228.0
2025-06-21,FLA,ATL,0.0,7.0,8.5,128.0,-157.0
2025-06-21,MIN,MIL,0.0,9.0,10.0,-136.0,112.0
2025-06-21,NYY,BAL,9.0,0.0,9.5,-180.0,147.0
2025-06-21,PHI,NYM,4.0,11.0,10.5,104.0,-126.0
2025-06-21,PIT,TEX,2.0,3.0,8.0,-111.0,-110.0
2025-06-21,SDP,KCR,5.0,1.0,7.5,-156.0,128.0
2025-06-21,SFG,BOS,3.0,2.0,7.5,-127.0,104.0
2025-06-21,STL,CIN,6.0,5.0,9.0,-198.0,161.0
2025-06-21,TBD,DET,8.0,3.0,8.5,-137.0,112.0
2025-06-21,TOR,CHW,7.0,1.0,8.0,-215.0,174.0
2025-06-22,ANA,HOU,7.0,8.0,8.5,-107.0,-122.0
2025-06-22,OAK,CLE,0.0,3.0,9.0,-109.0,-111.0
2025-06-22,CHC,SEA,6.0,14.0,11.5,102.0,-124.0
2025-06-22,COL,ARI,4.0,2.0,12.5,152.0,-187.0
2025-06-22,LAD,WSN,13.0,7.0,9.5,-258.0,206.0
2025-06-22,FLA,ATL,5.0,3.0,8.5,134.0,-164.0
2025-06-22,MIN,MIL,8.0,9.0,9.5,-136.0,112.0
2025-06-22,NYY,BAL,4.0,2.0,10.0,-220.0,178.0
2025-06-22,PHI,NYM,7.0,1.0,8.5,-123.0,101.0
2025-06-22,PIT,TEX,8.0,3.0,9.5,-121.0,-101.0
2025-06-22,SDP,KCR,3.0,2.0,8.5,-121.0,-101.0
2025-06-22,SFG,BOS,9.0,5.0,7.0,-164.0,134.0
2025-06-22,STL,CIN,1.0,4.0,9.5,-108.0,-113.0
2025-06-22,TBD,DET,3.0,9.0,8.5,-106.0,-115.0
2025-06-22,TOR,CHW,2.0,4.0,8.5,-206.0,167.0
2025-06-23,ANA,BOS,9.0,5.0,9.0,100.0,-122.0
2025-06-23,BAL,TEX,6.0,0.0,9.0,-132.0,108.0
2025-06-23,CHW,ARI,0.0,10.0,9.5,118.0,-143.0
2025-06-23,CIN,NYY,6.0,1.0,10.5,104.0,-126.0
2025-06-23,MIL,PIT,4.0,5.0,8.5,-168.0,138.0
2025-06-23,MIN,SEA,2.0,11.0,8.5,108.0,-132.0
2025-06-23,NYM,ATL,2.0,3.0,8.5,125.0,-152.0
2025-06-23,SDP,WSN,6.0,10.0,8.5,-187.0,152.0
2025-06-23,STL,CHC,8.0,2.0,8.5,101.0,-123.0
2025-06-24,ANA,BOS,3.0,2.0,8.0,133.0,-162.0
2025-06-24,BAL,TEX,5.0,6.0,9.0,-121.0,-101.0
2025-06-24,CHW,ARI,1.0,4.0,8.5,102.0,-124.0
2025-06-24,CIN,NYY,5.0,4.0,9.5,138.0,-169.0
2025-06-24,CLE,TOR,6.0,10.0,9.0,112.0,-136.0
2025-06-24,COL,LAD,7.0,9.0,12.0,208.0,-261.0
2025-06-24,DET,OAK,11.0,4.0,7.5,-343.0,266.0
2025-06-24,HOU,PHI,1.0,0.0,7.5,-158.0,129.0
2025-06-24,KCR,TBD,1.0,5.0,8.5,-149.0,123.0
2025-06-24,MIL,PIT,9.0,3.0,7.5,-218.0,176.0
2025-06-24,MIN,SEA,5.0,6.0,8.5,-111.0,-110.0
2025-06-24,NYM,ATL,4.0,7.0,9.0,108.0,-131.0
2025-06-24,SDP,WSN,4.0,3.0,8.5,-167.0,136.0
2025-06-24,SFG,FLA,2.0,4.0,8.0,-181.0,148.0
2025-06-24,STL,CHC,8.0,7.0,9.0,-106.0,-115.0
2025-06-25,ANA,BOS,5.0,2.0,8.5,-132.0,109.0
2025-06-25,BAL,TEX,0.0,7.0,8.0,123.0,-150.0
2025-06-25,CHW,ARI,7.0,3.0,8.0,128.0,-156.0
2025-06-25,CIN,NYY,1.0,7.0,9.0,172.0,-213.0
2025-06-25,CLE,TOR,5.0,4.0,8.0,-125.0,103.0
2025-06-25,COL,LAD,1.0,8.0,11.0,255.0,-328.0
2025-06-25,DET,OAK,0.0,3.0,8.5,-192.0,156.0
2025-06-25,HOU,PHI,2.0,0.0,7.0,129.0,-158.0
2025-06-25,KCR,TBD,0.0,3.0,9.5,108.0,-131.0
2025-06-25,MIL,PIT,4.0,2.0,6.5,-110.0,-110.0
2025-06-25,MIN,SEA,2.0,0.0,7.5,-121.0,-101.0
2025-06-25,NYM,ATL,7.0,3.0,9.0,-144.0,119.0
2025-06-25,SDP,WSN,1.0,0.0,7.0,-150.0,123.0
2025-06-25,SFG,FLA,5.0,8.0,6.5,-231.0,186.0
2025-06-25,STL,CHC,0.0,8.0,9.0,128.0,-157.0
2025-06-26,CLE,TOR,0.0,6.0,7.5,-132.0,109.0
2025-06-26,COL,LAD,1.0,3.0,12.5,231.0,-293.0
2025-06-26,DET,OAK,8.0,0.0,8.5,-168.0,137.0
2025-06-26,HOU,PHI,2.0,1.0,7.0,-150.0,123.0
2025-06-26,KCR,TBD,0.0,4.0,10.0,-101.0,-120.0
2025-06-26,MIN,SEA,10.0,1.0,8.5,-138.0,113.0
2025-06-26,NYM,ATL,4.0,0.0,8.5,-123.0,101.0
2025-06-26,SFG,FLA,5.0,12.0,7.5,-189.0,154.0
2025-06-26,STL,CHC,0.0,3.0,9.5,112.0,-137.0
2025-06-27,ANA,WSN,9.0,15.0,8.5,-171.0,140.0
2025-06-27,ARI,FLA,8.0,9.0,8.5,-169.0,138.0
2025-06-27,ATL,PHI,0.0,13.0,9.5,-176.0,143.0
2025-06-27,BAL,TBD,22.0,8.0,8.5,104.0,-127.0
2025-06-27,BOS,TOR,0.0,9.0,8.5,-126.0,104.0
2025-06-27,CHW,SFG,1.0,3.0,9.0,133.0,-162.0
2025-06-27,CIN,SDP,8.0,1.0,9.0,107.0,-131.0
2025-06-27,CLE,STL,0.0,5.0,8.5,104.0,-127.0
2025-06-27,DET,MIN,1.0,4.0,9.0,-138.0,113.0
2025-06-27,HOU,CHC,7.0,4.0,8.0,-112.0,-108.0
2025-06-27,KCR,LAD,4.0,5.0,9.5,135.0,-164.0
2025-06-27,MIL,COL,10.0,6.0,8.5,-216.0,174.0
2025-06-27,NYY,OAK,3.0,0.0,8.5,-267.0,212.0
2025-06-27,PIT,NYM,9.0,1.0,8.5,119.0,-144.0
2025-06-27,TEX,SEA,6.0,7.0,7.0,-106.0,-115.0
2025-06-28,ANA,WSN,8.0,2.0,9.0,-118.0,-103.0
2025-06-28,ARI,FLA,7.0,8.0,9.0,-168.0,138.0
2025-06-28,ATL,PHI,6.0,1.0,7.5,-170.0,139.0
2025-06-28,BAL,TBD,3.0,11.0,10.0,-119.0,-102.0
2025-06-28,BOS,TOR,15.0,1.0,9.0,101.0,-123.0
2025-06-28,CHW,SFG,1.0,0.0,7.5,118.0,-154.0
2025-06-28,CIN,SDP,4.0,6.0,9.5,-151.0,124.0
2025-06-28,CLE,STL,6.0,9.0,8.0,-120.0,-101.0
2025-06-28,DET,MIN,10.0,5.0,9.0,-163.0,133.0
2025-06-28,HOU,CHC,3.0,12.0,8.5,-112.0,-108.0
2025-06-28,KCR,LAD,9.0,5.0,9.5,134.0,-163.0
2025-06-28,MIL,COL,5.0,0.0,8.5,-302.0,238.0
2025-06-28,NYY,OAK,0.0,7.0,9.5,-304.0,239.0
2025-06-28,PIT,NYM,9.0,2.0,9.5,123.0,-150.0
2025-06-28,TEX,SEA,3.0,2.0,7.5,104.0,-126.0
2025-06-29,ANA,WSN,4.0,7.0,10.0,-131.0,108.0
2025-06-29,ARI,FLA,4.0,6.0,9.0,-188.0,153.0
2025-06-29,ATL,PHI,1.0,2.0,8.5,-164.0,134.0
2025-06-29,BAL,TBD,5.0,1.0,9.5,-119.0,-102.0
2025-06-29,BOS,TOR,3.0,5.0,9.5,-111.0,-110.0
2025-06-29,CHW,SFG,5.0,2.0,8.5,128.0,-156.0
2025-06-29,CIN,SDP,3.0,2.0,9.0,-136.0,112.0
2025-06-29,CLE,STL,0.0,7.0,8.0,-108.0,-112.0
2025-06-29,DET,MIN,3.0,0.0,7.5,-309.0,242.0
2025-06-29,HOU,CHC,2.0,0.0,7.5,-133.0,109.0
2025-06-29,KCR,LAD,1.0,5.0,9.0,-101.0,-120.0
2025-06-29,MIL,COL,3.0,4.0,8.5,-261.0,208.0
2025-06-29,NYY,OAK,12.0,5.0,10.5,-218.0,176.0
2025-06-29,PIT,NYM,12.0,1.0,9.0,123.0,-150.0
2025-06-29,TEX,SEA,4.0,6.0,8.5,-102.0,-119.0
2025-06-30,ARI,SFG,4.0,2.0,8.0,123.0,-151.0
2025-06-30,BOS,CIN,13.0,6.0,8.0,-175.0,143.0
2025-06-30,PHI,SDP,4.0,0.0,8.5,-267.0,213.0
2025-06-30,PIT,STL,7.0,0.0,8.5,-107.0,-113.0
2025-06-30,SEA,KCR,6.0,2.0,7.0,-158.0,129.0
2025-06-30,TBD,OAK,4.0,6.0,8.5,-190.0,155.0
2025-06-30,TEX,BAL,6.0,10.0,8.0,-111.0,-109.0
2025-06-30,TOR,NYY,5.0,4.0,8.5,117.0,-143.0
2025-07-01,ARI,SFG,8.0,2.0,9.0,-131.0,107.0
2025-07-01,ATL,ANA,0.0,4.0,9.5,-201.0,163.0
2025-07-01,BOS,CIN,5.0,3.0,,,
2025-07-01,CHC,CLE,5.0,2.0,8.5,-205.0,166.0
2025-07-01,COL,HOU,5.0,6.0,11.5,131.0,-160.0
2025-07-01,LAD,CHW,6.0,1.0,8.5,-359.0,281.0
2025-07-01,FLA,MIN,2.0,0.0,7.5,118.0,-143.0
2025-07-01,PIT,STL,1.0,0.0,7.0,-156.0,128.0
2025-07-01,SEA,KCR,3.0,6.0,8.5,-137.0,113.0
2025-07-01,TBD,OAK,3.0,4.0,9.0,-176.0,144.0
2025-07-01,TEX,BAL,10.0,2.0,7.5,-194.0,157.0
2025-07-01,TOR,NYY,12.0,5.0,7.5,138.0,-168.0
2025-07-02,ARI,SFG,5.0,6.0,8.5,-144.0,118.0
2025-07-02,ATL,ANA,8.0,3.0,9.5,-138.0,113.0
2025-07-02,BOS,CIN,4.0,8.0,,,
2025-07-02,CHC,CLE,5.0,4.0,8.5,-157.0,120.0
2025-07-02,COL,HOU,3.0,5.0,11.0,229.0,-291.0
2025-07-02,LAD,CHW,5.0,4.0,9.5,-360.0,278.0
2025-07-02,FLA,MIN,1.0,2.0,8.5,-102.0,-120.0
2025-07-02,NYM,MIL,2.0,7.0,8.5,-132.0,109.0
2025-07-02,NYM,MIL,7.0,3.0,8.5,-107.0,-113.0
2025-07-02,PHI,SDP,4.0,6.0,9.0,-102.0,-119.0
2025-07-02,PHI,SDP,5.0,1.0,7.5,-152.0,125.0
2025-07-02,PIT,STL,5.0,0.0,7.5,108.0,-131.0
2025-07-02,SEA,KCR,3.0,2.0,7.0,-168.0,138.0
2025-07-02,TBD,OAK,6.0,5.0,9.0,-206.0,167.0
2025-07-02,TEX,BAL,6.0,0.0,8.0,-163.0,133.0
2025-07-02,TOR,NYY,11.0,9.0,8.5,111.0,-135.0
2025-07-02,WSN,DET,2.0,11.0,9.0,128.0,-156.0
2025-07-02,WSN,DET,9.0,4.0,8.0,-107.0,-113.0
2025-07-03,ARI,SFG,2.0,7.0,8.5,-102.0,-120.0
2025-07-03,ATL,ANA,1.0,5.0,9.0,-156.0,128.0
2025-07-03,CHC,CLE,1.0,0.0,8.5,-137.0,113.0
2025-07-03,COL,HOU,7.0,6.0,11.5,158.0,-194.0
2025-07-03,LAD,CHW,6.0,2.0,9.5,-272.0,216.0
2025-07-03,FLA,MIN,4.0,1.0,8.0,-106.0,-115.0
2025-07-03,NYM,MIL,3.0,2.0,8.0,-157.0,129.0
2025-07-03,SEA,KCR,2.0,3.0,7.5,-131.0,107.0
2025-07-03,TOR,NYY,8.0,5.0,8.5,111.0,-135.0
2025-07-03,WSN,DET,11.0,7.0,10.0,113.0,-137.0
2025-07-04,ARI,KCR,3.0,9.0,8.5,-115.0,-105.0
2025-07-04,OAK,SFG,11.0,2.0,10.0,-110.0,-110.0
2025-07-04,ATL,BAL,2.0,3.0,8.5,-194.0,157.0
2025-07-04,CHC,STL,11.0,3.0,9.5,-156.0,128.0
2025-07-04,CLE,DET,1.0,2.0,8.5,101.0,-123.0
2025-07-04,COL,CHW,2.0,3.0,11.0,-101.0,-121.0
2025-07-04,LAD,HOU,1.0,18.0,9.0,-186.0,151.0
2025-07-04,FLA,MIL,5.0,6.0,8.0,107.0,-130.0
2025-07-04,MIN,TBD,4.0,3.0,10.0,-119.0,-102.0
2025-07-04,NYM,NYY,6.0,5.0,9.5,-115.0,-105.0
2025-07-04,PHI,CIN,6.0,9.0,8.0,-158.0,129.0
2025-07-04,SDP,TEX,3.0,2.0,8.5,-115.0,-106.0
2025-07-04,SEA,PIT,6.0,0.0,7.0,-185.0,151.0
2025-07-04,TOR,ANA,4.0,3.0,9.0,-149.0,122.0
2025-07-04,WSN,BOS,2.0,11.0,8.0,-106.0,-115.0
2025-07-05,ARI,KCR,7.0,1.0,9.0,-136.0,112.0
2025-07-05,OAK,SFG,2.0,7.0,9.5,153.0,-188.0
2025-07-05,ATL,BAL,6.0,9.0,9.0,-158.0,129.0
2025-07-05,CHC,STL,6.0,8.0,11.5,-165.0,135.0
2025-07-05,CLE,DET,0.0,1.0,9.0,112.0,-136.0
2025-07-05,COL,CHW,3.0,10.0,11.0,-148.0,122.0
2025-07-05,LAD,HOU,4.0,6.0,8.5,-150.0,123.0
2025-07-05,FLA,MIL,4.0,2.0,8.5,118.0,-143.0
2025-07-05,MIN,TBD,6.0,5.0,10.0,-122.0,100.0
2025-07-05,NYM,NYY,12.0,6.0,9.5,122.0,-149.0
2025-07-05,PHI,CIN,5.0,1.0,9.0,-194.0,160.0
2025-07-05,SDP,TEX,4.0,7.0,8.0,-125.0,103.0
2025-07-05,SEA,PIT,1.0,0.0,7.0,-172.0,141.0
2025-07-05,TOR,ANA,4.0,3.0,9.5,-201.0,163.0
2025-07-05,WSN,BOS,3.0,10.0,10.0,-102.0,-119.0
2025-07-06,ARI,KCR,0.0,4.0,10.0,-152.0,125.0
2025-07-06,OAK,SFG,2.0,6.0,10.0,-126.0,104.0
2025-07-06,ATL,BAL,1.0,2.0,8.5,-156.0,128.0
2025-07-06,CHC,STL,11.0,0.0,7.0,-235.0,188.0
2025-07-06,CLE,DET,2.0,7.0,7.5,186.0,-231.0
2025-07-06,COL,CHW,6.0,4.0,11.0,100.0,-122.0
2025-07-06,LAD,HOU,1.0,5.0,9.0,-199.0,162.0
2025-07-06,FLA,MIL,1.0,3.0,7.5,-110.0,-110.0
2025-07-06,MIN,TBD,5.0,7.0,8.5,-132.0,109.0
2025-07-06,NYM,NYY,4.0,6.0,9.0,157.0,-193.0
2025-07-06,PHI,CIN,3.0,1.0,9.0,-245.0,196.0
2025-07-06,SDP,TEX,4.0,1.0,8.5,-131.0,108.0
2025-07-06,SEA,PIT,1.0,0.0,6.0,-118.0,-103.0
2025-07-06,TOR,ANA,3.0,2.0,9.0,-188.0,153.0
2025-07-06,WSN,BOS,4.0,6.0,8.5,197.0,-246.0
2025-07-07,ANA,TEX,6.0,5.0,7.5,113.0,-137.0
2025-07-07,BOS,COL,9.0,3.0,10.0,-259.0,206.0
2025-07-07,CHW,TOR,4.0,8.0,8.5,138.0,-169.0
2025-07-07,CIN,FLA,1.0,5.0,9.0,-143.0,118.0
2025-07-07,DET,TBD,5.0,1.0,8.5,-112.0,-108.0
2025-07-07,HOU,CLE,5.0,7.0,7.0,-132.0,108.0
2025-07-07,KCR,PIT,9.0,3.0,8.5,-156.0,128.0
2025-07-07,MIL,LAD,9.0,1.0,7.5,117.0,-142.0
2025-07-07,SDP,ARI,3.0,6.0,8.0,-131.0,108.0
2025-07-07,SFG,PHI,3.0,1.0,7.5,118.0,-143.0
2025-07-08,ANA,TEX,1.0,13.0,8.5,-118.0,-103.0
2025-07-08,OAK,ATL,10.0,1.0,10.5,-115.0,-106.0
2025-07-08,BAL,NYM,6.0,7.0,9.5,101.0,-123.0
2025-07-08,BOS,COL,10.0,2.0,9.0,-292.0,230.0
2025-07-08,CHW,TOR,1.0,6.0,9.0,162.0,-199.0
2025-07-08,CIN,FLA,2.0,12.0,8.5,-126.0,-103.0
2025-07-08,DET,TBD,4.0,2.0,8.0,-132.0,109.0
2025-07-08,HOU,CLE,6.0,10.0,7.0,-218.0,176.0
2025-07-08,KCR,PIT,4.0,3.0,7.5,-137.0,113.0
2025-07-08,MIL,LAD,3.0,1.0,8.5,-110.0,-110.0
2025-07-08,MIN,CHC,8.0,1.0,9.5,112.0,-136.0
2025-07-08,NYY,SEA,10.0,3.0,9.0,-138.0,113.0
2025-07-08,SDP,ARI,1.0,0.0,7.5,-144.0,119.0
2025-07-08,SFG,PHI,4.0,3.0,8.0,-164.0,134.0
2025-07-08,STL,WSN,4.0,2.0,8.0,-239.0,192.0
2025-07-09,ANA,TEX,11.0,8.0,9.5,-109.0,-111.0
2025-07-09,OAK,ATL,2.0,9.0,11.0,111.0,-135.0
2025-07-09,BOS,COL,10.0,2.0,9.0,-362.0,279.0
2025-07-09,CHW,TOR,2.0,1.0,8.0,118.0,-143.0
2025-07-09,CIN,FLA,7.0,2.0,9.0,-149.0,122.0
2025-07-09,DET,TBD,3.0,7.0,8.0,-154.0,127.0
2025-07-09,HOU,CLE,2.0,4.0,7.5,-164.0,134.0
2025-07-09,KCR,PIT,4.0,3.0,8.5,-188.0,153.0
2025-07-09,MIL,LAD,3.0,2.0,8.5,123.0,-150.0
2025-07-09,MIN,CHC,4.0,2.0,9.5,-108.0,-112.0
2025-07-09,NYY,SEA,9.0,6.0,10.0,-164.0,134.0
2025-07-09,SDP,ARI,2.0,8.0,7.5,-168.0,138.0
2025-07-09,SFG,PHI,0.0,13.0,8.0,116.0,-141.0
2025-07-09,STL,WSN,2.0,8.0,7.5,-143.0,118.0
2025-07-10,ANA,TEX,4.0,11.0,10.0,-109.0,-111.0
2025-07-10,OAK,ATL,5.0,4.0,10.0,162.0,-200.0
2025-07-10,BAL,NYM,3.0,1.0,9.5,114.0,-139.0
2025-07-10,BAL,NYM,7.0,3.0,10.0,108.0,-131.0
2025-07-10,BOS,TBD,4.0,3.0,9.5,-117.0,-104.0
2025-07-10,CIN,FLA,6.0,0.0,9.0,-167.0,136.0
2025-07-10,MIN,CHC,1.0,8.0,9.5,-105.0,-116.0
2025-07-10,NYY,SEA,6.0,5.0,9.5,-102.0,-119.0
2025-07-10,SDP,ARI,4.0,3.0,9.0,102.0,-124.0
2025-07-10,STL,WSN,8.0,1.0,9.0,-150.0,123.0
2025-07-11,ANA,ARI,6.0,5.0,9.0,-114.0,-106.0
2025-07-11,OAK,TOR,6.0,7.0,10.5,140.0,-171.0
2025-07-11,BAL,FLA,5.0,2.0,9.0,-148.0,121.0
2025-07-11,BOS,TBD,5.0,4.0,9.0,-114.0,-106.0
2025-07-11,CHW,CLE,2.0,4.0,9.0,-101.0,-120.0
2025-07-11,CHW,CLE,5.0,4.0,8.0,109.0,-132.0
2025-07-11,CIN,COL,2.0,3.0,9.5,-261.0,208.0
2025-07-11,DET,SEA,3.0,12.0,7.0,-288.0,227.0
2025-07-11,HOU,TEX,3.0,7.0,8.0,-123.0,101.0
2025-07-11,KCR,NYM,3.0,8.0,9.5,108.0,-131.0
2025-07-11,MIL,WSN,8.0,3.0,8.5,-213.0,172.0
2025-07-11,MIN,PIT,2.0,1.0,7.0,-144.0,118.0
2025-07-11,NYY,CHC,11.0,0.0,9.5,-172.0,141.0
2025-07-11,SDP,PHI,4.0,2.0,8.0,138.0,-168.0
2025-07-11,SFG,LAD,8.0,7.0,6.5,-153.0,118.0
2025-07-11,STL,ATL,5.0,6.0,8.5,-115.0,-105.0
2025-07-12,ANA,ARI,10.0,5.0,9.0,-131.0,107.0
2025-07-12,OAK,TOR,4.0,3.0,10.5,122.0,-149.0
2025-07-12,BAL,FLA,0.0,6.0,9.0,-172.0,141.0
2025-07-12,BOS,TBD,1.0,0.0,8.0,-181.0,147.0
2025-07-12,CHW,CLE,2.0,6.0,8.5,122.0,-149.0
2025-07-12,CIN,COL,4.0,3.0,10.5,-292.0,231.0
2025-07-12,DET,SEA,7.0,15.0,8.0,-116.0,-105.0
2025-07-12,HOU,TEX,5.0,4.0,6.5,-115.0,-105.0
2025-07-12,KCR,NYM,1.0,3.0,9.0,108.0,-131.0
2025-07-12,MIL,WSN,6.0,5.0,9.0,-285.0,225.0
2025-07-12,MIN,PIT,12.0,4.0,9.5,-136.0,112.0
2025-07-12,NYY,CHC,2.0,5.0,8.0,-158.0,129.0
2025-07-12,SDP,PHI,5.0,4.0,7.0,142.0,-174.0
2025-07-12,SFG,LAD,1.0,2.0,8.5,133.0,-163.0
2025-07-12,STL,ATL,6.0,7.0,9.0,-105.0,-116.0
2025-07-13,ANA,ARI,1.0,5.0,9.0,-127.0,104.0
2025-07-13,OAK,TOR,6.0,3.0,10.5,109.0,-132.0
2025-07-13,BAL,FLA,1.0,11.0,9.0,-150.0,123.0
2025-07-13,BOS,TBD,4.0,1.0,8.5,-122.0,100.0
2025-07-13,CHW,CLE,5.0,6.0,8.5,117.0,-142.0
2025-07-13,CIN,COL,4.0,2.0,9.5,-265.0,211.0
2025-07-13,DET,SEA,4.0,8.0,8.0,-117.0,-104.0
2025-07-13,HOU,TEX,1.0,5.0,7.0,-143.0,118.0
2025-07-13,KCR,NYM,3.0,2.0,8.5,-115.0,-106.0
2025-07-13,MIL,WSN,8.0,1.0,8.5,-285.0,225.0
2025-07-13,MIN,PIT,1.0,2.0,9.0,-163.0,133.0
2025-07-13,NYY,CHC,1.0,4.0,9.0,-126.0,104.0
2025-07-13,SDP,PHI,1.0,2.0,7.0,112.0,-136.0
2025-07-13,SFG,LAD,2.0,5.0,7.5,121.0,-148.0
2025-07-13,STL,ATL,5.0,4.0,8.0,-164.0,134.0
2025-07-18,ARI,STL,7.0,3.0,8.5,-111.0,-109.0
2025-07-18,ATL,NYY,7.0,3.0,8.5,-136.0,112.0
2025-07-18,CHC,BOS,4.0,1.0,7.5,-143.0,118.0
2025-07-18,CLE,OAK,8.0,6.0,8.0,-138.0,113.0
2025-07-18,COL,MIN,6.0,4.0,11.0,136.0,-170.0
2025-07-18,LAD,MIL,0.0,2.0,8.5,-205.0,167.0
2025-07-18,FLA,KCR,8.0,7.0,7.5,-106.0,-115.0
2025-07-18,NYM,CIN,4.0,8.0,7.5,-157.0,129.0
2025-07-18,PHI,ANA,5.0,6.0,9.0,-223.0,180.0
2025-07-18,PIT,CHW,1.0,10.0,8.5,-156.0,128.0
2025-07-18,SEA,HOU,6.0,1.0,7.0,-149.0,123.0
2025-07-18,TBD,BAL,11.0,1.0,9.0,-132.0,109.0
2025-07-18,TEX,DET,2.0,0.0,8.5,-115.0,-106.0
2025-07-18,TOR,SFG,4.0,0.0,8.5,-137.0,113.0
2025-07-18,WSN,SDP,2.0,7.0,8.5,127.0,-155.0
2025-07-19,ARI,STL,10.0,1.0,8.5,109.0,-132.0
2025-07-19,ATL,NYY,9.0,12.0,9.5,107.0,-131.0
2025-07-19,CHC,BOS,6.0,0.0,9.0,-156.0,128.0
2025-07-19,CLE,OAK,2.0,8.0,9.0,-132.0,109.0
2025-07-19,COL,MIN,10.0,6.0,12.0,167.0,-205.0
2025-07-19,LAD,MIL,7.0,8.0,8.0,-138.0,113.0
2025-07-19,FLA,KCR,3.0,1.0,8.0,-102.0,-120.0
2025-07-19,NYM,CIN,2.0,5.0,8.5,-176.0,143.0
2025-07-19,PHI,ANA,9.0,5.0,9.5,-138.0,113.0
2025-07-19,PIT,CHW,4.0,10.0,8.0,-137.0,112.0
2025-07-19,SEA,HOU,7.0,6.0,8.0,-131.0,108.0
2025-07-19,TBD,BAL,4.0,3.0,9.0,-125.0,103.0
2025-07-19,TEX,DET,4.0,1.0,8.5,-121.0,-101.0
2025-07-19,TOR,SFG,6.0,3.0,7.5,103.0,-126.0
2025-07-19,WSN,SDP,4.0,2.0,9.0,118.0,-143.0
2025-07-20,ARI,STL,5.0,3.0,9.0,-148.0,122.0
2025-07-20,ATL,NYY,2.0,4.0,10.5,-132.0,108.0
2025-07-20,CHC,BOS,1.0,6.0,6.5,114.0,-138.0
2025-07-20,CLE,OAK,8.0,2.0,7.5,-106.0,-115.0
2025-07-20,COL,MIN,1.0,7.0,10.5,208.0,-261.0
2025-07-20,LAD,MIL,5.0,6.0,9.0,-173.0,142.0
2025-07-20,FLA,KCR,4.0,7.0,7.5,-101.0,-121.0
2025-07-20,NYM,CIN,3.0,2.0,8.0,-142.0,117.0
2025-07-20,PHI,ANA,2.0,8.0,9.0,-178.0,145.0
2025-07-20,PIT,CHW,2.0,7.0,9.5,-135.0,104.0
2025-07-20,SEA,HOU,3.0,11.0,6.5,-149.0,122.0
2025-07-20,TBD,BAL,3.0,5.0,9.0,-132.0,109.0
2025-07-20,TEX,DET,1.0,2.0,7.0,146.0,-180.0
2025-07-20,TOR,SFG,8.0,6.0,8.5,-115.0,-106.0
2025-07-20,WSN,SDP,1.0,8.0,8.0,101.0,-123.0
2025-07-21,ARI,HOU,3.0,6.0,9.0,-139.0,114.0
2025-07-21,ATL,SFG,9.0,5.0,9.5,-130.0,107.0
2025-07-21,CHC,KCR,4.0,12.0,7.0,-156.0,128.0
2025-07-21,CLE,BAL,10.0,5.0,8.5,-144.0,118.0
2025-07-21,COL,STL,2.0,6.0,12.0,148.0,-181.0
2025-07-21,LAD,MIN,5.0,2.0,9.0,-181.0,148.0
2025-07-21,FLA,SDP,1.0,2.0,8.0,-139.0,114.0
2025-07-21,NYM,ANA,7.0,5.0,8.5,-200.0,151.0
2025-07-21,PHI,BOS,3.0,2.0,7.5,-246.0,197.0
2025-07-21,PIT,DET,3.0,0.0,7.0,-136.0,111.0
2025-07-21,SEA,MIL,0.0,6.0,7.0,-131.0,108.0
2025-07-21,TBD,CHW,3.0,8.0,9.0,-221.0,179.0
2025-07-21,TEX,OAK,7.0,2.0,8.0,-128.0,105.0
2025-07-21,TOR,NYY,4.0,1.0,8.5,-102.0,-119.0
2025-07-21,WSN,CIN,10.0,8.0,9.5,-104.0,-125.0
2025-07-22,ARI,HOU,1.0,3.0,8.5,-106.0,-115.0
2025-07-22,ATL,SFG,0.0,9.0,9.0,-121.0,-101.0
2025-07-22,CHC,KCR,6.0,0.0,9.0,-267.0,213.0
2025-07-22,CLE,BAL,6.0,3.0,8.0,-158.0,129.0
2025-07-22,COL,STL,8.0,4.0,12.0,142.0,-173.0
2025-07-22,LAD,MIN,7.0,10.0,8.0,-198.0,160.0
2025-07-22,FLA,SDP,4.0,3.0,8.0,-126.0,103.0
2025-07-22,NYM,ANA,3.0,2.0,9.0,-168.0,138.0
2025-07-22,PHI,BOS,4.0,1.0,8.5,-188.0,153.0
2025-07-22,PIT,DET,8.0,5.0,8.0,112.0,-136.0
2025-07-22,SEA,MIL,1.0,0.0,6.5,-136.0,112.0
2025-07-22,TBD,CHW,4.0,3.0,8.0,-239.0,192.0
2025-07-22,TEX,OAK,6.0,2.0,7.0,-222.0,179.0
2025-07-22,TOR,NYY,4.0,5.0,9.0,-118.0,-103.0
2025-07-22,WSN,CIN,6.0,1.0,9.0,114.0,-139.0
2025-07-23,ARI,HOU,3.0,4.0,8.5,-131.0,108.0
2025-07-23,ATL,SFG,3.0,9.0,7.5,-158.0,129.0
2025-07-23,CHC,KCR,4.0,8.0,9.5,-181.0,148.0
2025-07-23,CLE,BAL,3.0,2.0,8.5,-136.0,111.0
2025-07-23,COL,STL,6.0,0.0,11.0,156.0,-192.0
2025-07-23,LAD,MIN,4.0,3.0,9.0,-224.0,181.0
2025-07-23,FLA,SDP,3.0,2.0,7.5,119.0,-145.0
2025-07-23,NYM,ANA,6.0,3.0,9.0,-186.0,151.0
2025-07-23,PHI,BOS,8.0,9.0,8.5,-163.0,133.0
2025-07-23,PIT,DET,6.0,1.0,9.0,117.0,-142.0
2025-07-23,SEA,MIL,2.0,10.0,7.0,-116.0,-104.0
2025-07-23,TBD,CHW,9.0,11.0,9.0,-226.0,182.0
2025-07-23,TEX,OAK,2.0,1.0,8.5,-145.0,119.0
2025-07-23,TOR,NYY,8.0,4.0,8.5,114.0,-139.0
2025-07-23,WSN,CIN,0.0,5.0,8.5,109.0,-132.0
2025-07-24,ANA,SEA,2.0,4.0,9.0,-143.0,118.0
2025-07-24,CLE,BAL,3.0,4.0,8.5,-121.0,-101.0
2025-07-24,DET,TOR,4.0,11.0,8.5,-144.0,119.0
2025-07-24,HOU,OAK,2.0,5.0,9.0,-150.0,123.0
2025-07-24,STL,SDP,9.0,7.0,7.5,-156.0,128.0
2025-07-25,ANA,SEA,3.0,2.0,8.0,108.0,-132.0
2025-07-25,BAL,COL,5.0,6.0,9.0,-199.0,162.0
2025-07-25,BOS,LAD,2.0,5.0,9.5,-113.0,-107.0
2025-07-25,CHW,CHC,12.0,5.0,8.0,152.0,-187.0
2025-07-25,CIN,TBD,7.0,2.0,9.5,-118.0,-103.0
2025-07-25,DET,TOR,2.0,6.0,9.0,-115.0,-106.0
2025-07-25,HOU,OAK,3.0,15.0,9.0,-141.0,116.0
2025-07-25,MIL,FLA,1.0,5.0,8.0,-229.0,184.0
2025-07-25,MIN,WSN,1.0,0.0,8.5,-170.0,139.0
2025-07-25,NYY,PHI,5.0,12.0,10.5,-171.0,140.0
2025-07-25,PIT,ARI,0.0,1.0,9.0,-107.0,-113.0
2025-07-25,SFG,NYM,1.0,8.0,7.0,-149.0,122.0
2025-07-25,STL,SDP,3.0,0.0,8.5,108.0,-131.0
2025-07-25,TEX,ATL,8.0,3.0,8.0,-157.0,128.0
2025-07-26,ANA,SEA,2.0,7.0,8.5,111.0,-135.0
2025-07-26,BAL,COL,18.0,0.0,9.5,-256.0,205.0
2025-07-26,BOS,LAD,4.0,2.0,8.5,-169.0,138.0
2025-07-26,CHW,CHC,1.0,6.0,9.0,153.0,-188.0
2025-07-26,CIN,TBD,6.0,2.0,9.0,-121.0,-101.0
2025-07-26,DET,TOR,1.0,6.0,7.0,-187.0,152.0
2025-07-26,HOU,OAK,1.0,5.0,7.5,-197.0,160.0
2025-07-26,KCR,CLE,5.0,3.0,9.0,-117.0,-103.0
2025-07-26,KCR,CLE,4.0,6.0,8.0,-144.0,118.0
2025-07-26,MIL,FLA,4.0,7.0,8.5,-163.0,133.0
2025-07-26,MIN,WSN,3.0,9.0,9.0,-253.0,202.0
2025-07-26,NYY,PHI,4.0,9.0,9.0,111.0,-135.0
2025-07-26,PIT,ARI,2.0,0.0,8.5,112.0,-149.0
2025-07-26,SFG,NYM,1.0,2.0,7.5,-116.0,-112.0
2025-07-26,STL,SDP,1.0,3.0,9.0,-144.0,119.0
2025-07-26,TEX,ATL,6.0,5.0,8.5,-113.0,-107.0
2025-07-27,ANA,SEA,4.0,1.0,8.5,149.0,-183.0
2025-07-27,BAL,COL,5.0,1.0,10.0,-212.0,171.0
2025-07-27,BOS,LAD,4.0,3.0,10.0,-106.0,-115.0
2025-07-27,CHW,CHC,4.0,5.0,8.5,140.0,-171.0
2025-07-27,CIN,TBD,2.0,1.0,9.5,-113.0,-108.0
2025-07-27,DET,TOR,10.0,4.0,8.5,-117.0,-103.0
2025-07-27,HOU,OAK,1.0,7.0,8.0,-150.0,123.0
2025-07-27,KCR,CLE,4.0,1.0,8.5,-136.0,112.0
2025-07-27,MIL,FLA,3.0,2.0,7.0,-156.0,128.0
2025-07-27,MIN,WSN,2.0,7.0,9.5,-174.0,142.0
2025-07-27,NYY,PHI,4.0,3.0,7.5,116.0,-141.0
2025-07-27,PIT,ARI,6.0,0.0,7.5,-150.0,123.0
2025-07-27,SFG,NYM,3.0,5.0,8.0,110.0,-133.0
2025-07-27,STL,SDP,2.0,9.0,8.5,-132.0,108.0
2025-07-27,TEX,ATL,8.0,1.0,9.0,-132.0,109.0
2025-07-28,ANA,TEX,6.0,4.0,8.5,179.0,-222.0
2025-07-28,OAK,SEA,1.0,3.0,10.5,108.0,-131.0
2025-07-28,BAL,TOR,11.0,4.0,9.5,-103.0,-118.0
2025-07-28,CHW,PHI,6.0,2.0,8.0,187.0,-232.0
2025-07-28,CIN,LAD,2.0,5.0,9.0,127.0,-154.0
2025-07-28,CLE,COL,6.0,8.0,8.5,-283.0,224.0
2025-07-28,DET,ARI,5.0,1.0,8.5,-136.0,112.0
2025-07-28,HOU,WSN,1.0,2.0,7.0,-255.0,204.0
2025-07-28,KCR,ATL,7.0,10.0,9.5,138.0,-169.0
2025-07-28,MIL,CHC,8.0,4.0,7.5,-105.0,-115.0
2025-07-28,MIN,BOS,5.0,4.0,9.0,-113.0,-107.0
2025-07-28,NYY,TBD,2.0,4.0,8.5,-127.0,104.0
2025-07-28,SDP,NYM,7.0,6.0,8.0,-133.0,109.0
2025-07-28,SFG,PIT,5.0,6.0,7.5,-136.0,112.0
2025-07-28,STL,FLA,7.0,1.0,8.5,-127.0,104.0
2025-07-29,ANA,TEX,8.0,5.0,9.0,-130.0,107.0
2025-07-29,OAK,SEA,6.0,1.0,11.0,-112.0,-108.0
2025-07-29,BAL,TOR,16.0,4.0,10.0,-121.0,100.0
2025-07-29,BAL,TOR,3.0,2.0,9.5,103.0,-126.0
2025-07-29,CHW,PHI,3.0,6.0,9.0,151.0,-186.0
2025-07-29,CIN,LAD,4.0,5.0,9.0,129.0,-158.0
2025-07-29,CLE,COL,10.0,4.0,8.5,-199.0,162.0
2025-07-29,DET,ARI,12.0,2.0,8.5,-163.0,133.0
2025-07-29,HOU,WSN,7.0,4.0,8.5,-127.0,104.0
2025-07-29,KCR,ATL,9.0,6.0,9.5,-130.0,107.0
2025-07-29,MIL,CHC,9.0,3.0,8.0,-132.0,108.0
2025-07-29,MIN,BOS,5.0,8.0,9.0,105.0,-127.0
2025-07-29,NYY,TBD,7.0,5.0,8.5,-187.0,152.0
2025-07-29,SDP,NYM,7.0,1.0,8.5,104.0,-127.0
2025-07-29,SFG,PIT,1.0,3.0,8.0,-170.0,139.0
2025-07-29,STL,FLA,0.0,5.0,7.5,-155.0,127.0
2025-07-30,ANA,TEX,3.0,6.0,8.0,104.0,-126.0
2025-07-30,OAK,SEA,5.0,4.0,9.5,123.0,-150.0
2025-07-30,BAL,TOR,8.0,9.0,9.5,-121.0,100.0
2025-07-30,CHW,PHI,9.0,3.0,8.5,105.0,-128.0
2025-07-30,CIN,LAD,5.0,2.0,9.5,136.0,-167.0
2025-07-30,CLE,COL,5.0,0.0,8.0,-181.0,148.0
2025-07-30,DET,ARI,7.0,2.0,9.0,-138.0,113.0
2025-07-30,HOU,WSN,9.0,1.0,8.0,-118.0,-103.0
2025-07-30,KCR,ATL,1.0,0.0,9.5,-121.0,-101.0
2025-07-30,MIL,CHC,3.0,10.0,7.0,-130.0,107.0
2025-07-30,MIN,BOS,1.0,13.0,8.0,-126.0,104.0
2025-07-30,NYY,TBD,5.0,4.0,9.0,-144.0,118.0
2025-07-30,SDP,NYM,5.0,0.0,8.5,-126.0,103.0
2025-07-30,SFG,PIT,1.0,2.0,7.0,-206.0,167.0
2025-07-30,STL,FLA,0.0,2.0,8.5,-144.0,119.0
2025-07-31,CIN,ATL,11.0,12.0,9.0,-168.0,137.0
2025-07-31,NYY,TBD,7.0,4.0,8.5,-101.0,-120.0
2025-07-31,SEA,TEX,6.0,0.0,7.5,-176.0,144.0
2025-08-01,ANA,CHW,3.0,6.0,8.5,-137.0,113.0
2025-08-01,OAK,ARI,5.0,1.0,10.0,-127.0,105.0
2025-08-01,BOS,HOU,2.0,1.0,8.0,104.0,-126.0
2025-08-01,CHC,BAL,1.0,0.0,7.0,-152.0,125.0
2025-08-01,CIN,ATL,3.0,2.0,9.0,-143.0,118.0
2025-08-01,CLE,MIN,3.0,2.0,7.0,-121.0,100.0
2025-08-01,COL,PIT,17.0,16.0,11.5,117.0,-142.0
2025-08-01,FLA,NYY,13.0,12.0,7.5,128.0,-157.0
2025-08-01,NYM,SFG,3.0,4.0,8.0,-150.0,123.0
2025-08-01,PHI,DET,5.0,4.0,7.5,-161.0,123.0
2025-08-01,SDP,STL,4.0,1.0,7.5,-205.0,167.0
2025-08-01,SEA,TEX,4.0,3.0,7.5,-198.0,157.0
2025-08-01,TBD,LAD,0.0,5.0,9.0,-105.0,-115.0
2025-08-01,TOR,KCR,3.0,9.0,7.5,-158.0,129.0
2025-08-01,WSN,MIL,9.0,16.0,8.5,129.0,-158.0
2025-08-02,ANA,CHW,0.0,1.0,9.0,-137.0,113.0
2025-08-02,OAK,ARI,2.0,7.0,9.5,-127.0,105.0
2025-08-02,BOS,HOU,7.0,3.0,9.0,-136.0,111.0
2025-08-02,CHC,BAL,3.0,4.0,7.5,-244.0,195.0
2025-08-02,CIN,ATL,2.0,4.0,,,
2025-08-02,CLE,MIN,5.0,4.0,7.0,-158.0,129.0
2025-08-02,COL,PIT,8.0,5.0,10.0,197.0,-246.0
2025-08-02,FLA,NYY,2.0,0.0,7.5,-120.0,-101.0
2025-08-02,NYM,SFG,12.0,6.0,8.5,-194.0,158.0
2025-08-02,PHI,DET,5.0,7.0,6.0,-116.0,-104.0
2025-08-02,SDP,STL,5.0,8.0,8.5,-158.0,129.0
2025-08-02,SEA,TEX,4.0,6.0,7.5,-130.0,107.0
2025-08-02,TBD,LAD,4.0,0.0,8.5,-103.0,-123.0
2025-08-02,TOR,KCR,4.0,2.0,8.0,-144.0,119.0
2025-08-02,WSN,MIL,2.0,8.0,8.5,153.0,-188.0
2025-08-03,ANA,CHW,8.0,5.0,9.5,-142.0,117.0
2025-08-03,OAK,ARI,4.0,6.0,9.5,-132.0,109.0
2025-08-03,BOS,HOU,6.0,1.0,8.0,107.0,-131.0
2025-08-03,CHC,BAL,5.0,3.0,8.0,-192.0,156.0
2025-08-03,CLE,MIN,4.0,5.0,8.0,-171.0,140.0
2025-08-03,COL,PIT,5.0,9.0,11.0,128.0,-156.0
2025-08-03,FLA,NYY,7.0,3.0,7.5,-102.0,-119.0
2025-08-03,NYM,SFG,4.0,12.0,9.0,-164.0,134.0
2025-08-03,PHI,DET,2.0,0.0,8.5,-181.0,151.0
2025-08-03,SDP,STL,7.0,3.0,8.0,-200.0,162.0
2025-08-03,SEA,TEX,5.0,4.0,7.0,118.0,-143.0
2025-08-03,TBD,LAD,0.0,3.0,8.5,140.0,-171.0
2025-08-03,TOR,KCR,4.0,7.0,8.0,-150.0,123.0
2025-08-03,WSN,MIL,3.0,14.0,8.5,119.0,-145.0
2025-08-04,ANA,TBD,5.0,1.0,8.5,-116.0,-105.0
2025-08-04,ARI,SDP,6.0,2.0,9.0,108.0,-132.0
2025-08-04,ATL,MIL,1.0,3.0,8.0,113.0,-137.0
2025-08-04,BOS,KCR,8.0,5.0,9.5,-163.0,134.0
2025-08-04,CHC,CIN,2.0,3.0,7.0,-137.0,113.0
2025-08-04,COL,TOR,1.0,15.0,12.0,181.0,-225.0
2025-08-04,DET,MIN,6.0,3.0,8.5,-184.0,150.0
2025-08-04,LAD,STL,2.0,3.0,8.0,-179.0,146.0
2025-08-04,FLA,HOU,2.0,8.0,8.0,-131.0,108.0
2025-08-04,NYM,CLE,6.0,7.0,8.0,-205.0,167.0
2025-08-04,PHI,BAL,13.0,3.0,9.0,-201.0,163.0
2025-08-04,PIT,SFG,5.0,4.0,8.5,105.0,-127.0
2025-08-04,TEX,NYY,8.0,5.0,7.5,113.0,-138.0
2025-08-05,ANA,TBD,3.0,7.0,8.0,-126.0,104.0
2025-08-05,ARI,SDP,5.0,10.0,8.5,100.0,-122.0
2025-08-05,ATL,MIL,2.0,7.0,7.5,122.0,-148.0
2025-08-05,BOS,KCR,6.0,2.0,7.5,-233.0,187.0
2025-08-05,CHC,CIN,1.0,5.0,7.5,-188.0,153.0
2025-08-05,COL,TOR,4.0,10.0,12.0,188.0,-234.0
2025-08-05,DET,MIN,3.0,6.0,8.0,-144.0,118.0
2025-08-05,LAD,STL,12.0,6.0,9.0,-180.0,146.0
2025-08-05,FLA,HOU,3.0,7.0,8.5,-106.0,-115.0
2025-08-05,NYM,CLE,2.0,3.0,8.5,-169.0,138.0
2025-08-05,PHI,BAL,5.0,0.0,10.0,-148.0,121.0
2025-08-05,PIT,SFG,1.0,8.0,7.5,123.0,-150.0
2025-08-05,SEA,CHW,8.0,3.0,7.5,-253.0,202.0
2025-08-05,TEX,NYY,2.0,0.0,8.0,-126.0,104.0
2025-08-05,WSN,OAK,7.0,16.0,8.5,-132.0,109.0
2025-08-06,ANA,TBD,4.0,5.0,9.0,-105.0,-116.0
2025-08-06,ARI,SDP,2.0,3.0,9.5,114.0,-139.0
2025-08-06,ATL,MIL,4.0,5.0,8.0,-127.0,104.0
2025-08-06,BOS,KCR,3.0,7.0,8.5,-144.0,119.0
2025-08-06,CHC,CIN,6.0,1.0,7.5,-132.0,109.0
2025-08-06,COL,TOR,1.0,20.0,11.5,213.0,-268.0
2025-08-06,DET,MIN,4.0,9.0,9.0,-206.0,167.0
2025-08-06,LAD,STL,3.0,5.0,9.5,-219.0,176.0
2025-08-06,FLA,HOU,6.0,4.0,8.0,-115.0,-106.0
2025-08-06,NYM,CLE,1.0,4.0,7.5,-181.0,148.0
2025-08-06,PHI,BAL,1.0,5.0,7.5,-181.0,148.0
2025-08-06,PIT,SFG,2.0,4.0,8.0,125.0,-152.0
2025-08-06,SEA,CHW,8.0,6.0,7.5,-274.0,217.0
2025-08-06,TEX,NYY,2.0,3.0,8.0,108.0,-131.0
2025-08-06,WSN,OAK,2.0,1.0,9.0,118.0,-143.0
2025-08-07,ATL,FLA,8.0,6.0,8.0,109.0,-132.0
2025-08-07,PIT,CIN,7.0,0.0,7.0,-165.0,135.0
2025-08-07,SEA,CHW,4.0,3.0,7.0,-295.0,233.0
2025-08-07,WSN,OAK,0.0,6.0,8.5,119.0,-145.0
2025-08-08,ARI,COL,6.0,1.0,9.0,-220.0,178.0
2025-08-08,ATL,FLA,1.0,5.0,8.0,103.0,-126.0
2025-08-08,BAL,OAK,3.0,2.0,10.0,-117.0,-104.0
2025-08-08,CHW,CLE,5.0,9.0,8.0,111.0,-136.0
2025-08-08,DET,ANA,6.0,5.0,7.5,-292.0,231.0
2025-08-08,LAD,TOR,5.0,1.0,8.5,-144.0,118.0
2025-08-08,MIL,NYM,3.0,2.0,8.5,-149.0,114.0
2025-08-08,MIN,KCR,9.0,4.0,8.5,-143.0,118.0
2025-08-08,NYY,HOU,3.0,5.0,7.5,-118.0,-103.0
2025-08-08,PIT,CIN,3.0,2.0,7.5,103.0,-126.0
2025-08-08,SDP,BOS,2.0,10.0,8.0,-170.0,139.0
2025-08-08,SEA,TBD,3.0,2.0,7.0,-132.0,108.0
2025-08-08,SFG,WSN,5.0,0.0,8.5,-172.0,141.0
2025-08-08,STL,CHC,5.0,0.0,8.5,141.0,-172.0
2025-08-08,TEX,PHI,1.0,9.0,7.5,105.0,-125.0
2025-08-09,ARI,COL,6.0,5.0,9.5,-245.0,182.0
2025-08-09,ATL,FLA,7.0,1.0,8.5,-121.0,-101.0
2025-08-09,ATL,FLA,8.0,6.0,8.5,-110.0,-110.0
2025-08-09,BAL,OAK,3.0,11.0,9.5,-121.0,100.0
2025-08-09,CHW,CLE,1.0,3.0,8.5,116.0,-142.0
2025-08-09,DET,ANA,4.0,7.0,8.5,-142.0,109.0
2025-08-09,LAD,TOR,9.0,1.0,8.5,-158.0,129.0
2025-08-09,MIL,NYM,7.0,4.0,9.0,-116.0,-105.0
2025-08-09,MIN,KCR,0.0,2.0,9.0,-102.0,-120.0
2025-08-09,NYY,HOU,5.0,4.0,8.5,-104.0,-117.0
2025-08-09,PIT,CIN,1.0,2.0,8.0,-106.0,-115.0
2025-08-09,SDP,BOS,5.0,4.0,7.5,-144.0,119.0
2025-08-09,SEA,TBD,7.0,4.0,7.5,-150.0,123.0
2025-08-09,SFG,WSN,2.0,4.0,8.0,-171.0,140.0
2025-08-09,STL,CHC,1.0,9.0,9.0,104.0,-126.0
2025-08-09,TEX,PHI,2.0,3.0,7.5,-127.0,104.0
2025-08-10,ARI,COL,13.0,6.0,8.5,-329.0,236.0
2025-08-10,ATL,FLA,7.0,1.0,8.5,-136.0,112.0
2025-08-10,BAL,OAK,2.0,3.0,9.0,-125.0,103.0
2025-08-10,CHW,CLE,6.0,4.0,9.0,107.0,-131.0
2025-08-10,DET,ANA,9.0,5.0,9.5,-187.0,152.0
2025-08-10,LAD,TOR,4.0,5.0,8.5,-188.0,153.0
2025-08-10,MIL,NYM,7.0,6.0,8.0,-121.0,100.0
2025-08-10,MIN,KCR,5.0,3.0,9.0,-111.0,-110.0
2025-08-10,NYY,HOU,1.0,7.0,9.0,-231.0,186.0
2025-08-10,PIT,CIN,8.0,14.0,8.0,-112.0,-108.0
2025-08-10,SDP,BOS,6.0,2.0,7.5,-150.0,123.0
2025-08-10,SEA,TBD,6.0,3.0,7.5,-183.0,149.0
2025-08-10,SFG,WSN,0.0,8.0,8.5,-157.0,128.0
2025-08-10,STL,CHC,3.0,2.0,7.5,112.0,-136.0
2025-08-10,TEX,PHI,2.0,4.0,7.5,140.0,-171.0
2025-08-11,ANA,LAD,7.0,4.0,8.5,141.0,-172.0
2025-08-11,OAK,TBD,4.0,7.0,10.0,-113.0,-108.0
2025-08-11,CHW,DET,1.0,2.0,9.0,127.0,-154.0
2025-08-11,CIN,PHI,1.0,4.0,9.5,-136.0,112.0
2025-08-11,HOU,BOS,7.0,6.0,7.5,128.0,-167.0
2025-08-11,KCR,WSN,7.0,4.0,9.0,-154.0,127.0
2025-08-11,MIL,PIT,7.0,1.0,9.0,-187.0,156.0
2025-08-11,NYY,MIN,6.0,2.0,8.5,-181.0,148.0
2025-08-11,SFG,SDP,1.0,4.0,7.5,-131.0,108.0
2025-08-11,STL,COL,3.0,2.0,8.5,-206.0,167.0
2025-08-11,TEX,ARI,7.0,6.0,7.5,-169.0,138.0
2025-08-12,ANA,LAD,7.0,6.0,10.0,135.0,-165.0
2025-08-12,OAK,TBD,6.0,0.0,9.5,-111.0,-110.0
2025-08-12,BAL,SEA,0.0,1.0,9.0,125.0,-152.0
2025-08-12,CHW,DET,9.0,6.0,8.5,150.0,-185.0
2025-08-12,CIN,PHI,6.0,1.0,9.5,119.0,-145.0
2025-08-12,CLE,FLA,4.0,3.0,8.5,-137.0,113.0
2025-08-12,HOU,BOS,1.0,14.0,9.5,-103.0,-127.0
2025-08-12,KCR,WSN,8.0,5.0,9.0,-199.0,162.0
2025-08-12,MIL,PIT,14.0,0.0,6.5,-143.0,117.0
2025-08-12,NYY,MIN,9.0,1.0,9.0,-218.0,176.0
2025-08-12,NYM,ATL,13.0,5.0,8.0,-150.0,123.0
2025-08-12,SFG,SDP,1.0,5.0,7.5,-126.0,-103.0
2025-08-12,STL,COL,0.0,3.0,8.5,-199.0,162.0
2025-08-12,TEX,ARI,2.0,3.0,8.5,-155.0,127.0
2025-08-12,TOR,CHC,5.0,1.0,9.0,-127.0,105.0
2025-08-13,ANA,LAD,6.0,5.0,9.0,158.0,-194.0
2025-08-13,OAK,TBD,2.0,8.0,9.0,127.0,-155.0
2025-08-13,BAL,SEA,4.0,3.0,8.5,112.0,-137.0
2025-08-13,CHW,DET,0.0,1.0,8.0,122.0,-149.0
2025-08-13,CIN,PHI,8.0,0.0,8.0,102.0,-124.0
2025-08-13,CLE,FLA,4.0,13.0,8.0,-131.0,108.0
2025-08-13,HOU,BOS,4.0,1.0,8.0,-163.0,133.0
2025-08-13,KCR,WSN,7.0,8.0,9.0,-171.0,140.0
2025-08-13,MIL,PIT,12.0,5.0,7.0,-250.0,200.0
2025-08-13,NYY,MIN,1.0,4.0,8.5,-152.0,117.0
2025-08-13,NYM,ATL,6.0,11.0,9.0,-221.0,178.0
2025-08-13,SFG,SDP,1.0,11.0,8.0,119.0,-145.0
2025-08-13,STL,COL,5.0,6.0,8.0,-245.0,196.0
2025-08-13,TEX,ARI,4.0,6.0,8.0,-155.0,127.0
2025-08-13,TOR,CHC,1.0,4.0,8.5,-132.0,109.0
2025-08-14,BAL,SEA,5.0,3.0,9.5,101.0,-122.0
2025-08-14,CLE,FLA,9.0,4.0,7.0,-126.0,104.0
2025-08-14,COL,ARI,2.0,8.0,13.0,144.0,-176.0
2025-08-14,MIN,DET,3.0,4.0,7.5,162.0,-199.0
2025-08-14,NYM,ATL,3.0,4.0,8.5,-187.0,152.0
2025-08-14,TOR,CHC,2.0,1.0,7.5,-101.0,-120.0
2025-08-14,WSN,PHI,3.0,2.0,8.5,162.0,-199.0
2025-08-15,OAK,ANA,10.0,3.0,10.0,-112.0,-108.0
2025-08-15,BOS,FLA,2.0,1.0,8.5,-170.0,139.0
2025-08-15,CHC,PIT,2.0,3.0,8.5,-194.0,157.0
2025-08-15,CIN,MIL,8.0,10.0,8.5,117.0,-142.0
2025-08-15,CLE,ATL,0.0,2.0,8.5,-118.0,-103.0
2025-08-15,COL,ARI,4.0,3.0,12.0,162.0,-199.0
2025-08-15,HOU,BAL,0.0,7.0,7.5,-217.0,175.0
2025-08-15,KCR,CHW,3.0,1.0,9.0,-183.0,149.0
2025-08-15,LAD,SDP,3.0,2.0,9.0,-149.0,122.0
2025-08-15,MIN,DET,0.0,7.0,10.0,105.0,-127.0
2025-08-15,NYM,SEA,9.0,11.0,9.0,-137.0,112.0
2025-08-15,SFG,TBD,6.0,7.0,8.0,-114.0,-106.0
2025-08-15,STL,NYY,3.0,4.0,8.5,118.0,-143.0
2025-08-15,TOR,TEX,6.0,5.0,7.5,-106.0,-114.0
2025-08-15,WSN,PHI,2.0,6.0,8.0,162.0,-200.0
2025-08-16,OAK,ANA,7.0,2.0,11.0,-126.0,104.0
2025-08-16,BOS,FLA,7.0,5.0,9.0,-194.0,158.0
2025-08-16,CHC,PIT,3.0,1.0,9.0,-229.0,184.0
2025-08-16,CIN,MIL,5.0,6.0,8.5,101.0,-123.0
2025-08-16,CLE,ATL,1.0,10.0,8.5,-110.0,-110.0
2025-08-16,COL,ARI,10.0,7.0,11.0,143.0,-176.0
2025-08-16,HOU,BAL,5.0,4.0,8.5,-142.0,117.0
2025-08-16,KCR,CHW,6.0,2.0,9.5,-150.0,123.0
2025-08-16,LAD,SDP,6.0,0.0,7.5,-125.0,103.0
2025-08-16,MIN,DET,5.0,8.0,9.0,-115.0,-106.0
2025-08-16,NYM,SEA,3.0,1.0,8.5,-105.0,-115.0
2025-08-16,SFG,TBD,1.0,2.0,8.0,-103.0,-118.0
2025-08-16,STL,NYY,8.0,12.0,7.5,115.0,-140.0
2025-08-16,TOR,TEX,14.0,2.0,8.5,-176.0,143.0
2025-08-16,WSN,PHI,2.0,0.0,10.0,122.0,-149.0
2025-08-17,OAK,ANA,5.0,11.0,10.0,-111.0,-110.0
2025-08-17,BOS,FLA,3.0,5.0,8.5,-267.0,213.0
2025-08-17,CHC,PIT,4.0,3.0,7.0,-198.0,160.0
2025-08-17,CIN,MIL,3.0,2.0,9.0,-127.0,105.0
2025-08-17,CLE,ATL,4.0,5.0,9.0,-122.0,101.0
2025-08-17,COL,ARI,6.0,5.0,12.0,127.0,-155.0
2025-08-17,HOU,BAL,0.0,12.0,8.5,-121.0,-101.0
2025-08-17,KCR,CHW,6.0,2.0,9.5,-168.0,138.0
2025-08-17,LAD,SDP,5.0,4.0,8.5,-144.0,118.0
2025-08-17,MIN,DET,8.0,1.0,9.0,-102.0,-119.0
2025-08-17,NYM,SEA,7.0,3.0,8.0,-105.0,-116.0
2025-08-17,SFG,TBD,7.0,1.0,7.0,-138.0,113.0
2025-08-17,STL,NYY,4.0,8.0,9.0,130.0,-159.0
2025-08-17,TOR,TEX,4.0,10.0,7.5,-119.0,-102.0
2025-08-17,WSN,PHI,9.0,11.0,10.0,169.0,-209.0
2025-08-18,ANA,CIN,1.0,4.0,9.5,-106.0,-115.0
2025-08-18,ARI,CLE,1.0,3.0,9.0,-123.0,101.0
2025-08-18,ATL,CHW,9.0,13.0,9.0,-212.0,172.0
2025-08-18,BOS,BAL,3.0,6.0,8.0,-129.0,106.0
2025-08-18,CHC,MIL,0.0,7.0,8.0,-113.0,-107.0
2025-08-18,COL,LAD,4.0,3.0,11.5,241.0,-308.0
2025-08-18,DET,HOU,10.0,0.0,8.5,-155.0,127.0
2025-08-18,KCR,TEX,4.0,3.0,9.0,-127.0,105.0
2025-08-18,FLA,STL,3.0,8.0,7.5,-143.0,118.0
2025-08-18,PHI,SEA,12.0,7.0,7.5,-120.0,-101.0
2025-08-18,PIT,TOR,5.0,2.0,7.0,-118.0,-103.0
2025-08-18,SDP,SFG,3.0,4.0,7.5,-149.0,122.0
2025-08-19,ANA,CIN,4.0,6.0,8.5,112.0,-136.0
2025-08-19,ARI,CLE,6.0,5.0,8.5,-121.0,100.0
2025-08-19,ATL,CHW,11.0,10.0,9.0,-164.0,134.0
2025-08-19,BOS,BAL,3.0,4.0,9.5,-144.0,119.0
2025-08-19,CHC,MIL,6.0,4.0,7.0,-158.0,129.0
2025-08-19,CHC,MIL,4.0,1.0,7.0,-101.0,-120.0
2025-08-19,COL,LAD,4.0,11.0,12.0,202.0,-253.0
2025-08-19,DET,HOU,1.0,0.0,7.5,-169.0,138.0
2025-08-19,KCR,TEX,5.0,2.0,8.5,-108.0,-112.0
2025-08-19,FLA,STL,4.0,7.0,7.5,-139.0,114.0
2025-08-19,MIN,OAK,3.0,6.0,8.5,-142.0,117.0
2025-08-19,PHI,SEA,6.0,4.0,8.5,-195.0,158.0
2025-08-19,PIT,TOR,3.0,7.0,7.5,124.0,-151.0
2025-08-19,SDP,SFG,5.0,1.0,7.5,-189.0,154.0
2025-08-19,TBD,NYY,3.0,13.0,8.0,114.0,-139.0
2025-08-19,WSN,NYM,1.0,8.0,9.0,158.0,-195.0
2025-08-20,ANA,CIN,2.0,1.0,9.0,-129.0,107.0
2025-08-20,ARI,CLE,3.0,2.0,9.0,-113.0,-108.0
2025-08-20,ATL,CHW,1.0,0.0,9.0,-189.0,149.0
2025-08-20,CHC,MIL,4.0,3.0,6.5,-101.0,-121.0
2025-08-20,COL,LAD,8.0,3.0,11.5,233.0,-306.0
2025-08-20,DET,HOU,7.0,2.0,8.5,-110.0,-118.0
2025-08-20,KCR,TEX,3.0,6.0,8.5,-144.0,118.0
2025-08-20,FLA,STL,6.0,2.0,8.5,-116.0,-105.0
2025-08-20,MIN,OAK,2.0,4.0,9.0,-135.0,111.0
2025-08-20,PHI,SEA,11.0,2.0,8.5,-151.0,127.0
2025-08-20,PIT,TOR,2.0,1.0,8.5,129.0,-158.0
2025-08-20,SDP,SFG,8.0,1.0,8.0,-140.0,118.0
2025-08-20,TBD,NYY,4.0,6.0,8.5,-115.0,-108.0
2025-08-20,WSN,NYM,5.0,4.0,9.0,144.0,-177.0
2025-08-21,BAL,HOU,2.0,7.0,8.5,-121.0,-101.0
2025-08-21,CHC,MIL,1.0,4.0,6.5,-139.0,114.0
2025-08-21,COL,LAD,5.0,9.0,12.0,180.0,-221.0
2025-08-21,KCR,TEX,6.0,4.0,9.0,-120.0,-102.0
2025-08-21,MIN,OAK,3.0,8.0,9.5,-104.0,-117.0
2025-08-21,NYY,BOS,3.0,6.0,8.5,-144.0,118.0
2025-08-21,SDP,SFG,8.0,4.0,8.0,-194.0,162.0
2025-08-21,TBD,STL,4.0,7.0,8.0,-103.0,-120.0
2025-08-21,WSN,NYM,9.0,3.0,8.0,113.0,-137.0
2025-08-22,ANA,CHC,2.0,3.0,9.5,104.0,-126.0
2025-08-22,ARI,CIN,6.0,5.0,9.0,-136.0,109.0
2025-08-22,ATL,NYM,7.0,12.0,9.0,-116.0,-105.0
2025-08-22,BAL,HOU,7.0,10.0,9.0,-104.0,-117.0
2025-08-22,CHW,MIN,7.0,9.0,8.5,107.0,-131.0
2025-08-22,DET,KCR,7.0,5.0,8.5,-163.0,133.0
2025-08-22,FLA,TOR,2.0,5.0,8.0,134.0,-164.0
2025-08-22,MIL,SFG,5.0,4.0,9.0,-184.0,151.0
2025-08-22,NYY,BOS,0.0,1.0,8.5,-199.0,160.0
2025-08-22,PHI,WSN,4.0,5.0,9.0,-193.0,162.0
2025-08-22,PIT,COL,9.0,0.0,8.5,-232.0,192.0
2025-08-22,SDP,LAD,2.0,1.0,8.5,101.0,-125.0
2025-08-22,SEA,OAK,3.0,2.0,8.0,-231.0,186.0
2025-08-22,TBD,STL,10.0,6.0,9.0,-137.0,113.0
2025-08-22,TEX,CLE,4.0,3.0,7.5,-164.0,134.0
2025-08-23,ANA,CHC,1.0,12.0,9.5,127.0,-155.0
2025-08-23,ARI,CIN,10.0,1.0,9.0,103.0,-123.0
2025-08-23,ATL,NYM,2.0,9.0,9.0,-101.0,-120.0
2025-08-23,BAL,HOU,8.0,9.0,9.0,-122.0,101.0
2025-08-23,CHW,MIN,7.0,3.0,9.5,-110.0,-110.0
2025-08-23,DET,KCR,4.0,2.0,8.5,-126.0,104.0
2025-08-23,FLA,TOR,6.0,7.0,8.5,122.0,-149.0
2025-08-23,MIL,SFG,1.0,7.0,7.5,-138.0,114.0
2025-08-23,NYY,BOS,1.0,12.0,8.0,-102.0,-119.0
2025-08-23,PHI,WSN,6.0,4.0,10.5,-258.0,211.0
2025-08-23,PIT,COL,5.0,1.0,8.0,-188.0,152.0
2025-08-23,SDP,LAD,5.0,1.0,8.5,118.0,-142.0
2025-08-23,SEA,OAK,1.0,2.0,8.0,-178.0,143.0
2025-08-23,TEX,CLE,10.0,0.0,8.5,-130.0,109.0
2025-08-24,ANA,CHC,3.0,4.0,10.0,117.0,-142.0
2025-08-24,ARI,CIN,1.0,6.0,9.0,-126.0,104.0
2025-08-24,ATL,NYM,4.0,3.0,9.5,117.0,-142.0
2025-08-24,BAL,HOU,3.0,2.0,9.0,-132.0,109.0
2025-08-24,CHW,MIN,8.0,0.0,9.0,100.0,-121.0
2025-08-24,DET,KCR,8.0,10.0,8.0,-154.0,129.0
2025-08-24,FLA,TOR,5.0,3.0,7.5,108.0,-132.0
2025-08-24,MIL,SFG,3.0,4.0,8.0,-142.0,117.0
2025-08-24,NYY,BOS,7.0,2.0,8.5,-159.0,133.0
2025-08-24,PHI,WSN,3.0,2.0,9.5,-268.0,213.0
2025-08-24,PIT,COL,4.0,0.0,7.5,-313.0,244.0
2025-08-24,SDP,LAD,2.0,8.0,8.0,-106.0,-115.0
2025-08-24,SEA,OAK,11.0,4.0,7.5,-191.0,155.0
2025-08-24,TBD,STL,7.0,2.0,9.0,-154.0,127.0
2025-08-24,TEX,CLE,5.0,0.0,7.5,-135.0,111.0
2025-08-25,OAK,DET,8.0,3.0,9.0,182.0,-217.0
2025-08-25,BAL,BOS,3.0,4.0,9.0,-101.0,-121.0
2025-08-25,CHW,KCR,7.0,0.0,8.5,116.0,-141.0
2025-08-25,CLE,TBD,0.0,9.0,7.5,-124.0,102.0
2025-08-25,LAD,CIN,7.0,0.0,8.0,-137.0,113.0
2025-08-25,FLA,ATL,2.0,1.0,8.0,103.0,-125.0
2025-08-25,MIL,ARI,7.0,5.0,8.0,-191.0,155.0
2025-08-25,NYY,WSN,10.0,5.0,9.5,-239.0,193.0
2025-08-25,NYM,PHI,13.0,3.0,7.5,107.0,-130.0
2025-08-25,SEA,SDP,9.0,6.0,8.5,-126.0,104.0
2025-08-25,STL,PIT,7.0,6.0,8.0,-142.0,117.0
2025-08-25,TEX,ANA,0.0,4.0,7.0,-199.0,160.0
2025-08-25,TOR,MIN,10.0,4.0,8.0,-144.0,119.0
2025-08-26,OAK,DET,7.0,6.0,11.0,108.0,-132.0
2025-08-26,BAL,BOS,0.0,5.0,8.5,101.0,-126.0
2025-08-26,CHW,KCR,4.0,5.0,8.5,102.0,-124.0
2025-08-26,CLE,TBD,3.0,0.0,7.5,-118.0,-103.0
2025-08-26,HOU,COL,1.0,6.0,8.0,-367.0,291.0
2025-08-26,LAD,CIN,6.0,3.0,8.5,-186.0,145.0
2025-08-26,FLA,ATL,2.0,11.0,8.0,108.0,-131.0
2025-08-26,MIL,ARI,9.0,8.0,8.0,-180.0,144.0
2025-08-26,NYY,WSN,5.0,1.0,9.5,-194.0,157.0
2025-08-26,NYM,PHI,6.0,5.0,8.5,-103.0,-118.0
2025-08-26,SEA,SDP,6.0,7.0,8.0,-111.0,-109.0
2025-08-26,SFG,CHC,5.0,2.0,7.5,131.0,-160.0
2025-08-26,STL,PIT,3.0,8.0,8.5,-126.0,-101.0
2025-08-26,TEX,ANA,7.0,3.0,8.5,-113.0,-107.0
2025-08-26,TOR,MIN,5.0,7.0,8.5,-209.0,167.0
2025-08-27,OAK,DET,7.0,0.0,10.5,107.0,-131.0
2025-08-27,BAL,BOS,2.0,3.0,8.5,118.0,-144.0
2025-08-27,CHW,KCR,1.0,12.0,8.5,112.0,-136.0
2025-08-27,CLE,TBD,4.0,3.0,7.0,128.0,-156.0
2025-08-27,HOU,COL,4.0,0.0,8.0,-304.0,243.0
2025-08-27,LAD,CIN,5.0,1.0,7.5,-181.0,144.0
2025-08-27,FLA,ATL,1.0,12.0,8.5,-102.0,-119.0
2025-08-27,MIL,ARI,2.0,3.0,8.5,-138.0,114.0
2025-08-27,NYY,WSN,11.0,2.0,8.5,-285.0,229.0
2025-08-27,NYM,PHI,6.0,0.0,8.5,-161.0,128.0
2025-08-27,SEA,SDP,4.0,3.0,7.5,-158.0,129.0
2025-08-27,SFG,CHC,12.0,3.0,8.5,108.0,-132.0
2025-08-27,STL,PIT,1.0,2.0,7.5,-175.0,143.0
2025-08-27,TEX,ANA,20.0,3.0,8.5,-163.0,137.0
2025-08-27,TOR,MIN,9.0,8.0,9.0,-188.0,156.0
2025-08-28,BAL,BOS,2.0,3.0,8.0,162.0,-204.0
2025-08-28,CHW,NYY,4.0,10.0,9.0,148.0,-181.0
2025-08-28,HOU,COL,4.0,3.0,8.5,-250.0,207.0
2025-08-28,MIL,ARI,4.0,6.0,9.0,-158.0,129.0
2025-08-28,NYM,FLA,4.0,7.0,9.0,-261.0,216.0
2025-08-28,PHI,ATL,19.0,4.0,10.0,-175.0,143.0
2025-08-28,SFG,CHC,4.0,3.0,7.5,-120.0,-101.0
2025-08-28,STL,PIT,4.0,1.0,8.0,-127.0,104.0
2025-08-29,OAK,TEX,2.0,5.0,10.0,-148.0,122.0
2025-08-29,BOS,PIT,2.0,4.0,8.0,-116.0,-105.0
2025-08-29,CHW,NYY,2.0,10.0,8.5,163.0,-220.0
2025-08-29,CIN,STL,5.0,7.0,9.0,-138.0,113.0
2025-08-29,CLE,SEA,5.0,4.0,7.5,119.0,-156.0
2025-08-29,COL,CHC,7.0,11.0,11.0,187.0,-238.0
2025-08-29,HOU,ANA,2.0,0.0,9.0,-158.0,133.0
2025-08-29,KCR,DET,3.0,5.0,9.0,-119.0,-102.0
2025-08-29,LAD,ARI,0.0,3.0,8.5,-227.0,184.0
2025-08-29,MIN,SDP,7.0,4.0,8.5,101.0,-122.0
2025-08-29,NYM,FLA,19.0,9.0,7.5,-178.0,135.0
2025-08-29,PHI,ATL,2.0,1.0,9.0,-199.0,165.0
2025-08-29,SFG,BAL,15.0,8.0,7.5,-150.0,122.0
2025-08-29,TOR,MIL,2.0,7.0,8.0,-137.0,112.0
2025-08-29,WSN,TBD,1.0,4.0,9.0,122.0,-149.0
2025-08-30,OAK,TEX,3.0,9.0,10.0,113.0,-137.0
2025-08-30,BOS,PIT,3.0,10.0,9.0,-182.0,151.0
2025-08-30,CHW,NYY,3.0,5.0,8.5,168.0,-207.0
2025-08-30,CIN,STL,2.0,4.0,8.0,-150.0,123.0
2025-08-30,CLE,SEA,4.0,3.0,7.5,129.0,-163.0
2025-08-30,COL,CHC,3.0,4.0,11.0,168.0,-208.0
2025-08-30,HOU,ANA,1.0,4.0,9.5,-169.0,134.0
2025-08-30,KCR,DET,3.0,1.0,9.0,104.0,-126.0
2025-08-30,LAD,ARI,1.0,6.0,9.0,-232.0,182.0
2025-08-30,MIN,SDP,3.0,12.0,8.5,129.0,-161.0
2025-08-30,NYM,FLA,8.0,11.0,7.5,-186.0,151.0
2025-08-30,PHI,ATL,3.0,2.0,7.0,-144.0,118.0
2025-08-30,SFG,BAL,1.0,11.0,8.0,-105.0,-115.0
2025-08-30,TOR,MIL,1.0,4.0,8.5,-133.0,109.0
2025-08-30,WSN,TBD,1.0,4.0,8.5,129.0,-159.0
2025-08-31,OAK,TEX,6.0,9.0,9.0,123.0,-149.0
2025-08-31,BOS,PIT,5.0,2.0,8.5,-175.0,147.0
2025-08-31,CHW,NYY,3.0,2.0,8.5,144.0,-181.0
2025-08-31,CIN,STL,7.0,4.0,8.0,-138.0,114.0
2025-08-31,CLE,SEA,2.0,4.0,8.0,-108.0,-115.0
2025-08-31,COL,CHC,6.0,5.0,11.0,209.0,-257.0
2025-08-31,HOU,ANA,0.0,3.0,7.5,-172.0,144.0
2025-08-31,KCR,DET,0.0,5.0,7.0,144.0,-175.0
2025-08-31,LAD,ARI,5.0,4.0,9.0,-245.0,196.0
2025-08-31,MIN,SDP,7.0,2.0,8.5,-126.0,104.0
2025-08-31,NYM,FLA,1.0,5.0,8.0,-182.0,151.0
2025-08-31,PHI,ATL,1.0,3.0,9.0,-165.0,134.0
2025-08-31,SFG,BAL,13.0,2.0,8.5,-154.0,126.0
2025-08-31,TOR,MIL,8.0,4.0,7.5,-110.0,-111.0
2025-08-31,WSN,TBD,4.0,7.0,8.0,119.0,-148.0
2025-09-01,ARI,TEX,5.0,7.0,9.0,-144.0,118.0
2025-09-01,BOS,CLE,6.0,4.0,8.0,-144.0,122.0
2025-09-01,CHC,ATL,7.0,6.0,7.5,-124.0,103.0
2025-09-01,CIN,TOR,5.0,4.0,8.0,-123.0,101.0
2025-09-01,COL,SFG,2.0,8.0,11.5,123.0,-150.0
2025-09-01,DET,NYM,8.0,10.0,9.0,-103.0,-117.0
2025-09-01,HOU,ANA,8.0,3.0,8.0,-163.0,133.0
2025-09-01,MIL,PHI,8.0,10.0,8.5,-158.0,129.0
2025-09-01,MIN,CHW,5.0,6.0,9.5,-194.0,153.0
2025-09-01,SDP,BAL,3.0,4.0,7.5,-165.0,135.0
2025-09-01,STL,OAK,3.0,11.0,7.5,-162.0,133.0
2025-09-01,TBD,SEA,10.0,2.0,8.5,-112.0,-109.0
2025-09-01,WSN,FLA,2.0,0.0,9.0,-112.0,-109.0
2025-09-02,ARI,TEX,5.0,3.0,9.5,-110.0,-110.0
2025-09-02,BOS,CLE,11.0,7.0,7.5,-255.0,204.0
2025-09-02,CHC,ATL,4.0,3.0,8.5,-175.0,143.0
2025-09-02,CIN,TOR,9.0,12.0,9.0,104.0,-126.0
2025-09-02,COL,SFG,4.0,7.0,10.5,186.0,-231.0
2025-09-02,DET,NYM,5.0,12.0,9.0,107.0,-131.0
2025-09-02,HOU,NYY,1.0,7.0,8.0,103.0,-126.0
2025-09-02,KCR,ANA,1.0,5.0,9.0,-170.0,138.0
2025-09-02,MIN,CHW,3.0,12.0,9.5,-149.0,122.0
2025-09-02,PIT,LAD,9.0,7.0,8.5,147.0,-175.0
2025-09-02,SDP,BAL,2.0,6.0,8.5,-180.0,151.0
2025-09-02,STL,OAK,2.0,1.0,8.5,-111.0,-109.0
2025-09-02,TBD,SEA,6.0,5.0,7.5,-101.0,-120.0
2025-09-02,WSN,FLA,5.0,2.0,9.0,-131.0,107.0
2025-09-03,ARI,TEX,2.0,0.0,9.0,-126.0,104.0
2025-09-03,BOS,CLE,1.0,8.0,8.5,-150.0,123.0
2025-09-03,CHC,ATL,1.0,5.0,8.0,-154.0,127.0
2025-09-03,CIN,TOR,9.0,13.0,9.0,125.0,-152.0
2025-09-03,COL,SFG,8.0,10.0,11.5,154.0,-194.0
2025-09-03,DET,NYM,6.0,2.0,9.0,-105.0,-116.0
2025-09-03,HOU,NYY,8.0,7.0,9.0,121.0,-147.0
2025-09-03,KCR,ANA,3.0,4.0,9.0,-164.0,135.0
2025-09-03,MIL,PHI,6.0,3.0,9.0,-106.0,-114.0
2025-09-03,MIN,CHW,3.0,4.0,8.5,-178.0,145.0
2025-09-03,PIT,LAD,3.0,0.0,8.0,134.0,-168.0
2025-09-03,SDP,BAL,5.0,7.0,8.5,-192.0,152.0
2025-09-03,STL,OAK,5.0,1.0,8.5,-113.0,-107.0
2025-09-03,TBD,SEA,9.0,4.0,8.5,105.0,-127.0
2025-09-03,WSN,FLA,10.0,5.0,9.0,122.0,-149.0
2025-09-04,HOU,NYY,4.0,8.0,9.0,118.0,-143.0
2025-09-04,KCR,ANA,4.0,3.0,9.0,-156.0,128.0
2025-09-04,MIL,PHI,0.0,2.0,8.0,-115.0,-105.0
2025-09-04,MIN,CHW,8.0,11.0,8.5,-155.0,127.0
2025-09-04,PIT,LAD,5.0,3.0,7.0,-105.0,-116.0
2025-09-04,TBD,CLE,4.0,2.0,8.5,-175.0,133.0
2025-09-05,ANA,OAK,4.0,10.0,9.0,-156.0,128.0
2025-09-05,ARI,BOS,10.0,5.0,9.0,109.0,-136.0
2025-09-05,ATL,SEA,4.0,1.0,7.5,-133.0,109.0
2025-09-05,BAL,LAD,2.0,1.0,9.0,138.0,-166.0
2025-09-05,CHC,WSN,11.0,5.0,10.5,-207.0,168.0
2025-09-05,CIN,NYM,4.0,5.0,9.5,-105.0,-115.0
2025-09-05,COL,SDP,3.0,0.0,10.5,178.0,-220.0
2025-09-05,DET,CHW,5.0,7.0,8.5,-194.0,162.0
2025-09-05,KCR,MIN,2.0,1.0,8.0,-127.0,105.0
2025-09-05,FLA,PHI,3.0,9.0,8.0,183.0,-233.0
2025-09-05,NYY,TOR,1.0,7.0,9.0,-126.0,104.0
2025-09-05,PIT,MIL,2.0,5.0,8.5,114.0,-138.0
2025-09-05,STL,SFG,2.0,8.0,8.5,-133.0,101.0
2025-09-05,TBD,CLE,1.0,7.0,7.5,-154.0,128.0
2025-09-05,TEX,HOU,4.0,3.0,8.0,-125.0,103.0
2025-09-06,ANA,OAK,4.0,17.0,9.0,-123.0,102.0
2025-09-06,ARI,BOS,5.0,1.0,9.0,101.0,-123.0
2025-09-06,ATL,SEA,2.0,10.0,8.5,-155.0,119.0
2025-09-06,BAL,LAD,4.0,3.0,7.5,114.0,-138.0
2025-09-06,CHC,WSN,1.0,2.0,9.0,-268.0,216.0
2025-09-06,CIN,NYM,6.0,3.0,9.0,113.0,-138.0
2025-09-06,COL,SDP,8.0,10.0,11.0,153.0,-192.0
2025-09-06,DET,CHW,6.0,0.0,7.0,-308.0,246.0
2025-09-06,KCR,MIN,11.0,2.0,8.0,107.0,-131.0
2025-09-06,FLA,PHI,2.0,4.0,8.0,133.0,-158.0
2025-09-06,NYY,TOR,3.0,1.0,10.0,-143.0,118.0
2025-09-06,PIT,MIL,1.0,4.0,7.5,127.0,-155.0
2025-09-06,STL,SFG,3.0,2.0,8.5,102.0,-124.0
2025-09-06,TBD,CLE,2.0,3.0,8.5,-144.0,118.0
2025-09-06,TEX,HOU,0.0,11.0,7.0,-115.0,-106.0
2025-09-07,ANA,OAK,4.0,3.0,9.5,-106.0,-115.0
2025-09-07,ARI,BOS,4.0,7.0,8.5,-112.0,-108.0
2025-09-07,ATL,SEA,2.0,18.0,9.5,-103.0,-117.0
2025-09-07,BAL,LAD,2.0,5.0,8.5,130.0,-164.0
2025-09-07,CHC,WSN,3.0,6.0,7.5,-200.0,162.0
2025-09-07,CIN,NYM,3.0,2.0,8.5,-123.0,-101.0
2025-09-07,COL,SDP,1.0,8.0,11.0,215.0,-271.0
2025-09-07,DET,CHW,4.0,6.0,9.0,-191.0,155.0
2025-09-07,KCR,MIN,1.0,5.0,8.5,-122.0,101.0
2025-09-07,FLA,PHI,5.0,4.0,9.0,123.0,-150.0
2025-09-07,NYY,TOR,4.0,3.0,8.0,-187.0,152.0
2025-09-07,PIT,MIL,2.0,10.0,7.5,112.0,-136.0
2025-09-07,STL,SFG,4.0,3.0,8.0,-138.0,114.0
2025-09-07,TBD,CLE,1.0,2.0,8.5,-169.0,138.0
2025-09-07,TEX,HOU,4.0,2.0,8.5,117.0,-142.0
2025-09-08,ANA,MIN,3.0,12.0,9.5,-120.0,-101.0
2025-09-08,OAK,BOS,0.0,7.0,9.0,142.0,-172.0
2025-09-08,ATL,CHC,4.0,1.0,8.5,-103.0,-120.0
2025-09-08,CLE,KCR,10.0,2.0,7.5,-115.0,-106.0
2025-09-08,LAD,COL,3.0,1.0,9.0,-376.0,288.0
2025-09-08,FLA,WSN,7.0,15.0,8.5,-138.0,113.0
2025-09-08,PHI,NYM,1.0,0.0,8.5,104.0,-126.0
2025-09-08,SDP,CIN,4.0,3.0,7.5,-143.0,118.0
2025-09-08,SEA,STL,4.0,2.0,7.5,-245.0,196.0
2025-09-08,SFG,ARI,11.0,5.0,7.5,-187.0,156.0
2025-09-08,TEX,MIL,5.0,0.0,8.5,104.0,-126.0
2025-09-09,ANA,MIN,12.0,2.0,9.0,-105.0,-116.0
2025-09-09,OAK,BOS,0.0,6.0,10.0,-119.0,-102.0
2025-09-09,ATL,CHC,1.0,6.0,8.5,-111.0,-110.0
2025-09-09,BAL,PIT,3.0,2.0,7.5,-155.0,127.0
2025-09-09,CHW,TBD,4.0,5.0,8.0,113.0,-138.0
2025-09-09,CLE,KCR,2.0,0.0,7.5,-109.0,-112.0
2025-09-09,LAD,COL,7.0,2.0,9.0,-348.0,269.0
2025-09-09,FLA,WSN,5.0,7.0,9.0,-126.0,104.0
2025-09-09,NYY,DET,2.0,12.0,8.5,-164.0,133.0
2025-09-09,PHI,NYM,9.0,3.0,8.0,-137.0,113.0
2025-09-09,SDP,CIN,2.0,4.0,7.5,-195.0,153.0
2025-09-09,SEA,STL,5.0,3.0,7.5,-194.0,156.0
2025-09-09,SFG,ARI,5.0,3.0,7.5,-150.0,123.0
2025-09-09,TEX,MIL,5.0,4.0,8.5,-108.0,-113.0
2025-09-09,TOR,HOU,4.0,3.0,8.0,-157.0,129.0
2025-09-10,ANA,MIN,4.0,3.0,9.0,-117.0,-104.0
2025-09-10,OAK,BOS,5.0,4.0,10.5,-108.0,-115.0
2025-09-10,ATL,CHC,2.0,3.0,8.0,-174.0,138.0
2025-09-10,BAL,PIT,2.0,1.0,7.0,128.0,-156.0
2025-09-10,CHW,TBD,6.0,5.0,8.0,109.0,-133.0
2025-09-10,CLE,KCR,3.0,4.0,8.0,-110.0,-110.0
2025-09-10,LAD,COL,9.0,0.0,8.5,-351.0,282.0
2025-09-10,FLA,WSN,8.0,3.0,8.5,-162.0,133.0
2025-09-10,NYY,DET,1.0,11.0,8.0,-172.0,141.0
2025-09-10,PHI,NYM,11.0,3.0,7.5,-158.0,133.0
2025-09-10,SDP,CIN,1.0,2.0,7.5,-154.0,127.0
2025-09-10,SEA,STL,4.0,2.0,7.5,-233.0,182.0
2025-09-10,SFG,ARI,3.0,5.0,9.0,-131.0,107.0
2025-09-10,TEX,MIL,6.0,3.0,7.0,104.0,-125.0
2025-09-10,TOR,HOU,2.0,3.0,8.5,-156.0,128.0
2025-09-11,BAL,PIT,3.0,2.0,8.0,-122.0,103.0
2025-09-11,CHW,TBD,5.0,1.0,8.0,107.0,-131.0
2025-09-11,CLE,KCR,3.0,2.0,7.5,-149.0,122.0
2025-09-11,FLA,WSN,5.0,0.0,8.0,-127.0,104.0
2025-09-11,NYY,DET,9.0,3.0,8.5,-171.0,140.0
2025-09-11,PHI,NYM,6.0,4.0,8.0,-119.0,-102.0
2025-09-11,SDP,COL,2.0,0.0,8.5,-261.0,216.0
2025-09-11,SEA,ANA,7.0,6.0,7.5,-165.0,134.0
2025-09-11,TOR,HOU,6.0,0.0,8.5,-163.0,134.0
2025-09-12,OAK,CIN,3.0,0.0,10.5,-122.0,101.0
2025-09-12,ATL,HOU,3.0,11.0,8.5,-142.0,109.0
2025-09-12,BOS,NYY,1.0,4.0,8.5,-104.0,-116.0
2025-09-12,CHC,TBD,6.0,4.0,7.0,-169.0,134.0
2025-09-12,CLE,CHW,4.0,0.0,7.5,-150.0,123.0
2025-09-12,FLA,DET,8.0,2.0,6.5,151.0,-199.0
2025-09-12,MIL,STL,8.0,2.0,7.5,-230.0,172.0
2025-09-12,MIN,ARI,9.0,8.0,8.5,-142.0,109.0
2025-09-12,NYM,TEX,3.0,8.0,7.5,-116.0,-103.0
2025-09-12,PHI,KCR,8.0,2.0,9.0,-143.0,118.0
2025-09-12,SDP,COL,2.0,4.0,8.5,-284.0,217.0
2025-09-12,SEA,ANA,2.0,1.0,7.5,-188.0,153.0
2025-09-12,SFG,LAD,5.0,1.0,7.5,123.0,-149.0
2025-09-12,TOR,BAL,6.0,1.0,7.5,-137.0,113.0
2025-09-12,WSN,PIT,6.0,5.0,8.5,-107.0,-113.0
2025-09-13,OAK,CIN,11.0,5.0,9.0,-101.0,-121.0
2025-09-13,ATL,HOU,2.0,6.0,8.5,118.0,-143.0
2025-09-13,BOS,NYY,3.0,5.0,9.0,128.0,-154.0
2025-09-13,CHC,TBD,4.0,5.0,8.0,-106.0,-115.0
2025-09-13,CLE,CHW,3.0,1.0,7.5,-175.0,148.0
2025-09-13,FLA,DET,6.0,4.0,8.5,109.0,-133.0
2025-09-13,MIL,STL,9.0,8.0,8.0,-186.0,151.0
2025-09-13,MIN,ARI,2.0,5.0,8.5,-137.0,113.0
2025-09-13,NYM,TEX,2.0,3.0,9.0,-164.0,134.0
2025-09-13,PHI,KCR,8.0,6.0,9.5,-155.0,127.0
2025-09-13,SDP,COL,11.0,3.0,8.0,-354.0,274.0
2025-09-13,SEA,ANA,5.0,3.0,7.5,-257.0,206.0
2025-09-13,SFG,LAD,7.0,13.0,7.5,-121.0,100.0
2025-09-13,TOR,BAL,5.0,4.0,8.5,-180.0,147.0
2025-09-13,WSN,PIT,1.0,5.0,9.0,-105.0,-116.0
2025-09-14,OAK,CIN,7.0,4.0,9.5,-108.0,-112.0
2025-09-14,ATL,HOU,8.0,3.0,9.0,112.0,-138.0
2025-09-14,BOS,NYY,6.0,4.0,8.0,-157.0,128.0
2025-09-14,CHC,TBD,4.0,3.0,7.0,-172.0,138.0
2025-09-14,CLE,CHW,3.0,2.0,8.0,-163.0,129.0
2025-09-14,FLA,DET,0.0,2.0,9.0,110.0,-134.0
2025-09-14,MIL,STL,2.0,3.0,8.5,-197.0,158.0
2025-09-14,MIN,ARI,4.0,6.0,9.5,-125.0,103.0
2025-09-14,NYM,TEX,5.0,2.0,8.0,-172.0,145.0
2025-09-14,PHI,KCR,3.0,10.0,8.5,-158.0,129.0
2025-09-14,SDP,COL,9.0,6.0,8.5,-314.0,246.0
2025-09-14,SEA,ANA,11.0,2.0,7.5,-224.0,182.0
2025-09-14,SFG,LAD,2.0,10.0,7.5,112.0,-136.0
2025-09-14,TOR,BAL,11.0,2.0,8.0,-205.0,172.0
2025-09-14,WSN,PIT,4.0,3.0,8.5,100.0,-121.0
2025-09-15,ARI,SFG,8.0,1.0,9.0,-132.0,108.0
2025-09-15,CHW,BAL,1.0,4.0,8.0,114.0,-138.0
2025-09-15,HOU,TEX,6.0,3.0,8.5,-132.0,108.0
2025-09-15,LAD,PHI,5.0,6.0,8.5,-120.0,-102.0
2025-09-15,MIN,NYY,7.0,0.0,9.0,162.0,-200.0
2025-09-15,PIT,CHC,0.0,4.0,8.0,-102.0,-119.0
2025-09-15,STL,CIN,6.0,11.0,8.5,-113.0,-108.0
2025-09-15,TBD,TOR,1.0,2.0,8.0,104.0,-126.0
2025-09-15,WSN,ATL,3.0,11.0,9.0,134.0,-168.0
2025-09-16,ARI,SFG,6.0,5.0,9.5,-138.0,113.0
2025-09-16,BOS,OAK,1.0,2.0,8.5,-158.0,129.0
2025-09-16,CHW,BAL,7.0,8.0,8.0,-109.0,-111.0
2025-09-16,COL,FLA,5.0,6.0,10.0,123.0,-150.0
2025-09-16,DET,CLE,5.0,7.0,8.0,-149.0,122.0
2025-09-16,HOU,TEX,6.0,5.0,7.5,-103.0,-121.0
2025-09-16,KCR,SEA,5.0,12.0,8.5,117.0,-142.0
2025-09-16,LAD,PHI,6.0,9.0,7.5,-135.0,111.0
2025-09-16,MIL,ANA,9.0,2.0,8.5,-280.0,222.0
2025-09-16,MIN,NYY,9.0,10.0,9.5,132.0,-173.0
2025-09-16,NYM,SDP,8.0,3.0,8.0,-126.0,103.0
2025-09-16,PIT,CHC,1.0,4.0,6.5,-131.0,108.0
2025-09-16,STL,CIN,3.0,0.0,8.0,101.0,-122.0
2025-09-16,TBD,TOR,5.0,6.0,8.0,-111.0,-110.0
2025-09-16,WSN,ATL,3.0,6.0,9.0,124.0,-155.0
2025-09-16,WSN,ATL,0.0,5.0,7.0,152.0,-192.0
2025-09-17,ARI,SFG,1.0,5.0,9.0,-120.0,-103.0
2025-09-17,BOS,OAK,5.0,4.0,9.0,-168.0,138.0
2025-09-17,CHW,BAL,1.0,3.0,8.5,101.0,-123.0
2025-09-17,COL,FLA,4.0,8.0,10.5,128.0,-156.0
2025-09-17,DET,CLE,0.0,4.0,8.0,-150.0,123.0
2025-09-17,HOU,TEX,5.0,2.0,7.5,122.0,-149.0
2025-09-17,KCR,SEA,7.0,5.0,8.5,-131.0,107.0
2025-09-17,LAD,PHI,5.0,0.0,7.5,-156.0,128.0
2025-09-17,MIL,ANA,9.0,2.0,7.5,-259.0,201.0
2025-09-17,MIN,NYY,5.0,10.0,9.5,134.0,-164.0
2025-09-17,NYM,SDP,4.0,7.0,7.0,-132.0,109.0
2025-09-17,PIT,CHC,4.0,8.0,7.5,122.0,-149.0
2025-09-17,STL,CIN,2.0,6.0,8.5,103.0,-125.0
2025-09-17,TBD,TOR,2.0,1.0,7.5,108.0,-132.0
2025-09-17,WSN,ATL,4.0,9.0,8.5,127.0,-155.0
2025-09-18,BAL,NYY,0.0,7.0,8.5,168.0,-207.0
2025-09-18,BOS,OAK,3.0,5.0,9.0,-150.0,123.0
2025-09-18,CIN,CHC,1.0,0.0,8.5,-149.0,122.0
2025-09-18,COL,FLA,7.0,9.0,10.0,144.0,-176.0
2025-09-18,DET,CLE,1.0,3.0,7.0,-239.0,196.0
2025-09-18,KCR,SEA,0.0,2.0,9.0,-102.0,-119.0
2025-09-18,LAD,SFG,2.0,1.0,7.5,-175.0,143.0
2025-09-18,MIL,ANA,5.0,2.0,8.0,-248.0,207.0
2025-09-18,NYM,SDP,6.0,1.0,9.0,-144.0,119.0
2025-09-18,TBD,TOR,4.0,0.0,7.5,105.0,-127.0
2025-09-19,ARI,PHI,2.0,8.0,9.5,-131.0,107.0
2025-09-19,BAL,NYY,4.0,2.0,9.0,-110.0,-113.0
2025-09-19,CHW,SDP,4.0,3.0,8.0,156.0,-194.0
2025-09-19,CIN,CHC,7.0,4.0,8.0,-110.0,-112.0
2025-09-19,COL,ANA,7.0,6.0,12.0,108.0,-131.0
2025-09-19,DET,ATL,1.0,10.0,9.0,-123.0,102.0
2025-09-19,HOU,SEA,0.0,4.0,7.5,-113.0,-107.0
2025-09-19,KCR,TOR,20.0,1.0,8.5,111.0,-142.0
2025-09-19,LAD,SFG,6.0,3.0,9.0,-197.0,160.0
2025-09-19,MIN,CLE,2.0,6.0,7.5,-111.0,-115.0
2025-09-19,NYM,WSN,12.0,6.0,9.0,-238.0,191.0
2025-09-19,PIT,OAK,3.0,4.0,8.5,-109.0,-112.0
2025-09-19,STL,MIL,7.0,1.0,7.5,103.0,-126.0
2025-09-19,TBD,BOS,7.0,11.0,6.5,118.0,-144.0
2025-09-19,TEX,FLA,4.0,6.0,8.0,-151.0,122.0
2025-09-20,ARI,PHI,4.0,3.0,9.0,-112.0,-108.0
2025-09-20,BAL,NYY,1.0,6.0,9.0,160.0,-199.0
2025-09-20,CHW,SDP,3.0,7.0,8.0,151.0,-192.0
2025-09-20,CIN,CHC,6.0,3.0,9.0,-114.0,-105.0
2025-09-20,COL,ANA,0.0,3.0,11.5,109.0,-129.0
2025-09-20,DET,ATL,5.0,6.0,9.0,-124.0,104.0
2025-09-20,HOU,SEA,4.0,6.0,7.5,-108.0,-111.0
2025-09-20,KCR,TOR,2.0,1.0,8.0,108.0,-132.0
2025-09-20,LAD,SFG,7.0,5.0,9.0,-241.0,201.0
2025-09-20,MIN,CLE,0.0,6.0,8.0,-127.0,104.0
2025-09-20,MIN,CLE,0.0,8.0,8.5,-103.0,-117.0
2025-09-20,NYM,WSN,3.0,5.0,8.5,-303.0,238.0
2025-09-20,PIT,OAK,2.0,0.0,8.5,-107.0,-113.0
2025-09-20,STL,MIL,2.0,3.0,8.5,122.0,-149.0
2025-09-20,TBD,BOS,3.0,6.0,8.0,-115.0,-106.0
2025-09-20,TEX,FLA,3.0,4.0,8.5,-152.0,127.0
2025-09-21,ARI,PHI,9.0,2.0,8.5,105.0,-137.0
2025-09-21,BAL,NYY,1.0,7.0,8.5,109.0,-133.0
2025-09-21,CHW,SDP,2.0,3.0,8.0,149.0,-182.0
2025-09-21,CIN,CHC,1.0,0.0,9.0,-128.0,105.0
2025-09-21,COL,ANA,3.0,1.0,11.0,-113.0,-107.0
2025-09-21,DET,ATL,2.0,6.0,8.5,-120.0,-102.0
2025-09-21,HOU,SEA,3.0,7.0,8.5,122.0,-149.0
2025-09-21,KCR,TOR,5.0,8.0,8.5,104.0,-126.0
2025-09-21,LAD,SFG,1.0,3.0,9.5,-237.0,178.0
2025-09-21,MIN,CLE,6.0,2.0,8.5,118.0,-144.0
2025-09-21,NYM,WSN,2.0,3.0,8.5,-297.0,239.0
2025-09-21,PIT,OAK,11.0,0.0,8.5,-121.0,100.0
2025-09-21,STL,MIL,5.0,1.0,8.5,114.0,-138.0
2025-09-21,TBD,BOS,7.0,3.0,7.5,107.0,-131.0
2025-09-21,TEX,FLA,2.0,4.0,7.5,-132.0,109.0
2025-09-22,ATL,WSN,11.0,5.0,7.0,-281.0,229.0
2025-09-22,SDP,MIL,5.0,4.0,7.0,-122.0,100.0
2025-09-22,SFG,STL,5.0,6.0,8.0,-140.0,115.0
2025-09-23,ANA,KCR,4.0,8.0,9.0,138.0,-169.0
2025-09-23,ARI,LAD,5.0,4.0,9.0,135.0,-163.0
2025-09-23,OAK,HOU,5.0,1.0,10.0,-117.0,-103.0
2025-09-23,ATL,WSN,3.0,2.0,9.0,-199.0,166.0
2025-09-23,BAL,TBD,6.0,0.0,8.5,-115.0,-106.0
2025-09-23,CHC,NYM,7.0,9.0,7.0,-113.0,-111.0
2025-09-23,CIN,PIT,2.0,4.0,8.0,-175.0,146.0
2025-09-23,CLE,DET,5.0,2.0,6.5,137.0,-168.0
2025-09-23,NYY,CHW,3.0,2.0,9.0,-239.0,196.0
2025-09-23,PHI,FLA,5.0,6.0,7.5,-207.0,168.0
2025-09-23,SDP,MIL,7.0,0.0,8.0,-104.0,-117.0
2025-09-23,SEA,COL,4.0,3.0,8.0,-309.0,246.0
2025-09-23,SFG,STL,8.0,9.0,7.5,-205.0,167.0
2025-09-23,TEX,MIN,1.0,4.0,8.0,-148.0,119.0
2025-09-23,TOR,BOS,1.0,4.0,7.5,-158.0,130.0
2025-09-24,ANA,KCR,3.0,2.0,8.5,-103.0,-118.0
2025-09-24,ARI,LAD,4.0,5.0,8.5,118.0,-144.0
2025-09-24,OAK,HOU,6.0,0.0,9.0,112.0,-136.0
2025-09-24,ATL,WSN,3.0,4.0,9.0,-194.0,158.0
2025-09-24,BAL,TBD,2.0,6.0,8.0,-121.0,100.0
2025-09-24,CHC,NYM,10.0,3.0,7.0,-120.0,-101.0
2025-09-24,CIN,PIT,3.0,4.0,7.0,-132.0,108.0
2025-09-24,CLE,DET,5.0,1.0,8.0,-144.0,119.0
2025-09-24,NYY,CHW,8.0,1.0,8.0,-394.0,300.0
2025-09-24,PHI,FLA,11.0,1.0,7.5,-164.0,137.0
2025-09-24,SDP,MIL,1.0,3.0,7.5,-143.0,118.0
2025-09-24,SEA,COL,9.0,2.0,7.5,-308.0,249.0
2025-09-24,SFG,STL,4.0,3.0,8.0,-106.0,-115.0
2025-09-24,TEX,MIN,4.0,2.0,7.0,-181.0,148.0
2025-09-24,TOR,BOS,1.0,7.0,7.5,105.0,-128.0
2025-09-25,ANA,KCR,4.0,9.0,9.0,109.0,-135.0
2025-09-25,ARI,LAD,0.0,8.0,8.5,133.0,-168.0
2025-09-25,OAK,HOU,5.0,11.0,9.5,-101.0,-120.0
2025-09-25,BAL,TBD,6.0,5.0,8.0,-103.0,-118.0
2025-09-25,CHC,NYM,5.0,8.0,7.5,-103.0,-118.0
2025-09-25,CIN,PIT,2.0,1.0,7.5,-171.0,140.0
2025-09-25,CLE,DET,2.0,4.0,7.5,-168.0,134.0
2025-09-25,NYY,CHW,5.0,3.0,9.0,-313.0,257.0
2025-09-25,PHI,FLA,1.0,0.0,9.5,-164.0,131.0
2025-09-25,SEA,COL,6.0,2.0,7.5,-330.0,257.0
2025-09-25,TEX,MIN,0.0,4.0,8.0,-154.0,127.0
2025-09-25,TOR,BOS,6.0,1.0,8.0,-142.0,117.0
2025-09-26,ANA,HOU,4.0,3.0,9.0,109.0,-133.0
2025-09-26,OAK,KCR,4.0,3.0,10.5,104.0,-125.0
2025-09-26,ATL,PIT,3.0,9.0,8.5,-167.0,129.0
2025-09-26,BOS,DET,4.0,3.0,9.0,-121.0,102.0
2025-09-26,CHC,STL,12.0,1.0,9.0,-181.0,148.0
2025-09-26,CLE,TEX,3.0,7.0,7.5,-163.0,133.0
2025-09-26,FLA,NYM,6.0,2.0,8.5,118.0,-143.0
2025-09-26,MIL,CIN,1.0,3.0,8.0,-170.0,138.0
2025-09-26,NYY,BAL,8.0,4.0,8.5,-149.0,122.0
2025-09-26,PHI,MIN,3.0,1.0,8.5,-151.0,124.0
2025-09-26,SDP,ARI,7.0,4.0,8.0,-133.0,110.0
2025-09-26,SEA,LAD,2.0,3.0,7.0,-155.0,125.0
2025-09-26,SFG,COL,6.0,3.0,8.5,-252.0,200.0
2025-09-26,TOR,TBD,4.0,2.0,8.0,-182.0,149.0
2025-09-26,WSN,CHW,9.0,10.0,9.0,-132.0,108.0
2025-09-27,ANA,HOU,1.0,6.0,9.0,119.0,-144.0
2025-09-27,OAK,KCR,2.0,4.0,10.0,-123.0,101.0
2025-09-27,ATL,PIT,1.0,3.0,8.5,-181.0,144.0
2025-09-27,BOS,DET,1.0,2.0,8.5,-120.0,100.0
2025-09-27,CHC,STL,7.0,3.0,9.5,-176.0,147.0
2025-09-27,CLE,TEX,3.0,2.0,7.0,-150.0,123.0
2025-09-27,FLA,NYM,0.0,5.0,8.0,118.0,-142.0
2025-09-27,MIL,CIN,4.0,7.0,8.0,-126.0,104.0
2025-09-27,NYY,BAL,6.0,1.0,9.0,-233.0,193.0
2025-09-27,PHI,MIN,0.0,5.0,8.5,-247.0,198.0
2025-09-27,SDP,ARI,5.0,1.0,7.5,-164.0,137.0
2025-09-27,SEA,LAD,3.0,5.0,7.0,-136.0,112.0
2025-09-27,SFG,COL,4.0,3.0,8.0,-241.0,197.0
2025-09-27,TOR,TBD,5.0,1.0,8.5,-174.0,142.0
2025-09-27,WSN,CHW,6.0,5.0,8.5,-113.0,-107.0
2025-09-28,ANA,HOU,2.0,6.0,9.5,104.0,-126.0
2025-09-28,OAK,KCR,2.0,9.0,9.5,118.0,-144.0
2025-09-28,ATL,PIT,4.0,1.0,7.5,-208.0,168.0
2025-09-28,BOS,DET,4.0,3.0,9.0,108.0,-132.0
2025-09-28,CHC,STL,2.0,0.0,7.5,-137.0,113.0
2025-09-28,CLE,TEX,9.0,8.0,7.5,-146.0,118.0
2025-09-28,FLA,NYM,4.0,0.0,8.0,107.0,-131.0
2025-09-28,MIL,CIN,4.0,2.0,7.5,-139.0,114.0
2025-09-28,NYY,BAL,3.0,2.0,9.0,-185.0,148.0
2025-09-28,PHI,MIN,2.0,1.0,8.5,-220.0,178.0
2025-09-28,SDP,ARI,12.0,4.0,8.0,-120.0,101.0
2025-09-28,SEA,LAD,1.0,6.0,8.0,-119.0,-102.0
2025-09-28,SFG,COL,4.0,0.0,7.5,-301.0,243.0
2025-09-28,TOR,TBD,13.0,4.0,7.5,-205.0,162.0
2025-09-28,WSN,CHW,0.0,8.0,8.0,-115.0,-105.0
2025-09-30,CHC,SDP,3.0,1.0,6.5,-136.0,112.0
2025-09-30,CLE,DET,1.0,2.0,6.0,141.0,-172.0
2025-09-30,LAD,CIN,10.0,5.0,7.0,-206.0,167.0
2025-09-30,NYY,BOS,1.0,3.0,6.5,-137.0,113.0
2025-09-30,CHC,SDP,0.0,3.0,6.5,-110.0,-111.0
2025-09-30,CLE,DET,6.0,1.0,7.0,-132.0,108.0
2025-09-30,LAD,CIN,8.0,4.0,7.5,-273.0,217.0
2025-09-30,NYY,BOS,4.0,3.0,7.5,-206.0,167.0
2025-10-01,CLE,DET,6.0,1.0,6.5,-132.0,108.0
2025-10-01,CHC,SDP,0.0,3.0,6.5,-119.0,-102.0
2025-10-01,NYY,BOS,4.0,3.0,7.5,-181.0,151.0
2025-10-01,LAD,CIN,8.0,4.0,8.0,-281.0,223.0
2025-10-02,CHC,SDP,3.0,1.0,7.5,-118.0,-105.0
2025-10-02,CLE,DET,3.0,6.0,7.0,-136.0,109.0
2025-10-02,NYY,BOS,4.0,0.0,7.5,-150.0,123.0
2025-10-04,MIL,CHC,,,7.5,-145,119
2025-10-04,TOR,NYY,,,8.5,-121,101
2025-10-04,PHI,LAD,,,7,-115,-105
2025-10-04,SEA,DET,,,7,-207,162
2025-10-05,TOR,NYY,,,,,
2025-10-05,SEA,DET,,,,,
2025-10-06,PHI,LAD,,,,,
2025-10-06,MIL,CHC,,,,,
2025-10-07,DET,SEA,,,,,
2025-10-07,NYY,TOR,,,,,
2025-10-08,DET,SEA,,,,,
2025-10-08,CHC,MIL,,,,,
2025-10-08,NYY,TOR,,,,,
2025-10-08,LAD,PHI,,,,,
2025-10-09,LAD,PHI,,,,,
2025-10-09,CHC,MIL,,,,,
2025-10-10,SEA,DET,,,,,
2025-10-10,TOR,NYY,,,,,
2025-10-11,MIL,CHC,,,,,
2025-10-11,PHI,LAD,,,,,
