Date,Home,Away,Home_Score,Away_Score,OU_Line,Home_ML,Away_ML
2023-03-30,BOS,BAL,9.0,10.0,8.5,-125.0,105.0
2023-03-30,CHC,MIL,4.0,0.0,6.5,120.0,-130.0
2023-03-30,CIN,PIT,4.0,5.0,8.0,-135.0,125.0
2023-03-30,HOU,CHW,2.0,3.0,7.5,-139.0,129.0
2023-03-30,KCR,MIN,0.0,2.0,9.0,139.0,-154.0
2023-03-30,LAD,ARI,8.0,2.0,7.0,-165.0,145.0
2023-03-30,FLA,NYM,3.0,5.0,7.0,113.0,-135.0
2023-03-30,NYY,SFG,5.0,0.0,6.5,-170.0,155.0
2023-03-30,OAK,ANA,2.0,1.0,7.0,175.0,-205.0
2023-03-30,SDP,COL,2.0,7.0,7.0,-220.0,180.0
2023-03-30,SEA,CLE,3.0,0.0,6.5,-120.0,100.0
2023-03-30,STL,TOR,9.0,10.0,7.5,-110.0,-110.0
2023-03-30,TBD,DET,4.0,0.0,6.5,-240.0,195.0
2023-03-30,TEX,PHI,11.0,7.0,6.5,-140.0,125.0
2023-03-30,WSN,ATL,2.0,7.0,7.5,210.0,-260.0
2023-03-31,HOU,CHW,6.0,3.0,8.0,-158.0,143.0
2023-03-31,LAD,ARI,1.0,2.0,7.5,-190.0,170.0
2023-03-31,FLA,NYM,2.0,1.0,8.0,-105.0,-105.0
2023-03-31,SDP,COL,1.0,4.0,8.0,-200.0,170.0
2023-03-31,SEA,CLE,4.0,9.0,7.5,-167.0,140.0
2023-04-01,BOS,BAL,9.0,8.0,9.5,-155.0,130.0
2023-04-01,CHC,MIL,1.0,3.0,6.5,100.0,-120.0
2023-04-01,CIN,PIT,6.0,2.0,8.5,-150.0,135.0
2023-04-01,HOU,CHW,6.0,4.0,8.5,-134.0,124.0
2023-04-01,KCR,MIN,0.0,2.0,8.0,140.0,-165.0
2023-04-01,LAD,ARI,10.0,1.0,8.0,-270.0,220.0
2023-04-01,FLA,NYM,2.0,6.0,8.5,-105.0,-105.0
2023-04-01,NYY,SFG,5.0,7.0,8.5,-136.0,126.0
2023-04-01,OAK,ANA,1.0,13.0,7.5,141.0,-170.0
2023-04-01,SDP,COL,8.0,4.0,8.0,-240.0,210.0
2023-04-01,SEA,CLE,0.0,2.0,7.0,-133.0,123.0
2023-04-01,STL,TOR,4.0,1.0,8.0,117.0,-127.0
2023-04-01,TBD,DET,12.0,2.0,7.0,-182.0,155.0
2023-04-01,TEX,PHI,16.0,3.0,7.5,105.0,-125.0
2023-04-01,WSN,ATL,1.0,7.0,9.0,205.0,-250.0
2023-04-02,BOS,BAL,9.0,5.0,9.0,-141.0,120.0
2023-04-02,CHC,MIL,5.0,9.0,9.0,-125.0,115.0
2023-04-02,CIN,PIT,3.0,1.0,9.0,-128.0,118.0
2023-04-02,HOU,CHW,3.0,6.0,8.0,-145.0,122.0
2023-04-02,KCR,MIN,4.0,7.0,9.0,122.0,-145.0
2023-04-02,LAD,ARI,1.0,2.0,8.5,-185.0,165.0
2023-04-02,FLA,NYM,1.0,5.0,7.5,105.0,-115.0
2023-04-02,NYY,SFG,6.0,0.0,8.0,-130.0,120.0
2023-04-02,OAK,ANA,0.0,6.0,7.5,135.0,-150.0
2023-04-02,SDP,COL,3.0,1.0,8.0,-205.0,185.0
2023-04-02,SEA,CLE,5.0,6.0,8.0,-115.0,105.0
2023-04-02,STL,TOR,9.0,4.0,7.5,-115.0,105.0
2023-04-02,TBD,DET,5.0,1.0,7.5,-278.0,230.0
2023-04-02,TEX,PHI,2.0,1.0,8.5,-125.0,105.0
2023-04-02,WSN,ATL,4.0,1.0,8.5,144.0,-175.0
2023-04-03,BOS,PIT,6.0,7.0,9.5,-150.0,135.0
2023-04-03,CHW,SFG,3.0,12.0,8.0,-134.0,124.0
2023-04-03,CIN,CHC,7.0,6.0,9.0,103.0,-113.0
2023-04-03,HOU,DET,6.0,7.0,8.0,-250.0,205.0
2023-04-03,KCR,TOR,9.0,5.0,8.0,120.0,-130.0
2023-04-03,LAD,COL,13.0,4.0,8.5,-225.0,185.0
2023-04-03,FLA,MIN,1.0,11.0,8.0,112.0,-122.0
2023-04-03,MIL,NYM,10.0,0.0,8.5,-110.0,100.0
2023-04-03,NYY,PHI,8.0,1.0,7.5,-175.0,144.0
2023-04-03,OAK,CLE,11.0,12.0,7.5,135.0,-150.0
2023-04-03,SDP,ARI,5.0,4.0,8.0,-135.0,125.0
2023-04-03,SEA,ANA,3.0,7.0,7.0,-132.0,122.0
2023-04-03,STL,ATL,4.0,8.0,8.5,108.0,-118.0
2023-04-03,TEX,BAL,0.0,2.0,8.5,-133.0,123.0
2023-04-03,WSN,TBD,2.0,6.0,8.0,160.0,-175.0
2023-04-04,BOS,PIT,1.0,4.0,9.0,-145.0,133.0
2023-04-04,CIN,CHC,5.0,12.0,9.0,115.0,-135.0
2023-04-04,HOU,DET,3.0,6.0,7.5,-280.0,240.0
2023-04-04,KCR,TOR,1.0,4.0,10.0,145.0,-175.0
2023-04-04,LAD,COL,5.0,2.0,7.5,-250.0,205.0
2023-04-04,FLA,MIN,1.0,0.0,7.0,-150.0,135.0
2023-04-04,MIL,NYM,9.0,0.0,8.0,135.0,-150.0
2023-04-04,NYY,PHI,1.0,4.0,8.5,-155.0,140.0
2023-04-04,OAK,CLE,4.0,3.0,7.0,165.0,-185.0
2023-04-04,SDP,ARI,6.0,8.0,7.0,-150.0,135.0
2023-04-04,SEA,ANA,11.0,2.0,7.5,-170.0,150.0
2023-04-04,STL,ATL,1.0,4.0,9.5,-132.0,122.0
2023-04-04,TEX,BAL,2.0,7.0,8.5,-145.0,122.0
2023-04-04,WSN,TBD,6.0,10.0,9.0,141.0,-170.0
2023-04-05,BOS,PIT,1.0,4.0,8.5,-155.0,130.0
2023-04-05,CHW,SFG,7.0,3.0,7.5,-135.0,115.0
2023-04-05,HOU,DET,8.0,2.0,7.5,-250.0,205.0
2023-04-05,KCR,TOR,0.0,3.0,8.5,160.0,-195.0
2023-04-05,FLA,MIN,5.0,2.0,7.0,105.0,-115.0
2023-04-05,MIL,NYM,7.0,6.0,8.0,-130.0,120.0
2023-04-05,NYY,PHI,4.0,2.0,6.5,-170.0,141.0
2023-04-05,OAK,CLE,4.0,6.0,8.0,115.0,-125.0
2023-04-05,SEA,ANA,3.0,4.0,7.0,155.0,-170.0
2023-04-05,STL,ATL,2.0,5.0,9.0,-120.0,110.0
2023-04-05,TEX,BAL,5.0,2.0,7.5,-213.0,168.0
2023-04-05,WSN,TBD,2.0,7.0,8.5,225.0,-275.0
2023-04-06,ARI,LAD,2.0,5.0,8.5,137.0,-163.0
2023-04-06,ATL,SDP,7.0,6.0,8.5,-160.0,134.0
2023-04-06,CHW,SFG,6.0,16.0,8.0,-115.0,105.0
2023-04-06,COL,WSN,1.0,0.0,11.0,-170.0,150.0
2023-04-06,DET,BOS,3.0,6.0,8.0,126.0,-136.0
2023-04-06,KCR,TOR,3.0,6.0,8.5,185.0,-225.0
2023-04-07,ANA,TOR,3.0,4.0,9.0,-145.0,125.0
2023-04-07,ARI,LAD,6.0,3.0,9.0,210.0,-250.0
2023-04-07,ATL,SDP,4.0,5.0,9.5,-110.0,-110.0
2023-04-07,BAL,NYY,7.0,6.0,8.5,110.0,-120.0
2023-04-07,CHC,TEX,2.0,0.0,6.5,-122.0,112.0
2023-04-07,CLE,SEA,3.0,5.0,7.5,-121.0,111.0
2023-04-07,COL,WSN,5.0,10.0,11.5,-115.0,-105.0
2023-04-07,MIL,STL,4.0,0.0,8.5,-150.0,135.0
2023-04-07,MIN,HOU,3.0,2.0,7.5,-126.0,116.0
2023-04-07,NYM,FLA,9.0,3.0,8.0,-170.0,150.0
2023-04-07,PHI,CIN,5.0,2.0,7.5,-185.0,165.0
2023-04-07,PIT,CHW,13.0,9.0,8.5,115.0,-125.0
2023-04-07,SFG,KCR,1.0,3.0,8.0,-215.0,175.0
2023-04-07,TBD,OAK,9.0,5.0,7.5,-275.0,225.0
2023-04-08,ANA,TOR,9.0,5.0,9.5,-130.0,120.0
2023-04-08,ARI,LAD,12.0,8.0,9.5,135.0,-161.0
2023-04-08,ATL,SDP,1.0,4.0,9.0,-152.0,137.0
2023-04-08,BAL,NYY,1.0,4.0,8.5,116.0,-126.0
2023-04-08,CHC,TEX,10.0,3.0,7.0,-125.0,105.0
2023-04-08,CLE,SEA,2.0,3.0,8.5,-134.0,124.0
2023-04-08,COL,WSN,6.0,7.0,11.0,-145.0,133.0
2023-04-08,DET,BOS,5.0,14.0,8.5,132.0,-143.0
2023-04-08,MIL,STL,0.0,6.0,9.0,145.0,-160.0
2023-04-08,MIN,HOU,9.0,6.0,7.5,-110.0,100.0
2023-04-08,NYM,FLA,5.0,2.0,7.5,-173.0,158.0
2023-04-08,PHI,CIN,3.0,2.0,8.0,-145.0,122.0
2023-04-08,PIT,CHW,5.0,11.0,8.5,105.0,-125.0
2023-04-08,SFG,KCR,5.0,6.0,8.5,-150.0,126.0
2023-04-08,TBD,OAK,11.0,0.0,7.5,-300.0,250.0
2023-04-09,ANA,TOR,11.0,12.0,10.0,-132.0,122.0
2023-04-09,ARI,LAD,11.0,6.0,9.5,115.0,-135.0
2023-04-09,ATL,SDP,2.0,10.0,9.0,-120.0,110.0
2023-04-09,BAL,NYY,3.0,5.0,7.5,122.0,-145.0
2023-04-09,CHC,TEX,2.0,8.0,8.5,-110.0,-110.0
2023-04-09,CLE,SEA,7.0,6.0,8.0,115.0,-125.0
2023-04-09,COL,WSN,7.0,6.0,12.0,-145.0,122.0
2023-04-09,DET,BOS,1.0,4.0,8.5,112.0,-122.0
2023-04-09,MIL,STL,6.0,1.0,9.0,-150.0,135.0
2023-04-09,MIN,HOU,1.0,5.0,8.0,100.0,-120.0
2023-04-09,NYM,FLA,2.0,7.0,8.0,-141.0,120.0
2023-04-09,PHI,CIN,4.0,6.0,8.5,-205.0,175.0
2023-04-09,PIT,CHW,1.0,0.0,9.0,-135.0,115.0
2023-04-09,SFG,KCR,3.0,1.0,8.5,-160.0,135.0
2023-04-09,TBD,OAK,11.0,0.0,8.0,-310.0,250.0
2023-04-10,ANA,WSN,4.0,6.0,10.0,-280.0,240.0
2023-04-10,ARI,MIL,3.0,0.0,9.0,-145.0,130.0
2023-04-10,ATL,CIN,5.0,4.0,8.5,-190.0,156.0
2023-04-10,BAL,OAK,5.0,1.0,8.0,-180.0,160.0
2023-04-10,CHC,SEA,3.0,2.0,9.0,135.0,-150.0
2023-04-10,CLE,NYY,3.0,2.0,7.5,-158.0,143.0
2023-04-10,COL,STL,7.0,4.0,11.5,125.0,-135.0
2023-04-10,MIN,CHW,3.0,4.0,7.0,125.0,-135.0
2023-04-10,NYM,SDP,5.0,0.0,7.5,-130.0,120.0
2023-04-10,PHI,FLA,15.0,3.0,8.0,120.0,-130.0
2023-04-10,PIT,HOU,2.0,8.0,8.0,148.0,-180.0
2023-04-10,SFG,LAD,1.0,9.0,7.5,143.0,-158.0
2023-04-10,TBD,BOS,1.0,0.0,8.5,-150.0,135.0
2023-04-10,TEX,KCR,11.0,2.0,8.5,-172.0,157.0
2023-04-11,ANA,WSN,2.0,0.0,8.5,-300.0,250.0
2023-04-11,ARI,MIL,1.0,7.0,8.5,107.0,-117.0
2023-04-11,ATL,CIN,7.0,6.0,9.0,-230.0,190.0
2023-04-11,BAL,OAK,12.0,8.0,8.5,-200.0,170.0
2023-04-11,CHC,SEA,14.0,9.0,10.5,-120.0,100.0
2023-04-11,CLE,NYY,2.0,11.0,8.5,155.0,-185.0
2023-04-11,COL,STL,6.0,9.0,12.0,150.0,-170.0
2023-04-11,MIN,CHW,4.0,3.0,7.5,-175.0,145.0
2023-04-11,NYM,SDP,2.0,4.0,9.0,-141.0,120.0
2023-04-11,PHI,FLA,4.0,8.0,8.0,-145.0,125.0
2023-04-11,PIT,HOU,7.0,4.0,8.0,145.0,-175.0
2023-04-11,SFG,LAD,5.0,0.0,8.5,137.0,-152.0
2023-04-11,TBD,BOS,7.0,2.0,7.5,-170.0,150.0
2023-04-11,TEX,KCR,8.0,5.0,8.0,-300.0,240.0
2023-04-11,TOR,DET,9.0,3.0,9.0,-280.0,230.0
2023-04-12,ANA,WSN,3.0,2.0,9.0,-165.0,140.0
2023-04-12,ARI,MIL,7.0,3.0,9.5,-131.0,121.0
2023-04-12,ATL,CIN,5.0,4.0,8.0,-275.0,225.0
2023-04-12,BAL,OAK,4.0,8.0,9.0,-206.0,168.0
2023-04-12,CHC,SEA,2.0,5.0,11.0,100.0,-110.0
2023-04-12,CLE,NYY,3.0,4.0,9.5,-105.0,-115.0
2023-04-12,COL,STL,4.0,7.0,13.0,145.0,-175.0
2023-04-12,MIN,CHW,3.0,1.0,8.5,-150.0,135.0
2023-04-12,NYM,SDP,5.0,2.0,9.0,-116.0,106.0
2023-04-12,PHI,FLA,2.0,3.0,8.5,-200.0,165.0
2023-04-12,PIT,HOU,0.0,7.0,9.5,142.0,-154.0
2023-04-12,SFG,LAD,5.0,10.0,7.5,130.0,-155.0
2023-04-12,TBD,BOS,9.0,7.0,8.5,-135.0,115.0
2023-04-12,TEX,KCR,1.0,10.0,9.0,-167.0,145.0
2023-04-12,TOR,DET,4.0,3.0,9.0,-300.0,240.0
2023-04-13,BAL,OAK,8.0,7.0,10.0,-240.0,195.0
2023-04-13,CIN,PHI,6.0,2.0,9.0,-115.0,-105.0
2023-04-13,NYY,MIN,2.0,11.0,9.0,-140.0,120.0
2023-04-13,SDP,MIL,3.0,4.0,9.0,-150.0,135.0
2023-04-13,STL,PIT,0.0,5.0,8.5,-265.0,215.0
2023-04-13,TBD,BOS,9.0,3.0,8.0,-250.0,200.0
2023-04-13,TOR,DET,1.0,3.0,9.5,-250.0,200.0
2023-04-14,BOS,ANA,5.0,3.0,9.0,101.0,-111.0
2023-04-14,CHW,BAL,3.0,6.0,9.0,113.0,-123.0
2023-04-14,CIN,PHI,3.0,8.0,10.0,130.0,-150.0
2023-04-14,DET,SFG,7.0,5.0,8.5,135.0,-150.0
2023-04-14,HOU,TEX,2.0,6.0,8.5,-160.0,140.0
2023-04-14,KCR,ATL,3.0,10.0,9.0,120.0,-130.0
2023-04-14,LAD,CHC,2.0,8.0,8.5,-153.0,138.0
2023-04-14,FLA,ARI,5.0,1.0,9.0,-155.0,140.0
2023-04-14,NYY,MIN,3.0,4.0,8.5,-175.0,150.0
2023-04-14,OAK,NYM,6.0,17.0,8.0,200.0,-220.0
2023-04-14,SDP,MIL,2.0,11.0,9.0,-175.0,150.0
2023-04-14,SEA,COL,5.0,3.0,8.5,-180.0,160.0
2023-04-14,STL,PIT,3.0,0.0,9.0,-162.0,136.0
2023-04-14,TOR,TBD,6.0,3.0,9.0,112.0,-122.0
2023-04-14,WSN,CLE,3.0,4.0,9.5,143.0,-158.0
2023-04-15,BOS,ANA,9.0,7.0,9.5,100.0,-120.0
2023-04-15,CHW,BAL,7.0,6.0,9.0,-110.0,-110.0
2023-04-15,CIN,PHI,13.0,0.0,9.5,100.0,-110.0
2023-04-15,DET,SFG,7.0,6.0,9.0,130.0,-155.0
2023-04-15,HOU,TEX,8.0,2.0,8.0,-182.0,155.0
2023-04-15,KCR,ATL,3.0,9.0,8.5,123.0,-133.0
2023-04-15,LAD,CHC,2.0,1.0,9.0,-145.0,125.0
2023-04-15,FLA,ARI,3.0,2.0,8.5,-120.0,110.0
2023-04-15,NYY,MIN,6.0,1.0,8.5,-150.0,126.0
2023-04-15,OAK,NYM,2.0,3.0,9.5,160.0,-180.0
2023-04-15,SDP,MIL,10.0,3.0,7.5,-140.0,130.0
2023-04-15,SEA,COL,9.0,2.0,8.0,-240.0,195.0
2023-04-15,STL,PIT,3.0,6.0,9.0,-185.0,165.0
2023-04-15,TOR,TBD,5.0,2.0,10.0,-120.0,110.0
2023-04-15,WSN,CLE,4.0,6.0,9.5,150.0,-175.0
2023-04-16,BOS,ANA,2.0,1.0,9.0,-111.0,101.0
2023-04-16,CHW,BAL,4.0,8.0,7.5,-125.0,115.0
2023-04-16,CIN,PHI,3.0,14.0,9.5,170.0,-200.0
2023-04-16,HOU,TEX,1.0,9.0,8.0,-220.0,180.0
2023-04-16,KCR,ATL,4.0,5.0,9.0,135.0,-150.0
2023-04-16,LAD,CHC,2.0,3.0,8.0,-240.0,195.0
2023-04-16,FLA,ARI,0.0,5.0,7.0,-128.0,118.0
2023-04-16,NYY,MIN,2.0,0.0,7.0,-160.0,134.0
2023-04-16,OAK,NYM,3.0,4.0,8.5,140.0,-155.0
2023-04-16,SDP,MIL,0.0,1.0,8.0,-170.0,155.0
2023-04-16,SEA,COL,1.0,0.0,8.0,-300.0,250.0
2023-04-16,STL,PIT,5.0,4.0,8.5,-150.0,135.0
2023-04-16,TOR,TBD,1.0,8.0,8.5,115.0,-135.0
2023-04-16,WSN,CLE,7.0,6.0,9.0,185.0,-225.0
2023-04-17,BOS,ANA,4.0,5.0,8.0,120.0,-130.0
2023-04-17,CIN,TBD,8.0,1.0,9.5,135.0,-150.0
2023-04-17,COL,PIT,3.0,14.0,11.5,-135.0,125.0
2023-04-17,HOU,TOR,9.0,2.0,8.0,105.0,-115.0
2023-04-17,KCR,TEX,0.0,4.0,7.5,180.0,-220.0
2023-04-17,LAD,NYM,6.0,8.0,8.5,-132.0,122.0
2023-04-17,FLA,SFG,4.0,3.0,7.5,-116.0,106.0
2023-04-17,OAK,CHC,1.0,10.0,8.0,115.0,-135.0
2023-04-17,SDP,ATL,0.0,2.0,8.5,125.0,-143.0
2023-04-17,SEA,MIL,3.0,7.0,7.5,125.0,-145.0
2023-04-17,STL,ARI,3.0,6.0,8.5,-140.0,130.0
2023-04-18,BOS,MIN,5.0,4.0,8.5,-105.0,-115.0
2023-04-18,CHW,PHI,4.0,7.0,8.0,110.0,-130.0
2023-04-18,CHW,PHI,3.0,0.0,8.5,-136.0,126.0
2023-04-18,CIN,TBD,0.0,10.0,9.5,115.0,-125.0
2023-04-18,COL,PIT,3.0,5.0,13.0,-110.0,-110.0
2023-04-18,DET,CLE,4.0,3.0,9.0,120.0,-130.0
2023-04-18,DET,CLE,1.0,0.0,8.5,115.0,-138.0
2023-04-18,HOU,TOR,2.0,4.0,9.0,-115.0,-105.0
2023-04-18,KCR,TEX,2.0,12.0,9.0,100.0,-120.0
2023-04-18,LAD,NYM,5.0,0.0,8.0,-150.0,135.0
2023-04-18,FLA,SFG,4.0,2.0,8.5,-106.0,-104.0
2023-04-18,NYY,ANA,2.0,5.0,9.5,-150.0,135.0
2023-04-18,OAK,CHC,0.0,4.0,7.5,165.0,-185.0
2023-04-18,SDP,ATL,1.0,8.0,7.5,122.0,-132.0
2023-04-18,SEA,MIL,5.0,6.0,8.0,-155.0,140.0
2023-04-18,STL,ARI,7.0,8.0,8.0,-180.0,148.0
2023-04-18,WSN,BAL,0.0,1.0,9.0,122.0,-145.0
2023-04-19,BOS,MIN,4.0,10.0,9.0,128.0,-138.0
2023-04-19,CHW,PHI,2.0,5.0,8.5,100.0,-120.0
2023-04-19,CIN,TBD,0.0,8.0,10.0,225.0,-275.0
2023-04-19,COL,PIT,3.0,14.0,11.0,110.0,-125.0
2023-04-19,DET,CLE,2.0,3.0,8.0,122.0,-132.0
2023-04-19,HOU,TOR,8.0,1.0,9.0,-101.0,-109.0
2023-04-19,KCR,TEX,3.0,12.0,9.5,-110.0,100.0
2023-04-19,LAD,NYM,3.0,5.0,9.0,120.0,-130.0
2023-04-19,FLA,SFG,2.0,5.0,7.5,-105.0,-105.0
2023-04-19,NYY,ANA,3.0,2.0,9.0,-130.0,120.0
2023-04-19,OAK,CHC,2.0,12.0,7.0,145.0,-160.0
2023-04-19,SDP,ATL,1.0,0.0,9.0,100.0,-120.0
2023-04-19,SEA,MIL,3.0,5.0,8.5,-135.0,115.0
2023-04-19,STL,ARI,14.0,5.0,10.5,-205.0,185.0
2023-04-19,WSN,BAL,0.0,4.0,8.5,130.0,-140.0
2023-04-20,ARI,SDP,5.0,7.0,10.0,120.0,-141.0
2023-04-20,BOS,MIN,11.0,5.0,9.0,-120.0,100.0
2023-04-20,CHC,LAD,2.0,6.0,11.5,-110.0,-110.0
2023-04-20,NYY,ANA,9.0,3.0,8.5,-150.0,135.0
2023-04-20,PHI,COL,0.0,5.0,9.0,-230.0,190.0
2023-04-20,PIT,CIN,4.0,3.0,9.0,-167.0,145.0
2023-04-20,SFG,NYM,4.0,9.0,8.5,109.0,-119.0
2023-04-21,ANA,KCR,2.0,0.0,8.5,-250.0,200.0
2023-04-21,ARI,SDP,9.0,0.0,9.0,100.0,-110.0
2023-04-21,ATL,HOU,4.0,6.0,8.5,-111.0,101.0
2023-04-21,BAL,DET,2.0,1.0,9.0,-200.0,170.0
2023-04-21,CHC,LAD,13.0,0.0,9.5,146.0,-178.0
2023-04-21,MIL,BOS,3.0,5.0,8.5,-165.0,145.0
2023-04-21,MIN,WSN,2.0,3.0,7.5,-250.0,200.0
2023-04-21,NYY,TOR,1.0,6.0,8.5,-128.0,118.0
2023-04-21,PHI,COL,4.0,3.0,8.5,-300.0,240.0
2023-04-21,PIT,CIN,4.0,2.0,8.5,-143.0,128.0
2023-04-21,SEA,STL,5.0,2.0,8.0,-120.0,110.0
2023-04-21,SFG,NYM,0.0,7.0,9.0,-110.0,100.0
2023-04-21,TBD,CHW,8.0,7.0,9.0,-180.0,160.0
2023-04-21,TEX,OAK,4.0,5.0,8.5,-250.0,200.0
2023-04-22,ANA,KCR,8.0,11.0,9.5,-175.0,150.0
2023-04-22,ARI,SDP,3.0,5.0,9.5,125.0,-143.0
2023-04-22,ATL,HOU,3.0,6.0,8.5,-112.0,102.0
2023-04-22,BAL,DET,5.0,1.0,8.0,-180.0,148.0
2023-04-22,CHC,LAD,4.0,9.0,8.5,105.0,-125.0
2023-04-22,CLE,FLA,1.0,6.0,8.0,-230.0,205.0
2023-04-22,CLE,FLA,2.0,3.0,7.5,-135.0,125.0
2023-04-22,MIL,BOS,5.0,4.0,8.5,-124.0,114.0
2023-04-22,MIN,WSN,4.0,10.0,7.5,-320.0,260.0
2023-04-22,NYY,TOR,3.0,2.0,7.0,-175.0,150.0
2023-04-22,PHI,COL,4.0,3.0,10.5,-167.0,157.0
2023-04-22,PIT,CIN,2.0,1.0,9.0,-160.0,145.0
2023-04-22,SEA,STL,5.0,4.0,7.5,-164.0,151.0
2023-04-22,SFG,NYM,7.0,4.0,8.5,-120.0,110.0
2023-04-22,TBD,CHW,4.0,3.0,7.0,-200.0,170.0
2023-04-22,TEX,OAK,18.0,3.0,8.5,-260.0,210.0
2023-04-23,ANA,KCR,4.0,3.0,9.5,-220.0,180.0
2023-04-23,ARI,SDP,5.0,7.0,9.0,138.0,-153.0
2023-04-23,ATL,HOU,2.0,5.0,8.0,-135.0,115.0
2023-04-23,BAL,DET,2.0,1.0,7.5,-165.0,150.0
2023-04-23,CHC,LAD,3.0,7.0,7.5,122.0,-145.0
2023-04-23,CLE,FLA,7.0,4.0,7.5,-120.0,100.0
2023-04-23,MIL,BOS,5.0,12.0,8.0,-165.0,145.0
2023-04-23,MIN,WSN,3.0,1.0,8.5,-260.0,220.0
2023-04-23,NYY,TOR,1.0,5.0,8.5,117.0,-127.0
2023-04-23,PHI,COL,9.0,3.0,8.5,-300.0,250.0
2023-04-23,PIT,CIN,2.0,0.0,7.5,100.0,-110.0
2023-04-23,SEA,STL,3.0,7.0,9.0,-102.0,-108.0
2023-04-23,SFG,NYM,5.0,4.0,9.0,105.0,-125.0
2023-04-23,TBD,CHW,4.0,1.0,8.0,-185.0,165.0
2023-04-23,TEX,OAK,5.0,2.0,7.0,-385.0,300.0
2023-04-24,ANA,OAK,10.0,11.0,10.5,-205.0,185.0
2023-04-24,ARI,KCR,5.0,4.0,10.0,-155.0,140.0
2023-04-24,ATL,FLA,11.0,0.0,7.5,-270.0,220.0
2023-04-24,BAL,BOS,5.0,4.0,8.5,104.0,-114.0
2023-04-24,CIN,TEX,7.0,6.0,8.0,100.0,-110.0
2023-04-24,CLE,COL,0.0,6.0,8.0,-200.0,170.0
2023-04-24,MIL,DET,2.0,4.0,8.5,-148.0,134.0
2023-04-24,MIN,NYY,6.0,1.0,8.0,-158.0,132.0
2023-04-24,SFG,STL,4.0,0.0,8.0,-110.0,100.0
2023-04-24,TBD,HOU,8.0,3.0,8.5,-200.0,170.0
2023-04-24,TOR,CHW,5.0,2.0,9.0,-155.0,140.0
2023-04-25,ANA,OAK,5.0,3.0,9.5,-170.0,150.0
2023-04-25,ARI,KCR,4.0,5.0,9.5,-143.0,125.0
2023-04-25,ATL,FLA,7.0,4.0,9.0,-245.0,215.0
2023-04-25,BAL,BOS,6.0,8.0,9.0,-160.0,134.0
2023-04-25,CHC,SDP,6.0,0.0,7.0,-110.0,100.0
2023-04-25,CIN,TEX,7.0,6.0,9.5,115.0,-125.0
2023-04-25,CLE,COL,1.0,5.0,8.0,-210.0,175.0
2023-04-25,MIL,DET,3.0,4.0,8.5,-170.0,150.0
2023-04-25,MIN,NYY,6.0,2.0,6.5,-125.0,115.0
2023-04-25,NYM,WSN,0.0,5.0,8.5,-205.0,175.0
2023-04-25,PHI,SEA,3.0,5.0,9.0,-123.0,113.0
2023-04-25,PIT,LAD,7.0,8.0,8.0,-105.0,-115.0
2023-04-25,SFG,STL,5.0,4.0,9.5,-110.0,100.0
2023-04-25,TBD,HOU,0.0,5.0,7.5,-182.0,155.0
2023-04-25,TOR,CHW,7.0,0.0,9.0,-200.0,170.0
2023-04-26,ANA,OAK,11.0,3.0,9.5,-250.0,200.0
2023-04-26,ARI,KCR,2.0,0.0,8.0,-270.0,220.0
2023-04-26,ATL,FLA,6.0,4.0,8.0,-139.0,129.0
2023-04-26,BAL,BOS,6.0,2.0,8.5,-125.0,115.0
2023-04-26,CHC,SDP,3.0,5.0,8.0,-112.0,102.0
2023-04-26,CIN,TEX,5.0,3.0,8.5,-110.0,-110.0
2023-04-26,CLE,COL,4.0,1.0,7.5,-175.0,155.0
2023-04-26,MIL,DET,6.0,2.0,8.0,-200.0,170.0
2023-04-26,MIN,NYY,6.0,12.0,7.5,-105.0,-105.0
2023-04-26,NYM,WSN,1.0,4.0,8.5,-215.0,175.0
2023-04-26,PHI,SEA,6.0,5.0,8.5,105.0,-115.0
2023-04-26,PIT,LAD,8.0,1.0,8.5,130.0,-140.0
2023-04-26,SFG,STL,7.0,3.0,8.5,-110.0,-110.0
2023-04-26,TBD,HOU,0.0,1.0,8.5,-114.0,104.0
2023-04-26,TOR,CHW,8.0,0.0,10.0,-200.0,165.0
2023-04-27,ANA,OAK,8.0,7.0,8.5,-300.0,250.0
2023-04-27,ATL,FLA,4.0,5.0,8.5,-168.0,153.0
2023-04-27,CHW,TBD,5.0,14.0,7.0,143.0,-158.0
2023-04-27,CHC,SDP,5.0,2.0,8.5,135.0,-150.0
2023-04-27,DET,BAL,4.0,7.0,8.0,137.0,-152.0
2023-04-27,MIN,KCR,7.0,1.0,8.0,-210.0,170.0
2023-04-27,NYM,WSN,9.0,8.0,8.5,-220.0,200.0
2023-04-27,PHI,SEA,1.0,0.0,8.0,-108.0,-102.0
2023-04-27,PIT,LAD,6.0,2.0,7.5,140.0,-155.0
2023-04-27,SFG,STL,0.0,6.0,8.5,-155.0,140.0
2023-04-27,TEX,NYY,2.0,4.0,8.0,160.0,-180.0
2023-04-28,BOS,CLE,2.0,5.0,9.0,115.0,-125.0
2023-04-28,CHW,TBD,2.0,3.0,8.5,135.0,-160.0
2023-04-28,COL,ARI,1.0,9.0,11.0,105.0,-125.0
2023-04-28,HOU,PHI,1.0,3.0,7.5,-150.0,126.0
2023-04-28,LAD,STL,7.0,3.0,8.5,-132.0,122.0
2023-04-28,FLA,CHC,3.0,2.0,7.5,105.0,-115.0
2023-04-28,MIL,ANA,2.0,1.0,9.0,-140.0,120.0
2023-04-28,MIN,KCR,8.0,6.0,7.5,-275.0,225.0
2023-04-28,NYM,ATL,0.0,4.0,7.5,120.0,-130.0
2023-04-28,OAK,CIN,7.0,11.0,9.0,-105.0,-115.0
2023-04-28,TEX,NYY,5.0,2.0,7.0,-225.0,185.0
2023-04-28,TOR,SEA,3.0,2.0,8.5,-110.0,100.0
2023-04-29,BOS,CLE,8.0,7.0,9.0,-115.0,105.0
2023-04-29,CHW,TBD,3.0,12.0,9.5,125.0,-135.0
2023-04-29,COL,ARI,4.0,11.0,12.0,-120.0,100.0
2023-04-29,DET,BAL,7.0,4.0,7.5,-105.0,-105.0
2023-04-29,DET,BAL,4.0,6.0,7.5,126.0,-150.0
2023-04-29,HOU,PHI,1.0,6.0,7.5,-130.0,120.0
2023-04-29,LAD,STL,1.0,0.0,8.0,-150.0,130.0
2023-04-29,FLA,CHC,7.0,6.0,9.0,-120.0,110.0
2023-04-29,MIL,ANA,7.0,5.0,8.0,-138.0,128.0
2023-04-29,MIN,KCR,2.0,3.0,8.0,-240.0,200.0
2023-04-29,OAK,CIN,2.0,3.0,8.0,130.0,-155.0
2023-04-29,SDP,SFG,16.0,11.0,15.5,-200.0,165.0
2023-04-29,TEX,NYY,2.0,0.0,8.5,-168.0,140.0
2023-04-29,TOR,SEA,1.0,0.0,9.0,-270.0,220.0
2023-04-29,WSN,PIT,3.0,6.0,9.5,130.0,-140.0
2023-04-29,WSN,PIT,1.0,16.0,9.0,135.0,-150.0
2023-04-30,BOS,CLE,7.0,1.0,9.0,-118.0,108.0
2023-04-30,CHW,TBD,12.0,9.0,9.0,170.0,-200.0
2023-04-30,COL,ARI,12.0,4.0,12.0,117.0,-127.0
2023-04-30,DET,BAL,3.0,5.0,8.5,130.0,-150.0
2023-04-30,HOU,PHI,4.0,3.0,9.0,-160.0,145.0
2023-04-30,LAD,STL,6.0,3.0,10.5,-137.0,127.0
2023-04-30,FLA,CHC,4.0,3.0,8.5,155.0,-175.0
2023-04-30,MIL,ANA,0.0,3.0,9.5,-118.0,108.0
2023-04-30,MIN,KCR,8.0,4.0,7.5,-220.0,180.0
2023-04-30,OAK,CIN,5.0,4.0,8.0,126.0,-150.0
2023-04-30,SDP,SFG,6.0,4.0,19.5,-150.0,130.0
2023-04-30,TEX,NYY,15.0,2.0,8.0,106.0,-116.0
2023-04-30,TOR,SEA,8.0,10.0,9.5,-210.0,175.0
2023-04-30,WSN,PIT,7.0,2.0,8.5,130.0,-155.0
2023-05-01,BOS,TOR,6.0,5.0,10.0,135.0,-160.0
2023-05-01,HOU,SFG,7.0,3.0,8.5,-200.0,170.0
2023-05-01,LAD,PHI,13.0,4.0,8.5,-174.0,159.0
2023-05-01,NYY,CLE,2.0,3.0,8.5,-120.0,110.0
2023-05-01,NYM,ATL,8.0,9.0,8.0,170.0,-200.0
2023-05-01,NYM,ATL,5.0,3.0,9.0,-105.0,-115.0
2023-05-01,SDP,CIN,8.0,3.0,8.5,-220.0,180.0
2023-05-01,WSN,CHC,1.0,5.0,8.5,118.0,-128.0
2023-05-02,BOS,TOR,7.0,6.0,9.5,122.0,-132.0
2023-05-02,CHW,MIN,3.0,2.0,9.0,145.0,-175.0
2023-05-02,COL,MIL,3.0,2.0,11.0,140.0,-165.0
2023-05-02,HOU,SFG,0.0,2.0,8.0,-200.0,170.0
2023-05-02,KCR,BAL,7.0,11.0,8.5,160.0,-180.0
2023-05-02,LAD,PHI,13.0,1.0,8.0,-147.0,125.0
2023-05-02,FLA,ATL,0.0,6.0,8.0,-117.0,107.0
2023-05-02,NYY,CLE,4.0,2.0,7.0,-153.0,143.0
2023-05-02,OAK,SEA,1.0,2.0,8.0,115.0,-125.0
2023-05-02,SDP,CIN,1.0,2.0,8.5,-181.0,166.0
2023-05-02,STL,ANA,1.0,5.0,8.5,-137.0,126.0
2023-05-02,TBD,PIT,4.0,1.0,8.5,-158.0,143.0
2023-05-02,TEX,ARI,6.0,4.0,8.0,137.0,-152.0
2023-05-02,WSN,CHC,4.0,1.0,8.5,125.0,-135.0
2023-05-03,BOS,TOR,8.0,3.0,9.5,130.0,-155.0
2023-05-03,CHW,MIN,6.0,4.0,7.5,-125.0,115.0
2023-05-03,COL,MIL,7.0,1.0,12.0,-105.0,-115.0
2023-05-03,DET,NYM,6.0,5.0,9.0,141.0,-170.0
2023-05-03,DET,NYM,8.0,1.0,8.5,185.0,-225.0
2023-05-03,HOU,SFG,2.0,4.0,7.5,-145.0,125.0
2023-05-03,KCR,BAL,6.0,0.0,9.0,130.0,-150.0
2023-05-03,LAD,PHI,10.0,6.0,9.0,-120.0,110.0
2023-05-03,FLA,ATL,6.0,14.0,8.5,120.0,-140.0
2023-05-03,NYY,CLE,4.0,3.0,7.5,110.0,-120.0
2023-05-03,OAK,SEA,2.0,7.0,7.5,165.0,-185.0
2023-05-03,SDP,CIN,7.0,1.0,8.5,-260.0,210.0
2023-05-03,STL,ANA,4.0,6.0,7.5,115.0,-125.0
2023-05-03,TBD,PIT,8.0,1.0,7.0,-215.0,180.0
2023-05-03,TEX,ARI,7.0,12.0,8.5,-125.0,105.0
2023-05-03,WSN,CHC,2.0,1.0,8.0,165.0,-185.0
2023-05-04,BOS,TOR,11.0,5.0,8.5,170.0,-200.0
2023-05-04,CHW,MIN,3.0,7.0,7.5,125.0,-145.0
2023-05-04,COL,MIL,9.0,6.0,12.0,135.0,-150.0
2023-05-04,DET,NYM,2.0,0.0,7.5,150.0,-170.0
2023-05-04,KCR,BAL,10.0,13.0,9.5,156.0,-190.0
2023-05-04,FLA,ATL,3.0,6.0,8.5,-107.0,-103.0
2023-05-04,OAK,SEA,3.0,5.0,8.5,200.0,-250.0
2023-05-04,STL,ANA,7.0,11.0,8.5,-178.0,146.0
2023-05-04,TBD,PIT,3.0,2.0,8.5,-185.0,165.0
2023-05-04,WSN,CHC,4.0,3.0,8.5,155.0,-175.0
2023-05-05,ANA,TEX,5.0,4.0,9.5,-124.0,114.0
2023-05-05,ARI,WSN,3.0,1.0,9.0,-180.0,160.0
2023-05-05,ATL,BAL,4.0,9.0,8.5,-225.0,180.0
2023-05-05,CHC,FLA,4.0,1.0,9.0,-165.0,140.0
2023-05-05,CIN,CHW,4.0,5.0,8.5,-125.0,105.0
2023-05-05,CLE,MIN,0.0,2.0,8.5,105.0,-115.0
2023-05-05,KCR,OAK,8.0,12.0,10.0,-136.0,126.0
2023-05-05,NYM,COL,1.0,0.0,8.0,-260.0,210.0
2023-05-05,PHI,BOS,3.0,5.0,8.0,-165.0,139.0
2023-05-05,PIT,TOR,0.0,4.0,9.0,140.0,-165.0
2023-05-05,SDP,LAD,5.0,2.0,7.5,100.0,-110.0
2023-05-05,SEA,HOU,4.0,6.0,7.0,-135.0,115.0
2023-05-05,SFG,MIL,6.0,4.0,8.0,105.0,-125.0
2023-05-05,STL,DET,4.0,5.0,8.0,-230.0,190.0
2023-05-05,TBD,NYY,5.0,4.0,8.5,-182.0,155.0
2023-05-06,ANA,TEX,1.0,10.0,8.0,-110.0,-110.0
2023-05-06,ARI,WSN,8.0,7.0,9.5,-125.0,105.0
2023-05-06,ATL,BAL,5.0,4.0,8.0,-250.0,210.0
2023-05-06,CHC,FLA,4.0,2.0,9.0,-180.0,160.0
2023-05-06,CIN,CHW,5.0,3.0,9.5,-135.0,115.0
2023-05-06,CLE,MIN,4.0,3.0,7.5,-107.0,-103.0
2023-05-06,KCR,OAK,4.0,5.0,10.5,-169.0,154.0
2023-05-06,NYM,COL,2.0,5.0,8.5,-220.0,185.0
2023-05-06,PHI,BOS,4.0,7.0,9.0,-165.0,139.0
2023-05-06,PIT,TOR,2.0,8.0,8.5,115.0,-135.0
2023-05-06,SDP,LAD,1.0,2.0,8.5,-125.0,115.0
2023-05-06,SEA,HOU,7.0,5.0,8.5,105.0,-125.0
2023-05-06,SFG,MIL,4.0,1.0,8.5,-167.0,145.0
2023-05-06,STL,DET,5.0,6.0,9.0,-185.0,165.0
2023-05-06,TBD,NYY,2.0,3.0,7.5,-182.0,155.0
2023-05-07,ANA,TEX,8.0,16.0,9.5,-126.0,116.0
2023-05-07,ARI,WSN,8.0,9.0,9.0,-150.0,130.0
2023-05-07,ATL,BAL,3.0,2.0,9.0,-155.0,140.0
2023-05-07,CHC,FLA,4.0,5.0,7.5,-105.0,-115.0
2023-05-07,CIN,CHW,4.0,17.0,9.5,-118.0,108.0
2023-05-07,CLE,MIN,2.0,0.0,8.5,141.0,-170.0
2023-05-07,KCR,OAK,5.0,1.0,10.0,-105.0,-115.0
2023-05-07,NYM,COL,6.0,13.0,8.5,-200.0,170.0
2023-05-07,PHI,BOS,6.0,1.0,10.0,-125.0,105.0
2023-05-07,PIT,TOR,1.0,10.0,9.0,120.0,-130.0
2023-05-07,SDP,LAD,2.0,5.0,8.0,102.0,-112.0
2023-05-07,SEA,HOU,3.0,1.0,8.5,-131.0,121.0
2023-05-07,SFG,MIL,3.0,7.0,9.0,-141.0,120.0
2023-05-07,STL,DET,12.0,6.0,9.5,-200.0,165.0
2023-05-07,TBD,NYY,8.0,7.0,7.5,-105.0,-115.0
2023-05-08,ANA,HOU,6.0,4.0,9.0,110.0,-130.0
2023-05-08,ARI,FLA,5.0,2.0,8.5,-200.0,170.0
2023-05-08,BAL,TBD,0.0,3.0,8.5,160.0,-180.0
2023-05-08,CHC,STL,1.0,3.0,7.5,-125.0,105.0
2023-05-08,CLE,DET,2.0,6.0,7.5,-200.0,170.0
2023-05-08,KCR,CHW,12.0,5.0,8.5,112.0,-127.0
2023-05-08,MIL,LAD,9.0,3.0,8.5,-117.0,107.0
2023-05-08,NYY,OAK,7.0,2.0,8.5,-195.0,165.0
2023-05-08,PIT,COL,2.0,0.0,8.5,-172.0,157.0
2023-05-08,SEA,TEX,1.0,2.0,7.5,-175.0,150.0
2023-05-08,SFG,WSN,1.0,5.0,8.5,-230.0,190.0
2023-05-09,ANA,HOU,1.0,3.0,7.5,-141.0,120.0
2023-05-09,ARI,FLA,2.0,6.0,9.0,-107.0,-103.0
2023-05-09,ATL,BOS,9.0,3.0,9.5,-196.0,156.0
2023-05-09,BAL,TBD,4.0,2.0,8.0,117.0,-127.0
2023-05-09,CHC,STL,4.0,6.0,8.0,-120.0,100.0
2023-05-09,CIN,NYM,7.0,6.0,11.0,145.0,-160.0
2023-05-09,CLE,DET,2.0,0.0,7.5,-200.0,170.0
2023-05-09,KCR,CHW,2.0,4.0,9.0,130.0,-150.0
2023-05-09,MIL,LAD,2.0,6.0,9.5,110.0,-120.0
2023-05-09,MIN,SDP,1.0,6.0,9.0,-115.0,-105.0
2023-05-09,NYY,OAK,10.0,5.0,9.0,-270.0,220.0
2023-05-09,PHI,TOR,8.0,4.0,9.0,-133.0,123.0
2023-05-09,PIT,COL,1.0,10.0,8.5,-175.0,150.0
2023-05-09,SEA,TEX,5.0,0.0,7.5,-160.0,135.0
2023-05-09,SFG,WSN,4.0,1.0,8.5,-230.0,190.0
2023-05-10,ANA,HOU,4.0,5.0,9.5,110.0,-125.0
2023-05-10,ARI,FLA,4.0,5.0,8.5,-145.0,125.0
2023-05-10,ATL,BOS,2.0,5.0,9.5,-170.0,150.0
2023-05-10,BAL,TBD,2.0,1.0,9.5,100.0,-110.0
2023-05-10,CHC,STL,10.0,4.0,7.5,-105.0,-115.0
2023-05-10,CIN,NYM,1.0,2.0,9.0,139.0,-154.0
2023-05-10,CLE,DET,0.0,5.0,7.0,-110.0,-110.0
2023-05-10,KCR,CHW,9.0,1.0,9.5,130.0,-152.0
2023-05-10,MIL,LAD,1.0,8.0,8.0,145.0,-167.0
2023-05-10,MIN,SDP,4.0,3.0,8.5,-126.0,116.0
2023-05-10,NYY,OAK,11.0,3.0,9.5,-250.0,205.0
2023-05-10,PHI,TOR,2.0,1.0,8.5,-112.0,102.0
2023-05-10,PIT,COL,3.0,4.0,8.5,-141.0,120.0
2023-05-10,SEA,TEX,3.0,4.0,7.5,-185.0,165.0
2023-05-10,SFG,WSN,6.0,11.0,8.5,-157.0,142.0
2023-05-11,ARI,SFG,2.0,6.0,9.5,125.0,-145.0
2023-05-11,CIN,NYM,5.0,0.0,10.0,170.0,-200.0
2023-05-11,KCR,CHW,4.0,3.0,9.0,-110.0,-110.0
2023-05-11,MIN,SDP,5.0,3.0,8.0,117.0,-132.0
2023-05-11,NYY,TBD,2.0,8.0,8.5,-120.0,100.0
2023-05-11,OAK,TEX,0.0,4.0,8.5,220.0,-270.0
2023-05-12,ARI,SFG,7.0,5.0,10.0,-105.0,-115.0
2023-05-12,BAL,PIT,6.0,3.0,9.0,-150.0,135.0
2023-05-12,BOS,STL,6.0,8.0,11.0,-115.0,-105.0
2023-05-12,CHW,HOU,1.0,5.0,8.5,130.0,-150.0
2023-05-12,CLE,ANA,4.0,5.0,8.5,-135.0,115.0
2023-05-12,COL,PHI,3.0,6.0,11.0,120.0,-130.0
2023-05-12,DET,SEA,2.0,9.0,8.5,105.0,-115.0
2023-05-12,LAD,SDP,4.0,2.0,9.0,-130.0,108.0
2023-05-12,FLA,CIN,4.0,7.0,7.5,-140.0,120.0
2023-05-12,MIL,KCR,5.0,1.0,8.5,-275.0,225.0
2023-05-12,MIN,CHC,2.0,6.0,7.5,-160.0,135.0
2023-05-12,NYY,TBD,6.0,5.0,8.5,-182.0,155.0
2023-05-12,OAK,TEX,9.0,7.0,8.5,141.0,-170.0
2023-05-12,TOR,ATL,3.0,0.0,8.5,126.0,-150.0
2023-05-12,WSN,NYM,2.0,3.0,9.0,108.0,-118.0
2023-05-13,ARI,SFG,7.0,2.0,7.5,-175.0,150.0
2023-05-13,BAL,PIT,2.0,0.0,8.5,-179.0,150.0
2023-05-13,BOS,STL,3.0,4.0,10.5,-135.0,115.0
2023-05-13,CHW,HOU,3.0,1.0,8.5,-125.0,105.0
2023-05-13,CLE,ANA,8.0,6.0,8.0,105.0,-125.0
2023-05-13,COL,PHI,4.0,7.0,11.5,120.0,-140.0
2023-05-13,DET,SEA,0.0,5.0,8.5,170.0,-200.0
2023-05-13,LAD,SDP,4.0,2.0,8.5,-155.0,130.0
2023-05-13,FLA,CIN,5.0,6.0,7.5,-250.0,205.0
2023-05-13,MIL,KCR,4.0,3.0,9.0,-165.0,145.0
2023-05-13,MIN,CHC,11.0,1.0,7.5,-170.0,155.0
2023-05-13,NYY,TBD,9.0,8.0,8.0,130.0,-150.0
2023-05-13,OAK,TEX,0.0,5.0,9.0,157.0,-167.0
2023-05-13,TOR,ATL,5.0,2.0,9.5,-125.0,105.0
2023-05-13,WSN,NYM,3.0,2.0,9.0,130.0,-145.0
2023-05-14,ARI,SFG,2.0,1.0,8.5,120.0,-140.0
2023-05-14,BAL,PIT,0.0,4.0,8.0,-105.0,-115.0
2023-05-14,BOS,STL,1.0,9.0,10.0,100.0,-110.0
2023-05-14,CHW,HOU,3.0,4.0,7.5,115.0,-135.0
2023-05-14,CLE,ANA,4.0,3.0,7.5,-125.0,115.0
2023-05-14,COL,PHI,4.0,0.0,10.5,140.0,-165.0
2023-05-14,DET,SEA,5.0,3.0,8.5,156.0,-190.0
2023-05-14,LAD,SDP,4.0,0.0,9.5,-150.0,135.0
2023-05-14,FLA,CIN,3.0,1.0,8.5,-155.0,130.0
2023-05-14,MIL,KCR,9.0,6.0,9.5,-167.0,145.0
2023-05-14,MIN,CHC,16.0,3.0,7.5,-138.0,115.0
2023-05-14,NYY,TBD,7.0,8.0,9.0,115.0,-135.0
2023-05-14,OAK,TEX,3.0,11.0,9.0,134.0,-160.0
2023-05-14,TOR,ATL,6.0,5.0,9.5,-115.0,-105.0
2023-05-14,WSN,NYM,2.0,8.0,9.0,165.0,-200.0
2023-05-15,BAL,ANA,5.0,9.0,8.0,105.0,-115.0
2023-05-15,BOS,SEA,1.0,10.0,10.0,105.0,-125.0
2023-05-15,COL,CIN,9.0,8.0,10.5,105.0,-125.0
2023-05-15,HOU,CHC,6.0,4.0,7.5,-200.0,170.0
2023-05-15,LAD,MIN,9.0,8.0,8.5,-120.0,100.0
2023-05-15,OAK,ARI,2.0,5.0,9.0,180.0,-220.0
2023-05-15,SDP,KCR,4.0,0.0,9.0,-230.0,205.0
2023-05-15,SFG,PHI,6.0,3.0,9.0,-115.0,-105.0
2023-05-15,STL,MIL,18.0,1.0,8.0,102.0,-112.0
2023-05-15,TEX,ATL,0.0,12.0,9.0,150.0,-170.0
2023-05-15,TOR,NYY,4.0,7.0,9.5,-150.0,130.0
2023-05-15,WSN,NYM,10.0,3.0,10.0,134.0,-160.0
2023-05-16,BAL,ANA,7.0,3.0,9.5,-150.0,126.0
2023-05-16,BOS,SEA,9.0,4.0,10.5,139.0,-165.0
2023-05-16,CHW,CLE,8.0,3.0,8.5,105.0,-125.0
2023-05-16,COL,CIN,1.0,3.0,12.5,-135.0,115.0
2023-05-16,DET,PIT,4.0,0.0,9.0,-123.0,113.0
2023-05-16,HOU,CHC,7.0,3.0,7.5,-175.0,150.0
2023-05-16,LAD,MIN,1.0,5.0,7.5,-200.0,170.0
2023-05-16,FLA,WSN,5.0,4.0,7.5,-165.0,140.0
2023-05-16,NYM,TBD,5.0,8.0,9.0,-153.0,140.0
2023-05-16,OAK,ARI,9.0,8.0,9.5,139.0,-165.0
2023-05-16,SDP,KCR,4.0,5.0,8.5,-200.0,170.0
2023-05-16,SFG,PHI,4.0,3.0,7.5,-105.0,-105.0
2023-05-16,STL,MIL,2.0,3.0,8.5,-180.0,160.0
2023-05-16,TEX,ATL,7.0,4.0,9.5,-105.0,-105.0
2023-05-16,TOR,NYY,3.0,6.0,8.0,-170.0,155.0
2023-05-17,BAL,ANA,3.0,1.0,8.5,-155.0,140.0
2023-05-17,BOS,SEA,12.0,3.0,9.5,-130.0,110.0
2023-05-17,CHW,CLE,7.0,2.0,9.0,-140.0,120.0
2023-05-17,COL,CIN,11.0,6.0,11.5,-113.0,-103.0
2023-05-17,DET,PIT,0.0,8.0,7.5,-167.0,145.0
2023-05-17,HOU,CHC,7.0,6.0,8.5,-175.0,144.0
2023-05-17,LAD,MIN,7.0,3.0,8.5,-135.0,115.0
2023-05-17,FLA,WSN,4.0,3.0,7.5,-125.0,115.0
2023-05-17,NYM,TBD,8.0,7.0,8.5,-124.0,114.0
2023-05-17,OAK,ARI,3.0,5.0,9.5,135.0,-150.0
2023-05-17,SDP,KCR,3.0,4.0,8.5,-280.0,230.0
2023-05-17,SFG,PHI,7.0,4.0,9.0,104.0,-114.0
2023-05-17,STL,MIL,3.0,0.0,8.0,-117.0,107.0
2023-05-17,TEX,ATL,5.0,6.0,7.5,130.0,-155.0
2023-05-17,TOR,NYY,3.0,0.0,8.0,105.0,-115.0
2023-05-18,BAL,ANA,5.0,6.0,8.5,-167.0,145.0
2023-05-18,CHW,CLE,1.0,3.0,7.5,-145.0,125.0
2023-05-18,FLA,WSN,5.0,3.0,8.0,-155.0,130.0
2023-05-18,NYM,TBD,3.0,2.0,9.0,-105.0,-115.0
2023-05-18,STL,LAD,16.0,8.0,9.0,130.0,-155.0
2023-05-18,TOR,NYY,2.0,4.0,9.0,-141.0,120.0
2023-05-19,ANA,MIN,5.0,4.0,8.0,130.0,-140.0
2023-05-19,ATL,SEA,6.0,2.0,8.5,-143.0,132.0
2023-05-19,CHW,KCR,2.0,0.0,9.0,-135.0,115.0
2023-05-19,CIN,NYY,2.0,6.0,10.5,141.0,-170.0
2023-05-19,HOU,OAK,5.0,1.0,9.5,-265.0,215.0
2023-05-19,NYM,CLE,10.0,9.0,8.5,-137.0,127.0
2023-05-19,PHI,CHC,1.0,10.0,9.0,-127.0,117.0
2023-05-19,PIT,ARI,13.0,3.0,7.5,155.0,-182.0
2023-05-19,SDP,BOS,1.0,6.0,8.0,-150.0,130.0
2023-05-19,SFG,FLA,4.0,3.0,7.5,-125.0,105.0
2023-05-19,STL,LAD,0.0,5.0,8.5,103.0,-113.0
2023-05-19,TBD,MIL,1.0,0.0,8.0,-230.0,190.0
2023-05-19,TEX,COL,7.0,2.0,9.5,-220.0,200.0
2023-05-19,TOR,BAL,2.0,6.0,9.5,-160.0,135.0
2023-05-19,WSN,DET,6.0,8.0,8.5,100.0,-110.0
2023-05-20,ANA,MIN,2.0,6.0,9.0,-125.0,115.0
2023-05-20,ATL,SEA,3.0,7.0,9.5,-125.0,115.0
2023-05-20,CHW,KCR,5.0,1.0,9.0,-200.0,170.0
2023-05-20,CIN,NYY,4.0,7.0,10.5,128.0,-143.0
2023-05-20,HOU,OAK,3.0,2.0,8.5,-300.0,250.0
2023-05-20,PHI,CHC,12.0,3.0,9.0,-160.0,135.0
2023-05-20,PIT,ARI,3.0,4.0,8.5,-155.0,130.0
2023-05-20,SDP,BOS,2.0,4.0,7.5,-114.0,104.0
2023-05-20,SFG,FLA,0.0,1.0,7.5,-175.0,145.0
2023-05-20,STL,LAD,6.0,5.0,9.0,-135.0,115.0
2023-05-20,TBD,MIL,8.0,4.0,8.5,-200.0,170.0
2023-05-20,TEX,COL,11.0,5.0,8.5,-200.0,165.0
2023-05-20,TOR,BAL,5.0,6.0,9.5,-131.0,121.0
2023-05-20,WSN,DET,5.0,2.0,9.5,-120.0,100.0
2023-05-21,ANA,MIN,4.0,2.0,8.0,-160.0,135.0
2023-05-21,ATL,SEA,3.0,2.0,9.5,-115.0,-105.0
2023-05-21,CHW,KCR,5.0,2.0,9.0,-175.0,144.0
2023-05-21,CIN,NYY,1.0,4.0,8.5,115.0,-135.0
2023-05-21,HOU,OAK,2.0,0.0,8.5,-400.0,300.0
2023-05-21,NYM,CLE,5.0,4.0,7.5,-155.0,130.0
2023-05-21,NYM,CLE,2.0,1.0,7.0,-140.0,117.0
2023-05-21,PHI,CHC,2.0,1.0,8.5,-117.0,107.0
2023-05-21,PIT,ARI,3.0,8.0,8.5,108.0,-130.0
2023-05-21,SDP,BOS,7.0,0.0,9.0,-185.0,153.0
2023-05-21,SFG,FLA,7.0,5.0,7.5,-135.0,115.0
2023-05-21,STL,LAD,10.0,5.0,8.0,115.0,-135.0
2023-05-21,TBD,MIL,4.0,6.0,8.0,-130.0,120.0
2023-05-21,TEX,COL,13.0,3.0,9.0,-225.0,185.0
2023-05-21,TOR,BAL,3.0,8.0,8.5,-200.0,170.0
2023-05-21,WSN,DET,6.0,4.0,8.5,-130.0,120.0
2023-05-22,ANA,BOS,2.0,1.0,9.5,-110.0,-110.0
2023-05-22,ATL,LAD,6.0,8.0,9.5,-156.0,133.0
2023-05-22,CIN,STL,6.0,5.0,10.0,165.0,-185.0
2023-05-22,CLE,CHW,3.0,0.0,8.5,-118.0,108.0
2023-05-22,COL,FLA,5.0,3.0,11.5,100.0,-120.0
2023-05-22,KCR,DET,5.0,8.0,8.5,-115.0,-105.0
2023-05-22,MIL,HOU,2.0,12.0,7.5,-110.0,-110.0
2023-05-22,MIN,SFG,1.0,4.0,8.5,-165.0,145.0
2023-05-22,PHI,ARI,3.0,6.0,9.0,-220.0,180.0
2023-05-22,PIT,TEX,6.0,4.0,9.0,125.0,-135.0
2023-05-22,SEA,OAK,11.0,2.0,8.0,-310.0,255.0
2023-05-22,TBD,TOR,6.0,4.0,9.0,100.0,-110.0
2023-05-23,ANA,BOS,4.0,0.0,9.5,-105.0,-115.0
2023-05-23,ATL,LAD,1.0,8.0,8.5,-200.0,170.0
2023-05-23,CHC,NYM,7.0,2.0,8.5,-112.0,102.0
2023-05-23,CIN,STL,5.0,8.0,10.5,125.0,-145.0
2023-05-23,CLE,CHW,2.0,4.0,8.5,-123.0,113.0
2023-05-23,COL,FLA,5.0,4.0,11.5,108.0,-130.0
2023-05-23,KCR,DET,4.0,1.0,8.5,135.0,-150.0
2023-05-23,MIL,HOU,6.0,0.0,9.5,110.0,-130.0
2023-05-23,MIN,SFG,3.0,4.0,8.0,-155.0,130.0
2023-05-23,NYY,BAL,6.0,5.0,8.0,-170.0,150.0
2023-05-23,PHI,ARI,3.0,4.0,9.5,-155.0,130.0
2023-05-23,PIT,TEX,1.0,6.0,8.0,134.0,-160.0
2023-05-23,SEA,OAK,3.0,2.0,9.0,-220.0,185.0
2023-05-23,TBD,TOR,1.0,20.0,8.5,-117.0,-103.0
2023-05-23,WSN,SDP,4.0,7.0,8.0,132.0,-158.0
2023-05-24,ANA,BOS,7.0,3.0,9.5,-105.0,-115.0
2023-05-24,ATL,LAD,4.0,3.0,9.5,-117.0,107.0
2023-05-24,CHC,NYM,4.0,2.0,6.5,-115.0,-105.0
2023-05-24,CIN,STL,10.0,3.0,11.0,135.0,-160.0
2023-05-24,CLE,CHW,0.0,6.0,8.0,-145.0,122.0
2023-05-24,COL,FLA,2.0,10.0,10.5,145.0,-167.0
2023-05-24,KCR,DET,4.0,6.0,8.5,-116.0,106.0
2023-05-24,MIL,HOU,4.0,0.0,9.0,-110.0,-110.0
2023-05-24,MIN,SFG,7.0,1.0,7.5,-147.0,123.0
2023-05-24,NYY,BAL,6.0,9.0,8.5,-139.0,129.0
2023-05-24,PHI,ARI,6.0,5.0,8.5,-105.0,-105.0
2023-05-24,PIT,TEX,2.0,3.0,9.0,103.0,-113.0
2023-05-24,SEA,OAK,6.0,1.0,8.5,-300.0,240.0
2023-05-24,TBD,TOR,7.0,3.0,8.0,-175.0,155.0
2023-05-24,WSN,SDP,5.0,3.0,9.5,126.0,-150.0
2023-05-25,ATL,PHI,8.0,5.0,9.5,-110.0,-110.0
2023-05-25,CHC,NYM,1.0,10.0,8.0,-110.0,-110.0
2023-05-25,CIN,STL,1.0,2.0,9.5,105.0,-125.0
2023-05-25,COL,FLA,7.0,6.0,11.0,109.0,-119.0
2023-05-25,DET,CHW,7.0,2.0,8.0,130.0,-150.0
2023-05-25,MIL,SFG,0.0,5.0,9.0,115.0,-135.0
2023-05-25,NYY,BAL,1.0,3.0,9.0,-140.0,117.0
2023-05-25,SEA,OAK,3.0,2.0,7.5,-250.0,210.0
2023-05-25,TBD,TOR,6.0,3.0,8.0,-175.0,150.0
2023-05-25,WSN,SDP,6.0,8.0,9.5,170.0,-200.0
2023-05-26,ANA,FLA,2.0,6.0,8.5,-141.0,120.0
2023-05-26,ARI,BOS,2.0,7.0,8.5,110.0,-132.0
2023-05-26,ATL,PHI,4.0,6.0,10.0,-155.0,130.0
2023-05-26,BAL,TEX,2.0,12.0,9.0,-130.0,120.0
2023-05-26,CHC,CIN,0.0,9.0,6.5,-145.0,125.0
2023-05-26,CLE,STL,4.0,3.0,8.0,-110.0,100.0
2023-05-26,COL,NYM,2.0,5.0,11.5,175.0,-210.0
2023-05-26,DET,CHW,3.0,12.0,8.5,130.0,-150.0
2023-05-26,KCR,WSN,10.0,12.0,9.5,-115.0,-105.0
2023-05-26,MIL,SFG,1.0,15.0,8.0,-150.0,130.0
2023-05-26,MIN,TOR,1.0,3.0,7.5,126.0,-150.0
2023-05-26,NYY,SDP,1.0,5.0,9.5,-105.0,-115.0
2023-05-26,OAK,HOU,2.0,5.0,8.5,230.0,-290.0
2023-05-26,SEA,PIT,6.0,11.0,7.0,-160.0,134.0
2023-05-26,TBD,LAD,9.0,3.0,9.5,-126.0,116.0
2023-05-27,ANA,FLA,5.0,8.0,7.5,-200.0,180.0
2023-05-27,ARI,BOS,1.0,2.0,9.5,105.0,-125.0
2023-05-27,ATL,PHI,1.0,2.0,8.5,-130.0,110.0
2023-05-27,BAL,TEX,3.0,5.0,8.5,-107.0,-103.0
2023-05-27,CHC,CIN,5.0,8.0,8.5,-170.0,155.0
2023-05-27,CLE,STL,1.0,2.0,8.5,-105.0,-105.0
2023-05-27,COL,NYM,10.0,7.0,11.0,170.0,-200.0
2023-05-27,DET,CHW,7.0,3.0,8.5,-110.0,100.0
2023-05-27,KCR,WSN,2.0,4.0,9.5,-114.0,104.0
2023-05-27,MIL,SFG,1.0,3.0,7.5,-115.0,-105.0
2023-05-27,MIN,TOR,9.0,7.0,8.0,-112.0,102.0
2023-05-27,NYY,SDP,3.0,2.0,8.5,-160.0,135.0
2023-05-27,OAK,HOU,3.0,6.0,8.5,275.0,-350.0
2023-05-27,SEA,PIT,5.0,0.0,7.5,-230.0,190.0
2023-05-27,TBD,LAD,5.0,6.0,8.0,-111.0,101.0
2023-05-28,ANA,FLA,0.0,2.0,9.0,-130.0,110.0
2023-05-28,ARI,BOS,4.0,2.0,8.5,-124.0,114.0
2023-05-28,ATL,PHI,11.0,4.0,9.0,-250.0,210.0
2023-05-28,BAL,TEX,3.0,2.0,9.0,-150.0,130.0
2023-05-28,CHC,CIN,5.0,8.0,7.5,-170.0,150.0
2023-05-28,CLE,STL,4.0,3.0,8.0,122.0,-145.0
2023-05-28,COL,NYM,11.0,10.0,13.0,117.0,-140.0
2023-05-28,DET,CHW,6.0,5.0,8.0,102.0,-112.0
2023-05-28,KCR,WSN,3.0,2.0,9.0,-115.0,-105.0
2023-05-28,MIL,SFG,7.0,5.0,8.0,112.0,-122.0
2023-05-28,MIN,TOR,0.0,3.0,8.5,-105.0,-115.0
2023-05-28,NYY,SDP,10.0,7.0,7.5,-126.0,116.0
2023-05-28,OAK,HOU,1.0,10.0,8.5,230.0,-280.0
2023-05-28,SEA,PIT,6.0,3.0,8.5,-140.0,130.0
2023-05-28,TBD,LAD,11.0,10.0,9.5,-123.0,113.0
2023-05-29,ARI,COL,7.0,5.0,9.5,-200.0,170.0
2023-05-29,BAL,CLE,0.0,5.0,8.0,-134.0,124.0
2023-05-29,CHW,ANA,4.0,6.0,9.0,-140.0,117.0
2023-05-29,CHC,TBD,1.0,0.0,8.0,105.0,-125.0
2023-05-29,DET,TEX,0.0,5.0,8.5,160.0,-180.0
2023-05-29,HOU,MIN,5.0,7.0,8.0,-121.0,111.0
2023-05-29,LAD,WSN,6.0,1.0,9.0,-260.0,210.0
2023-05-29,OAK,ATL,7.0,2.0,9.0,210.0,-260.0
2023-05-29,SEA,NYY,4.0,10.0,7.5,-135.0,115.0
2023-05-29,SFG,PIT,14.0,4.0,8.5,-132.0,122.0
2023-05-29,STL,KCR,0.0,7.0,9.5,-180.0,160.0
2023-05-30,ARI,COL,5.0,1.0,8.5,-250.0,210.0
2023-05-30,BAL,CLE,8.0,5.0,9.0,-140.0,117.0
2023-05-30,BOS,CIN,8.0,9.0,9.5,-170.0,141.0
2023-05-30,CHW,ANA,7.0,3.0,9.5,-145.0,130.0
2023-05-30,CHC,TBD,2.0,1.0,8.5,148.0,-180.0
2023-05-30,DET,TEX,6.0,10.0,8.5,105.0,-125.0
2023-05-30,HOU,MIN,5.0,1.0,8.5,-115.0,-105.0
2023-05-30,LAD,WSN,9.0,3.0,8.5,-320.0,260.0
2023-05-30,FLA,SDP,4.0,9.0,8.0,-140.0,117.0
2023-05-30,NYM,PHI,2.0,0.0,8.5,-150.0,130.0
2023-05-30,OAK,ATL,2.0,1.0,8.5,205.0,-250.0
2023-05-30,SEA,NYY,2.0,10.0,7.0,-145.0,125.0
2023-05-30,SFG,PIT,1.0,2.0,8.5,-155.0,140.0
2023-05-30,STL,KCR,2.0,1.0,9.0,-200.0,170.0
2023-05-30,TOR,MIL,7.0,2.0,9.0,-155.0,140.0
2023-05-31,ARI,COL,6.0,0.0,10.0,-160.0,135.0
2023-05-31,BAL,CLE,8.0,12.0,8.5,-105.0,-115.0
2023-05-31,BOS,CIN,4.0,5.0,10.5,-165.0,145.0
2023-05-31,CHW,ANA,5.0,12.0,9.0,-145.0,125.0
2023-05-31,CHC,TBD,3.0,4.0,8.5,120.0,-140.0
2023-05-31,DET,TEX,3.0,2.0,9.0,135.0,-160.0
2023-05-31,HOU,MIN,2.0,8.0,7.5,-185.0,165.0
2023-05-31,LAD,WSN,6.0,10.0,9.5,-245.0,205.0
2023-05-31,FLA,SDP,2.0,1.0,8.5,102.0,-112.0
2023-05-31,NYM,PHI,4.0,1.0,9.0,110.0,-120.0
2023-05-31,OAK,ATL,2.0,4.0,9.5,200.0,-250.0
2023-05-31,SEA,NYY,1.0,0.0,7.5,-138.0,128.0
2023-05-31,SFG,PIT,4.0,9.0,7.5,-114.0,104.0
2023-05-31,TOR,MIL,2.0,4.0,10.0,-150.0,126.0
2023-06-01,ARI,COL,5.0,4.0,9.5,-175.0,148.0
2023-06-01,BOS,CIN,8.0,2.0,9.5,-170.0,145.0
2023-06-01,HOU,ANA,5.0,2.0,9.0,-142.0,119.0
2023-06-01,FLA,SDP,1.0,10.0,7.5,100.0,-120.0
2023-06-01,MIN,CLE,7.0,6.0,8.0,-141.0,120.0
2023-06-01,NYM,PHI,4.0,2.0,8.5,-180.0,160.0
2023-06-01,TOR,MIL,3.0,1.0,8.0,-185.0,155.0
2023-06-02,ARI,ATL,3.0,2.0,9.0,102.0,-112.0
2023-06-02,CHW,DET,3.0,0.0,9.0,-158.0,143.0
2023-06-02,CIN,MIL,4.0,5.0,10.0,140.0,-165.0
2023-06-02,HOU,ANA,6.0,2.0,7.5,-130.0,110.0
2023-06-02,KCR,COL,2.0,7.0,9.5,-125.0,105.0
2023-06-02,LAD,NYY,8.0,4.0,8.0,-152.0,127.0
2023-06-02,FLA,OAK,4.0,0.0,8.5,-210.0,170.0
2023-06-02,MIN,CLE,1.0,0.0,8.0,-130.0,110.0
2023-06-02,NYM,TOR,0.0,3.0,8.5,-130.0,110.0
2023-06-02,PIT,STL,7.0,5.0,9.5,129.0,-144.0
2023-06-02,SDP,CHC,1.0,2.0,9.0,-182.0,155.0
2023-06-02,SFG,BAL,2.0,3.0,7.5,-165.0,139.0
2023-06-02,TEX,SEA,2.0,0.0,7.5,-110.0,-110.0
2023-06-02,WSN,PHI,8.0,7.0,9.0,160.0,-180.0
2023-06-03,ARI,ATL,2.0,5.0,9.0,195.0,-240.0
2023-06-03,BOS,TBD,8.0,5.0,9.0,-117.0,107.0
2023-06-03,BOS,TBD,2.0,4.0,8.5,136.0,-162.0
2023-06-03,CHW,DET,2.0,1.0,8.5,-155.0,140.0
2023-06-03,CIN,MIL,8.0,10.0,10.0,-105.0,-105.0
2023-06-03,HOU,ANA,9.0,6.0,8.5,-165.0,145.0
2023-06-03,KCR,COL,4.0,6.0,9.5,-150.0,135.0
2023-06-03,LAD,NYY,3.0,6.0,9.0,-110.0,-110.0
2023-06-03,FLA,OAK,12.0,1.0,8.0,-220.0,185.0
2023-06-03,MIN,CLE,2.0,4.0,7.0,-126.0,116.0
2023-06-03,NYM,TOR,1.0,2.0,8.5,118.0,-128.0
2023-06-03,PIT,STL,4.0,3.0,9.5,125.0,-143.0
2023-06-03,SDP,CHC,6.0,0.0,8.0,-180.0,160.0
2023-06-03,SFG,BAL,4.0,0.0,7.5,-135.0,110.0
2023-06-03,TEX,SEA,16.0,6.0,8.5,-150.0,126.0
2023-06-03,WSN,PHI,2.0,4.0,8.5,-110.0,-110.0
2023-06-04,ARI,ATL,5.0,8.0,8.5,-130.0,110.0
2023-06-04,BOS,TBD,2.0,6.0,9.0,110.0,-120.0
2023-06-04,CHW,DET,6.0,2.0,8.5,-170.0,141.0
2023-06-04,CIN,MIL,1.0,5.0,9.5,-118.0,108.0
2023-06-04,HOU,ANA,1.0,2.0,9.0,-150.0,135.0
2023-06-04,KCR,COL,2.0,0.0,9.0,-150.0,130.0
2023-06-04,LAD,NYY,1.0,4.0,8.5,-178.0,146.0
2023-06-04,FLA,OAK,7.0,5.0,7.5,-240.0,195.0
2023-06-04,MIN,CLE,1.0,2.0,7.5,-135.0,125.0
2023-06-04,NYM,TOR,4.0,6.0,8.5,-141.0,120.0
2023-06-04,PIT,STL,2.0,1.0,8.5,130.0,-150.0
2023-06-04,SDP,CHC,1.0,7.0,9.0,-105.0,-105.0
2023-06-04,SFG,BAL,3.0,8.0,8.0,-102.0,-108.0
2023-06-04,TEX,SEA,12.0,3.0,8.0,-160.0,145.0
2023-06-04,WSN,PHI,3.0,11.0,9.0,128.0,-153.0
2023-06-05,BOS,TBD,1.0,4.0,8.0,125.0,-145.0
2023-06-05,CIN,MIL,2.0,0.0,9.5,-115.0,105.0
2023-06-05,FLA,KCR,9.0,6.0,7.5,-165.0,140.0
2023-06-05,PHI,DET,8.0,3.0,8.5,-270.0,220.0
2023-06-05,PIT,OAK,5.0,4.0,9.0,-185.0,153.0
2023-06-05,SDP,CHC,5.0,0.0,9.0,-175.0,145.0
2023-06-05,TEX,STL,4.0,3.0,10.0,-145.0,125.0
2023-06-05,TOR,HOU,4.0,11.0,10.0,-115.0,-105.0
2023-06-06,ANA,CHC,7.0,4.0,9.5,-120.0,100.0
2023-06-06,ATL,NYM,6.0,4.0,10.5,-167.0,145.0
2023-06-06,CIN,LAD,9.0,8.0,10.5,160.0,-190.0
2023-06-06,CLE,BOS,4.0,5.0,7.5,-105.0,-105.0
2023-06-06,COL,SFG,4.0,10.0,11.0,139.0,-165.0
2023-06-06,FLA,KCR,6.0,1.0,7.5,-165.0,150.0
2023-06-06,MIL,BAL,4.0,3.0,8.5,-130.0,110.0
2023-06-06,NYY,CHW,2.0,3.0,8.0,-140.0,117.0
2023-06-06,PHI,DET,1.0,0.0,9.0,-185.0,155.0
2023-06-06,PIT,OAK,2.0,11.0,8.5,-294.0,235.0
2023-06-06,SDP,SEA,1.0,4.0,7.5,-130.0,110.0
2023-06-06,TBD,MIN,7.0,0.0,7.5,-165.0,140.0
2023-06-06,TEX,STL,6.0,4.0,9.5,-135.0,125.0
2023-06-06,TOR,HOU,5.0,1.0,8.0,-140.0,120.0
2023-06-06,WSN,ARI,5.0,10.0,10.0,115.0,-135.0
2023-06-07,ANA,CHC,6.0,2.0,9.0,-145.0,125.0
2023-06-07,ATL,NYM,7.0,5.0,9.5,-125.0,115.0
2023-06-07,CIN,LAD,8.0,6.0,11.0,135.0,-160.0
2023-06-07,CLE,BOS,5.0,2.0,7.5,-135.0,115.0
2023-06-07,COL,SFG,4.0,5.0,11.0,190.0,-230.0
2023-06-07,FLA,KCR,6.0,1.0,8.0,-190.0,156.0
2023-06-07,MIL,BAL,10.0,2.0,8.0,-140.0,120.0
2023-06-07,PIT,OAK,5.0,9.0,9.5,-190.0,156.0
2023-06-07,SDP,SEA,10.0,3.0,7.5,-110.0,100.0
2023-06-07,TBD,MIN,2.0,1.0,8.0,-112.0,102.0
2023-06-07,TEX,STL,0.0,1.0,9.0,-135.0,115.0
2023-06-07,TOR,HOU,3.0,2.0,9.0,-150.0,130.0
2023-06-07,WSN,ARI,2.0,6.0,10.0,100.0,-120.0
2023-06-08,ANA,CHC,3.0,1.0,9.0,-126.0,116.0
2023-06-08,ATL,NYM,13.0,10.0,8.5,-185.0,155.0
2023-06-08,CIN,LAD,0.0,6.0,9.5,200.0,-250.0
2023-06-08,CLE,BOS,10.0,3.0,8.5,-150.0,130.0
2023-06-08,COL,SFG,4.0,6.0,12.0,155.0,-175.0
2023-06-08,MIL,BAL,3.0,6.0,9.0,-110.0,-110.0
2023-06-08,NYY,CHW,5.0,6.0,8.0,-133.0,123.0
2023-06-08,NYY,CHW,3.0,0.0,8.5,-130.0,120.0
2023-06-08,PHI,DET,3.0,2.0,7.5,-250.0,200.0
2023-06-08,TBD,MIN,4.0,2.0,8.0,-115.0,-105.0
2023-06-08,TOR,HOU,3.0,2.0,8.0,-105.0,-115.0
2023-06-09,ANA,SEA,5.0,4.0,7.5,-120.0,100.0
2023-06-09,ATL,WSN,3.0,2.0,10.0,-200.0,170.0
2023-06-09,BAL,KCR,3.0,2.0,8.0,-185.0,165.0
2023-06-09,CHW,FLA,2.0,1.0,8.0,-126.0,106.0
2023-06-09,CLE,HOU,10.0,9.0,8.0,-110.0,-110.0
2023-06-09,COL,SDP,6.0,9.0,11.5,170.0,-200.0
2023-06-09,DET,ARI,6.0,11.0,8.0,125.0,-145.0
2023-06-09,MIL,OAK,2.0,5.0,9.5,-260.0,210.0
2023-06-09,NYY,BOS,2.0,3.0,8.0,-160.0,135.0
2023-06-09,PHI,LAD,5.0,4.0,9.5,-101.0,-109.0
2023-06-09,PIT,NYM,14.0,7.0,9.5,-110.0,100.0
2023-06-09,SFG,CHC,2.0,3.0,8.0,-110.0,-110.0
2023-06-09,STL,CIN,7.0,4.0,8.0,-179.0,150.0
2023-06-09,TBD,TEX,8.0,3.0,8.0,-155.0,140.0
2023-06-09,TOR,MIN,2.0,3.0,8.5,-119.0,109.0
2023-06-10,ANA,SEA,2.0,6.0,9.0,-145.0,125.0
2023-06-10,ATL,WSN,6.0,4.0,9.5,-185.0,165.0
2023-06-10,BAL,KCR,6.0,1.0,9.5,-145.0,122.0
2023-06-10,CHW,FLA,1.0,5.0,8.5,-120.0,100.0
2023-06-10,CLE,HOU,4.0,6.0,8.0,-130.0,120.0
2023-06-10,COL,SDP,2.0,3.0,12.5,120.0,-140.0
2023-06-10,DET,ARI,0.0,5.0,9.0,105.0,-125.0
2023-06-10,MIL,OAK,1.0,2.0,9.5,-180.0,148.0
2023-06-10,NYY,BOS,3.0,1.0,9.0,-135.0,115.0
2023-06-10,PHI,LAD,0.0,9.0,8.5,100.0,-120.0
2023-06-10,PIT,NYM,1.0,5.0,9.5,100.0,-120.0
2023-06-10,SFG,CHC,0.0,4.0,8.5,-170.0,155.0
2023-06-10,STL,CIN,4.0,8.0,9.0,-175.0,150.0
2023-06-10,TBD,TEX,4.0,8.0,8.0,-110.0,100.0
2023-06-10,TOR,MIN,4.0,9.0,8.5,-128.0,118.0
2023-06-11,ANA,SEA,9.0,4.0,8.5,100.0,-120.0
2023-06-11,ATL,WSN,2.0,6.0,9.5,-280.0,230.0
2023-06-11,BAL,KCR,11.0,3.0,9.0,-160.0,135.0
2023-06-11,CHW,FLA,5.0,6.0,8.0,-112.0,102.0
2023-06-11,CLE,HOU,5.0,0.0,8.0,-120.0,110.0
2023-06-11,COL,SDP,5.0,4.0,11.5,170.0,-200.0
2023-06-11,DET,ARI,5.0,7.0,8.5,190.0,-230.0
2023-06-11,MIL,OAK,6.0,8.0,8.0,-200.0,170.0
2023-06-11,NYY,BOS,2.0,3.0,8.5,-115.0,105.0
2023-06-11,PHI,LAD,7.0,3.0,10.5,117.0,-140.0
2023-06-11,PIT,NYM,2.0,1.0,8.5,-135.0,115.0
2023-06-11,SFG,CHC,13.0,3.0,8.5,-150.0,130.0
2023-06-11,STL,CIN,3.0,4.0,8.0,-115.0,-105.0
2023-06-11,TBD,TEX,7.0,3.0,8.5,-200.0,170.0
2023-06-11,TOR,MIN,7.0,6.0,7.5,-210.0,175.0
2023-06-12,ARI,PHI,9.0,8.0,10.0,100.0,-120.0
2023-06-12,BOS,COL,3.0,4.0,9.0,-245.0,200.0
2023-06-12,DET,ATL,6.0,5.0,9.0,210.0,-260.0
2023-06-12,KCR,CIN,4.0,5.0,8.5,-110.0,-110.0
2023-06-12,OAK,TBD,4.0,3.0,8.5,220.0,-270.0
2023-06-12,SEA,FLA,8.0,1.0,7.5,-108.0,-102.0
2023-06-12,STL,SFG,3.0,4.0,8.0,112.0,-122.0
2023-06-12,TEX,ANA,6.0,9.0,10.0,-160.0,135.0
2023-06-13,ARI,PHI,3.0,15.0,9.0,121.0,-131.0
2023-06-13,BAL,TOR,11.0,6.0,9.0,105.0,-125.0
2023-06-13,BOS,COL,6.0,7.0,9.0,-220.0,180.0
2023-06-13,CHC,PIT,11.0,3.0,9.0,-124.0,114.0
2023-06-13,HOU,WSN,6.0,1.0,8.5,-270.0,220.0
2023-06-13,KCR,CIN,4.0,5.0,10.0,100.0,-110.0
2023-06-13,LAD,CHW,5.0,1.0,9.0,-200.0,170.0
2023-06-13,MIN,MIL,7.0,5.0,7.0,-128.0,118.0
2023-06-13,NYM,NYY,6.0,7.0,7.5,-165.0,139.0
2023-06-13,OAK,TBD,2.0,1.0,9.0,175.0,-210.0
2023-06-13,SDP,CLE,6.0,3.0,7.5,-180.0,148.0
2023-06-13,SEA,FLA,9.0,3.0,7.0,-155.0,130.0
2023-06-13,STL,SFG,3.0,11.0,9.0,-115.0,-105.0
2023-06-13,TEX,ANA,3.0,7.0,9.5,-130.0,115.0
2023-06-14,ARI,PHI,3.0,4.0,8.0,-125.0,105.0
2023-06-14,BAL,TOR,1.0,3.0,8.5,100.0,-110.0
2023-06-14,BOS,COL,6.0,3.0,9.5,-230.0,190.0
2023-06-14,CHC,PIT,10.0,6.0,9.0,-150.0,130.0
2023-06-14,DET,ATL,7.0,10.0,8.5,220.0,-270.0
2023-06-14,DET,ATL,5.0,6.0,9.5,122.0,-145.0
2023-06-14,HOU,WSN,5.0,4.0,7.5,-250.0,210.0
2023-06-14,KCR,CIN,4.0,7.0,9.5,100.0,-110.0
2023-06-14,LAD,CHW,4.0,8.0,8.0,-260.0,210.0
2023-06-14,MIN,MIL,4.0,2.0,8.5,-155.0,140.0
2023-06-14,NYM,NYY,4.0,3.0,7.5,-110.0,-110.0
2023-06-14,OAK,TBD,3.0,6.0,8.0,225.0,-275.0
2023-06-14,SDP,CLE,5.0,0.0,8.5,-155.0,140.0
2023-06-14,SEA,FLA,1.0,4.0,6.5,-182.0,150.0
2023-06-14,STL,SFG,5.0,8.0,8.5,-150.0,130.0
2023-06-14,TEX,ANA,6.0,3.0,9.0,-140.0,120.0
2023-06-15,ARI,PHI,4.0,5.0,9.0,120.0,-130.0
2023-06-15,ATL,COL,8.0,3.0,9.0,-250.0,205.0
2023-06-15,BAL,TOR,4.0,2.0,9.0,-115.0,105.0
2023-06-15,CHC,PIT,7.0,2.0,7.0,-150.0,130.0
2023-06-15,HOU,WSN,1.0,4.0,8.0,-200.0,170.0
2023-06-15,LAD,CHW,5.0,4.0,9.0,-145.0,122.0
2023-06-15,MIN,DET,4.0,8.0,7.5,-210.0,175.0
2023-06-15,OAK,TBD,3.0,4.0,8.5,175.0,-210.0
2023-06-15,SDP,CLE,6.0,8.0,9.0,-118.0,102.0
2023-06-15,TEX,ANA,3.0,5.0,8.0,-132.0,117.0
2023-06-16,ARI,CLE,5.0,1.0,8.5,-190.0,156.0
2023-06-16,ATL,COL,8.0,1.0,10.5,-250.0,200.0
2023-06-16,BOS,NYY,15.0,5.0,10.0,-122.0,112.0
2023-06-16,CHC,BAL,10.0,3.0,8.5,-135.0,113.0
2023-06-16,HOU,CIN,1.0,2.0,8.5,-185.0,148.0
2023-06-16,KCR,ANA,0.0,3.0,9.0,126.0,-150.0
2023-06-16,LAD,SFG,5.0,7.0,8.5,-130.0,110.0
2023-06-16,MIL,PIT,5.0,4.0,8.5,-115.0,-105.0
2023-06-16,MIN,DET,1.0,7.0,7.5,-250.0,210.0
2023-06-16,NYM,STL,6.0,1.0,9.0,100.0,-120.0
2023-06-16,OAK,PHI,1.0,6.0,8.5,120.0,-140.0
2023-06-16,SDP,TBD,2.0,6.0,7.5,-110.0,-110.0
2023-06-16,SEA,CHW,3.0,2.0,7.0,-130.0,120.0
2023-06-16,TEX,TOR,1.0,2.0,9.0,130.0,-155.0
2023-06-16,WSN,FLA,5.0,6.0,8.0,122.0,-145.0
2023-06-17,ARI,CLE,6.0,3.0,9.0,-110.0,-110.0
2023-06-17,ATL,COL,10.0,2.0,10.0,-300.0,240.0
2023-06-17,CHC,BAL,3.0,2.0,8.0,-133.0,123.0
2023-06-17,HOU,CIN,3.0,10.0,8.0,-125.0,105.0
2023-06-17,KCR,ANA,10.0,9.0,10.0,140.0,-155.0
2023-06-17,LAD,SFG,0.0,15.0,8.5,-163.0,137.0
2023-06-17,MIL,PIT,5.0,0.0,8.5,100.0,-110.0
2023-06-17,MIN,DET,2.0,0.0,9.0,-180.0,160.0
2023-06-17,NYM,STL,3.0,5.0,9.0,-150.0,135.0
2023-06-17,OAK,PHI,2.0,3.0,9.5,150.0,-175.0
2023-06-17,SDP,TBD,2.0,0.0,8.5,-120.0,100.0
2023-06-17,SEA,CHW,3.0,4.0,7.0,-150.0,130.0
2023-06-17,TEX,TOR,4.0,2.0,9.0,-115.0,-105.0
2023-06-17,WSN,FLA,2.0,5.0,9.0,150.0,-170.0
2023-06-18,ARI,CLE,3.0,12.0,9.0,-110.0,-110.0
2023-06-18,ATL,COL,14.0,6.0,9.5,-300.0,250.0
2023-06-18,BOS,NYY,6.0,2.0,9.0,-105.0,-115.0
2023-06-18,BOS,NYY,4.0,1.0,8.5,-130.0,115.0
2023-06-18,CHC,BAL,3.0,6.0,9.0,-105.0,-105.0
2023-06-18,HOU,CIN,7.0,9.0,9.0,-150.0,130.0
2023-06-18,KCR,ANA,2.0,5.0,9.0,100.0,-120.0
2023-06-18,LAD,SFG,3.0,7.0,8.5,-115.0,-105.0
2023-06-18,MIL,PIT,5.0,2.0,8.5,-175.0,145.0
2023-06-18,MIN,DET,4.0,6.0,7.5,-188.0,160.0
2023-06-18,NYM,STL,7.0,8.0,9.5,-130.0,120.0
2023-06-18,OAK,PHI,2.0,3.0,7.5,180.0,-220.0
2023-06-18,SDP,TBD,5.0,4.0,8.5,-150.0,135.0
2023-06-18,SEA,CHW,5.0,1.0,7.5,-155.0,130.0
2023-06-18,TEX,TOR,11.0,7.0,8.5,-150.0,126.0
2023-06-18,WSN,FLA,2.0,4.0,9.0,135.0,-160.0
2023-06-19,CHW,TEX,2.0,5.0,9.5,114.0,-136.0
2023-06-19,CIN,COL,5.0,4.0,10.5,-170.0,150.0
2023-06-19,DET,KCR,6.0,4.0,9.0,-150.0,130.0
2023-06-19,HOU,NYM,1.0,11.0,7.5,-115.0,105.0
2023-06-19,FLA,TOR,11.0,0.0,8.0,140.0,-155.0
2023-06-19,MIL,ARI,1.0,9.0,7.5,-117.0,-103.0
2023-06-19,MIN,BOS,3.0,9.0,7.5,-145.0,122.0
2023-06-19,PIT,CHC,0.0,8.0,9.0,105.0,-125.0
2023-06-19,SFG,SDP,7.0,4.0,8.0,100.0,-120.0
2023-06-19,WSN,STL,6.0,8.0,9.5,126.0,-150.0
2023-06-20,ANA,LAD,0.0,2.0,8.5,120.0,-141.0
2023-06-20,CHW,TEX,7.0,6.0,8.5,141.0,-170.0
2023-06-20,CIN,COL,8.0,6.0,10.0,-200.0,170.0
2023-06-20,CLE,OAK,3.0,2.0,9.0,-250.0,210.0
2023-06-20,DET,KCR,0.0,1.0,8.5,-145.0,122.0
2023-06-20,HOU,NYM,4.0,2.0,7.5,-130.0,120.0
2023-06-20,FLA,TOR,0.0,2.0,7.5,-120.0,100.0
2023-06-20,MIL,ARI,7.0,5.0,9.0,-125.0,105.0
2023-06-20,MIN,BOS,4.0,10.0,8.5,-125.0,105.0
2023-06-20,NYY,SEA,3.0,1.0,7.0,-110.0,-110.0
2023-06-20,PHI,ATL,2.0,4.0,8.5,135.0,-150.0
2023-06-20,PIT,CHC,0.0,4.0,8.0,122.0,-145.0
2023-06-20,SFG,SDP,4.0,3.0,8.5,-105.0,-115.0
2023-06-20,TBD,BAL,6.0,8.0,7.5,-170.0,155.0
2023-06-20,WSN,STL,3.0,9.0,8.0,122.0,-145.0
2023-06-21,ANA,LAD,0.0,2.0,9.0,-150.0,130.0
2023-06-21,CHW,TEX,3.0,6.0,9.5,-110.0,100.0
2023-06-21,CIN,COL,5.0,3.0,9.5,-220.0,180.0
2023-06-21,CLE,OAK,7.0,6.0,8.0,-180.0,160.0
2023-06-21,DET,KCR,9.0,4.0,8.5,-140.0,120.0
2023-06-21,HOU,NYM,10.0,8.0,8.5,-145.0,122.0
2023-06-21,FLA,TOR,3.0,6.0,6.5,115.0,-125.0
2023-06-21,MIL,ARI,1.0,5.0,8.5,130.0,-150.0
2023-06-21,MIN,BOS,5.0,4.0,8.5,-114.0,104.0
2023-06-21,NYY,SEA,4.0,2.0,7.5,130.0,-150.0
2023-06-21,PIT,CHC,3.0,8.0,9.0,100.0,-120.0
2023-06-21,SFG,SDP,4.0,2.0,7.5,105.0,-115.0
2023-06-21,TBD,BAL,7.0,2.0,8.0,-140.0,130.0
2023-06-21,WSN,STL,3.0,0.0,9.0,135.0,-160.0
2023-06-22,CLE,OAK,6.0,1.0,7.5,-175.0,150.0
2023-06-22,FLA,PIT,6.0,4.0,7.0,-165.0,140.0
2023-06-22,MIN,BOS,6.0,0.0,9.0,-150.0,126.0
2023-06-22,NYY,SEA,2.0,10.0,7.5,-110.0,-110.0
2023-06-22,PHI,ATL,1.0,5.0,8.0,-125.0,105.0
2023-06-22,SFG,SDP,0.0,10.0,8.5,126.0,-150.0
2023-06-22,TBD,KCR,5.0,6.0,7.5,-345.0,270.0
2023-06-22,WSN,ARI,3.0,5.0,9.0,130.0,-155.0
2023-06-23,BAL,SEA,1.0,13.0,8.5,-105.0,-115.0
2023-06-23,CHW,BOS,1.0,3.0,8.5,115.0,-125.0
2023-06-23,CIN,ATL,11.0,10.0,11.5,136.0,-151.0
2023-06-23,CLE,MIL,1.0,7.0,7.5,-130.0,120.0
2023-06-23,COL,ANA,7.0,4.0,12.0,130.0,-155.0
2023-06-23,DET,MIN,1.0,4.0,9.0,115.0,-125.0
2023-06-23,LAD,HOU,3.0,2.0,8.5,-145.0,130.0
2023-06-23,FLA,PIT,1.0,3.0,7.5,-220.0,180.0
2023-06-23,NYY,TEX,2.0,4.0,8.5,-110.0,-110.0
2023-06-23,PHI,NYM,5.0,1.0,9.5,-115.0,-105.0
2023-06-23,SDP,WSN,13.0,3.0,8.0,-280.0,240.0
2023-06-23,SFG,ARI,8.0,5.0,7.5,-175.0,145.0
2023-06-23,TBD,KCR,11.0,3.0,7.5,-270.0,220.0
2023-06-23,TOR,OAK,4.0,5.0,9.0,-315.0,255.0
2023-06-24,BAL,SEA,6.0,4.0,9.0,-120.0,100.0
2023-06-24,CHW,BOS,5.0,4.0,8.5,102.0,-112.0
2023-06-24,CIN,ATL,6.0,7.0,12.5,115.0,-135.0
2023-06-24,CLE,MIL,4.0,2.0,8.0,-120.0,100.0
2023-06-24,COL,ANA,1.0,25.0,12.5,135.0,-150.0
2023-06-24,DET,MIN,3.0,2.0,7.5,140.0,-165.0
2023-06-24,LAD,HOU,8.0,7.0,8.5,-182.0,155.0
2023-06-24,FLA,PIT,4.0,3.0,8.0,-170.0,145.0
2023-06-24,NYY,TEX,1.0,0.0,9.0,130.0,-155.0
2023-06-24,PHI,NYM,2.0,4.0,9.5,112.0,-122.0
2023-06-24,SDP,WSN,0.0,2.0,9.0,-175.0,157.0
2023-06-24,SFG,ARI,7.0,6.0,8.0,-105.0,-111.0
2023-06-24,STL,CHC,1.0,9.0,13.5,110.0,-130.0
2023-06-24,TBD,KCR,4.0,9.0,9.0,-250.0,200.0
2023-06-24,TOR,OAK,7.0,3.0,9.0,-275.0,225.0
2023-06-25,BAL,SEA,3.0,2.0,8.0,105.0,-115.0
2023-06-25,CHW,BOS,4.0,1.0,10.0,100.0,-120.0
2023-06-25,CIN,ATL,6.0,7.0,11.5,185.0,-225.0
2023-06-25,CLE,MIL,4.0,5.0,8.0,-110.0,-110.0
2023-06-25,COL,ANA,4.0,3.0,13.0,140.0,-155.0
2023-06-25,DET,MIN,3.0,6.0,7.5,105.0,-125.0
2023-06-25,LAD,HOU,5.0,6.0,8.5,-135.0,110.0
2023-06-25,FLA,PIT,2.0,0.0,7.0,-175.0,148.0
2023-06-25,NYY,TEX,5.0,3.0,8.0,-110.0,-110.0
2023-06-25,PHI,NYM,7.0,6.0,9.5,-185.0,165.0
2023-06-25,SDP,WSN,3.0,8.0,8.0,-200.0,170.0
2023-06-25,SFG,ARI,2.0,5.0,9.0,-138.0,115.0
2023-06-25,STL,CHC,7.0,5.0,12.0,130.0,-150.0
2023-06-25,TBD,KCR,3.0,1.0,8.5,-300.0,240.0
2023-06-25,TOR,OAK,12.0,1.0,9.0,-300.0,240.0
2023-06-26,ANA,CHW,2.0,1.0,8.5,-125.0,105.0
2023-06-26,ATL,MIN,4.0,1.0,8.5,-230.0,190.0
2023-06-26,BAL,CIN,10.0,3.0,10.0,-130.0,110.0
2023-06-26,NYM,MIL,1.0,2.0,8.5,-170.0,150.0
2023-06-26,SEA,WSN,8.0,4.0,8.0,-250.0,200.0
2023-06-26,TEX,DET,2.0,7.0,9.0,-200.0,170.0
2023-06-27,ANA,CHW,4.0,2.0,8.5,-175.0,145.0
2023-06-27,ARI,TBD,8.0,4.0,8.5,-130.0,110.0
2023-06-27,ATL,MIN,6.0,2.0,9.0,-150.0,126.0
2023-06-27,BAL,CIN,1.0,3.0,8.0,-150.0,135.0
2023-06-27,BOS,FLA,1.0,10.0,9.5,-130.0,110.0
2023-06-27,CHC,PHI,1.0,5.0,8.0,118.0,-128.0
2023-06-27,COL,LAD,0.0,5.0,11.0,240.0,-300.0
2023-06-27,KCR,CLE,1.0,2.0,9.0,117.0,-140.0
2023-06-27,NYM,MIL,7.0,2.0,9.0,-145.0,122.0
2023-06-27,OAK,NYY,2.0,1.0,8.0,120.0,-130.0
2023-06-27,PIT,SDP,9.0,4.0,9.5,130.0,-150.0
2023-06-27,SEA,WSN,4.0,7.0,8.0,-250.0,205.0
2023-06-27,STL,HOU,4.0,2.0,7.5,100.0,-110.0
2023-06-27,TEX,DET,8.0,3.0,9.5,-185.0,165.0
2023-06-27,TOR,SFG,0.0,3.0,8.0,-200.0,170.0
2023-06-28,ANA,CHW,5.0,11.0,9.0,-125.0,110.0
2023-06-28,ARI,TBD,2.0,3.0,9.5,130.0,-155.0
2023-06-28,ATL,MIN,3.0,0.0,10.0,-155.0,140.0
2023-06-28,BAL,CIN,7.0,11.0,9.5,-165.0,140.0
2023-06-28,BOS,FLA,2.0,6.0,9.0,124.0,-134.0
2023-06-28,CHC,PHI,5.0,8.0,8.5,120.0,-140.0
2023-06-28,COL,LAD,9.0,8.0,12.0,170.0,-200.0
2023-06-28,KCR,CLE,1.0,14.0,9.0,125.0,-145.0
2023-06-28,NYM,MIL,2.0,5.0,8.5,-150.0,130.0
2023-06-28,OAK,NYY,0.0,11.0,7.0,130.0,-155.0
2023-06-28,PIT,SDP,7.0,1.0,8.0,140.0,-165.0
2023-06-28,SEA,WSN,1.0,4.0,8.5,-270.0,220.0
2023-06-28,STL,HOU,7.0,10.0,9.0,-125.0,105.0
2023-06-28,TEX,DET,10.0,2.0,9.0,-240.0,200.0
2023-06-28,TOR,SFG,6.0,1.0,8.5,-110.0,-110.0
2023-06-29,ANA,CHW,7.0,9.0,9.0,-140.0,120.0
2023-06-29,ARI,TBD,1.0,6.0,9.5,-125.0,105.0
2023-06-29,BOS,FLA,0.0,2.0,8.5,-115.0,105.0
2023-06-29,CHC,PHI,1.0,3.0,9.5,-105.0,-115.0
2023-06-29,COL,LAD,3.0,14.0,12.0,170.0,-200.0
2023-06-29,KCR,CLE,4.0,3.0,9.0,130.0,-150.0
2023-06-29,NYM,MIL,2.0,3.0,8.5,-200.0,165.0
2023-06-29,OAK,NYY,4.0,10.0,8.0,155.0,-185.0
2023-06-29,PIT,SDP,5.0,4.0,8.5,170.0,-200.0
2023-06-29,STL,HOU,0.0,14.0,10.0,100.0,-120.0
2023-06-29,TEX,DET,5.0,8.0,8.0,-155.0,130.0
2023-06-29,TOR,SFG,2.0,1.0,9.5,-153.0,140.0
2023-06-30,ANA,ARI,2.0,6.0,10.0,-158.0,143.0
2023-06-30,ATL,FLA,16.0,4.0,10.0,-185.0,165.0
2023-06-30,BAL,MIN,1.0,8.0,8.5,-115.0,-105.0
2023-06-30,CHC,CLE,10.0,1.0,8.5,-200.0,170.0
2023-06-30,CIN,SDP,7.0,5.0,10.5,122.0,-145.0
2023-06-30,COL,DET,8.0,5.0,11.0,100.0,-120.0
2023-06-30,KCR,LAD,3.0,9.0,9.5,200.0,-250.0
2023-06-30,NYM,SFG,4.0,5.0,9.0,120.0,-140.0
2023-06-30,OAK,CHW,7.0,4.0,9.0,150.0,-175.0
2023-06-30,PHI,WSN,1.0,2.0,9.5,-195.0,160.0
2023-06-30,PIT,MIL,8.0,7.0,8.5,115.0,-125.0
2023-06-30,SEA,TBD,4.0,15.0,7.5,120.0,-130.0
2023-06-30,TEX,HOU,3.0,5.0,8.5,-175.0,150.0
2023-06-30,TOR,BOS,0.0,5.0,9.0,-145.0,125.0
2023-07-01,ANA,ARI,1.0,3.0,10.0,-117.0,107.0
2023-07-01,ATL,FLA,7.0,0.0,9.0,-167.0,140.0
2023-07-01,BAL,MIN,0.0,1.0,8.5,-145.0,125.0
2023-07-01,CHC,CLE,0.0,6.0,7.0,-135.0,115.0
2023-07-01,CIN,SDP,5.0,12.0,12.0,135.0,-160.0
2023-07-01,COL,DET,2.0,4.0,11.5,-110.0,-110.0
2023-07-01,KCR,LAD,6.0,4.0,9.0,200.0,-240.0
2023-07-01,NYM,SFG,4.0,1.0,8.5,-150.0,126.0
2023-07-01,OAK,CHW,7.0,6.0,8.5,180.0,-220.0
2023-07-01,PHI,WSN,19.0,4.0,8.5,-220.0,180.0
2023-07-01,PIT,MIL,8.0,11.0,8.0,125.0,-135.0
2023-07-01,SEA,TBD,8.0,3.0,7.0,-108.0,-108.0
2023-07-01,STL,NYY,11.0,4.0,9.0,-135.0,115.0
2023-07-01,STL,NYY,2.0,6.0,9.5,-115.0,-105.0
2023-07-01,TEX,HOU,5.0,2.0,8.0,-128.0,118.0
2023-07-01,TOR,BOS,6.0,7.0,9.0,-163.0,148.0
2023-07-02,ANA,ARI,5.0,2.0,8.5,-125.0,105.0
2023-07-02,ATL,FLA,6.0,3.0,8.5,-230.0,190.0
2023-07-02,BAL,MIN,2.0,1.0,9.0,105.0,-115.0
2023-07-02,CHC,CLE,6.0,8.0,7.5,-112.0,-108.0
2023-07-02,CIN,SDP,4.0,3.0,11.0,-130.0,110.0
2023-07-02,COL,DET,9.0,14.0,11.5,-125.0,105.0
2023-07-02,KCR,LAD,9.0,1.0,9.5,155.0,-182.0
2023-07-02,NYM,SFG,8.0,4.0,9.0,-138.0,115.0
2023-07-02,OAK,CHW,7.0,8.0,9.0,100.0,-120.0
2023-07-02,PHI,WSN,4.0,5.0,9.0,-260.0,210.0
2023-07-02,PIT,MIL,3.0,6.0,8.5,-116.0,100.0
2023-07-02,SEA,TBD,7.0,6.0,7.5,-127.0,117.0
2023-07-02,STL,NYY,5.0,1.0,7.5,-110.0,-110.0
2023-07-02,TEX,HOU,3.0,5.0,9.5,-145.0,125.0
2023-07-02,TOR,BOS,4.0,5.0,8.0,-200.0,170.0
2023-07-03,CLE,ATL,2.0,4.0,9.0,132.0,-158.0
2023-07-03,LAD,PIT,5.0,2.0,8.5,-180.0,150.0
2023-07-03,FLA,STL,5.0,4.0,8.0,-143.0,125.0
2023-07-03,MIL,CHC,8.0,6.0,9.0,-103.0,-107.0
2023-07-03,MIN,KCR,8.0,4.0,8.5,-225.0,185.0
2023-07-03,NYY,BAL,6.0,3.0,8.5,105.0,-115.0
2023-07-03,SDP,ANA,10.0,3.0,8.0,-200.0,170.0
2023-07-03,SFG,SEA,5.0,6.0,7.0,-128.0,118.0
2023-07-03,TEX,HOU,11.0,12.0,9.0,-140.0,130.0
2023-07-03,WSN,CIN,2.0,3.0,10.5,100.0,-110.0
2023-07-04,ARI,NYM,5.0,8.0,9.0,130.0,-150.0
2023-07-04,BOS,TEX,2.0,6.0,10.5,-101.0,-119.0
2023-07-04,CHW,TOR,3.0,4.0,8.0,111.0,-121.0
2023-07-04,CLE,ATL,6.0,5.0,9.0,120.0,-140.0
2023-07-04,DET,OAK,0.0,1.0,8.0,-175.0,155.0
2023-07-04,HOU,COL,4.0,1.0,8.5,-185.0,165.0
2023-07-04,LAD,PIT,7.0,9.0,9.5,-275.0,225.0
2023-07-04,FLA,STL,15.0,2.0,8.5,-180.0,160.0
2023-07-04,MIL,CHC,6.0,7.0,9.5,-110.0,-110.0
2023-07-04,MIN,KCR,9.0,3.0,9.0,-200.0,170.0
2023-07-04,NYY,BAL,8.0,4.0,9.0,-117.0,107.0
2023-07-04,SDP,ANA,8.0,5.0,7.5,-150.0,130.0
2023-07-04,SFG,SEA,0.0,6.0,8.0,-115.0,105.0
2023-07-04,TBD,PHI,1.0,3.0,8.0,-138.0,128.0
2023-07-04,WSN,CIN,4.0,8.0,10.0,-106.0,-114.0
2023-07-05,ARI,NYM,1.0,2.0,9.0,-105.0,-115.0
2023-07-05,BOS,TEX,4.0,2.0,9.5,100.0,-110.0
2023-07-05,CLE,ATL,1.0,8.0,10.5,157.0,-192.0
2023-07-05,DET,OAK,3.0,12.0,8.5,-225.0,185.0
2023-07-05,HOU,COL,6.0,4.0,9.0,-220.0,185.0
2023-07-05,LAD,PIT,6.0,4.0,9.0,-270.0,220.0
2023-07-05,FLA,STL,10.0,9.0,9.0,-110.0,100.0
2023-07-05,MIL,CHC,3.0,4.0,8.0,125.0,-135.0
2023-07-05,MIN,KCR,5.0,0.0,8.0,-270.0,220.0
2023-07-05,NYY,BAL,3.0,6.0,9.0,-115.0,-105.0
2023-07-05,SDP,ANA,5.0,3.0,8.0,-180.0,160.0
2023-07-05,SFG,SEA,2.0,0.0,8.5,-175.0,150.0
2023-07-05,TBD,PHI,4.0,8.0,9.0,-125.0,105.0
2023-07-05,WSN,CIN,2.0,9.0,9.5,-103.0,-107.0
2023-07-06,ARI,NYM,0.0,9.0,10.0,-145.0,125.0
2023-07-06,BOS,TEX,10.0,6.0,9.5,123.0,-147.0
2023-07-06,CHW,TOR,2.0,6.0,9.0,110.0,-125.0
2023-07-06,CHW,TOR,4.0,5.0,9.5,120.0,-130.0
2023-07-06,CLE,KCR,6.0,1.0,9.0,-230.0,190.0
2023-07-06,DET,OAK,9.0,0.0,9.0,-175.0,145.0
2023-07-06,HOU,SEA,1.0,5.0,8.0,130.0,-140.0
2023-07-06,LAD,PIT,5.0,2.0,8.0,-200.0,170.0
2023-07-06,FLA,STL,0.0,3.0,8.0,-130.0,110.0
2023-07-06,MIL,CHC,6.0,5.0,8.0,-110.0,100.0
2023-07-06,NYY,BAL,1.0,14.0,8.5,110.0,-120.0
2023-07-06,TBD,PHI,1.0,3.0,9.5,-135.0,115.0
2023-07-06,WSN,CIN,4.0,5.0,10.0,-123.0,113.0
2023-07-07,ARI,PIT,7.0,3.0,8.5,-220.0,180.0
2023-07-07,BOS,OAK,7.0,3.0,10.0,-230.0,190.0
2023-07-07,CHW,STL,8.0,7.0,8.0,-110.0,-110.0
2023-07-07,CLE,KCR,3.0,0.0,8.5,-185.0,165.0
2023-07-07,DET,TOR,2.0,12.0,9.0,115.0,-125.0
2023-07-07,HOU,SEA,1.0,10.0,7.0,-107.0,-103.0
2023-07-07,LAD,ANA,11.0,4.0,9.0,-175.0,155.0
2023-07-07,FLA,PHI,3.0,4.0,7.0,115.0,-135.0
2023-07-07,MIL,CIN,7.0,3.0,7.5,-122.0,112.0
2023-07-07,MIN,BAL,1.0,3.0,8.5,-160.0,145.0
2023-07-07,NYY,CHC,0.0,3.0,8.0,-161.0,135.0
2023-07-07,SDP,NYM,5.0,7.0,8.0,-120.0,100.0
2023-07-07,SFG,COL,2.0,5.0,8.5,-200.0,170.0
2023-07-07,TBD,ATL,1.0,2.0,8.5,-105.0,-105.0
2023-07-07,WSN,TEX,2.0,7.0,10.0,150.0,-175.0
2023-07-08,ARI,PIT,3.0,2.0,8.0,-135.0,115.0
2023-07-08,BOS,OAK,10.0,3.0,9.0,-270.0,220.0
2023-07-08,CHW,STL,0.0,3.0,10.0,129.0,-139.0
2023-07-08,CLE,KCR,10.0,6.0,8.5,-190.0,160.0
2023-07-08,DET,TOR,2.0,0.0,8.0,190.0,-230.0
2023-07-08,HOU,SEA,3.0,2.0,7.0,-133.0,123.0
2023-07-08,LAD,ANA,10.0,5.0,8.5,-150.0,130.0
2023-07-08,FLA,PHI,5.0,3.0,7.0,-115.0,-105.0
2023-07-08,MIL,CIN,5.0,8.0,9.5,-130.0,110.0
2023-07-08,MIN,BAL,2.0,6.0,8.0,-125.0,105.0
2023-07-08,NYY,CHC,6.0,3.0,8.5,-210.0,175.0
2023-07-08,SDP,NYM,3.0,1.0,8.5,-175.0,155.0
2023-07-08,SFG,COL,5.0,3.0,8.5,-240.0,195.0
2023-07-08,TBD,ATL,1.0,6.0,8.0,135.0,-160.0
2023-07-08,WSN,TEX,8.0,3.0,10.0,165.0,-200.0
2023-07-09,ARI,PIT,2.0,4.0,9.0,-162.0,136.0
2023-07-09,BOS,OAK,4.0,3.0,9.5,-185.0,165.0
2023-07-09,CHW,STL,3.0,4.0,9.5,-130.0,120.0
2023-07-09,CLE,KCR,1.0,4.0,8.0,-225.0,185.0
2023-07-09,DET,TOR,3.0,4.0,8.5,120.0,-140.0
2023-07-09,HOU,SEA,1.0,3.0,8.0,115.0,-135.0
2023-07-09,FLA,PHI,7.0,3.0,7.0,-120.0,105.0
2023-07-09,MIL,CIN,1.0,0.0,9.0,-130.0,110.0
2023-07-09,MIN,BAL,2.0,15.0,9.0,-150.0,130.0
2023-07-09,NYY,CHC,4.0,7.0,8.5,-150.0,130.0
2023-07-09,SDP,NYM,6.0,2.0,8.0,-130.0,110.0
2023-07-09,SFG,COL,1.0,0.0,8.0,-260.0,210.0
2023-07-09,TBD,ATL,10.0,4.0,8.0,-125.0,105.0
2023-07-09,WSN,TEX,7.0,2.0,10.5,185.0,-225.0
2023-07-14,ANA,HOU,5.0,7.0,8.0,-145.0,125.0
2023-07-14,ATL,CHW,9.0,0.0,9.5,-275.0,225.0
2023-07-14,BAL,FLA,5.0,2.0,8.0,-135.0,115.0
2023-07-14,CHC,BOS,3.0,8.0,9.0,120.0,-130.0
2023-07-14,CIN,MIL,0.0,1.0,10.0,102.0,-112.0
2023-07-14,COL,NYY,7.0,2.0,11.0,170.0,-200.0
2023-07-14,NYM,LAD,0.0,6.0,8.5,110.0,-120.0
2023-07-14,OAK,MIN,4.0,5.0,8.5,170.0,-200.0
2023-07-14,PHI,SDP,3.0,8.0,9.5,100.0,-110.0
2023-07-14,PIT,SFG,4.0,6.0,9.0,110.0,-130.0
2023-07-14,SEA,DET,4.0,5.0,7.0,-182.0,155.0
2023-07-14,STL,WSN,5.0,7.0,9.0,-200.0,170.0
2023-07-14,TEX,CLE,12.0,4.0,8.5,-134.0,124.0
2023-07-14,TOR,ARI,7.0,2.0,9.0,-168.0,153.0
2023-07-15,ANA,HOU,13.0,12.0,8.0,130.0,-150.0
2023-07-15,ATL,CHW,5.0,6.0,8.0,-320.0,260.0
2023-07-15,BAL,FLA,6.0,5.0,8.5,-115.0,105.0
2023-07-15,CHC,BOS,10.0,4.0,9.0,-105.0,-115.0
2023-07-15,CIN,MIL,0.0,3.0,9.0,-120.0,110.0
2023-07-15,COL,NYY,3.0,6.0,12.0,140.0,-165.0
2023-07-15,KCR,TBD,1.0,6.0,9.0,230.0,-280.0
2023-07-15,KCR,TBD,2.0,4.0,9.5,164.0,-199.0
2023-07-15,NYM,LAD,1.0,5.0,9.0,-120.0,100.0
2023-07-15,OAK,MIN,7.0,10.0,8.0,190.0,-230.0
2023-07-15,PHI,SDP,6.0,4.0,9.0,141.0,-170.0
2023-07-15,PHI,SDP,9.0,4.0,10.5,-118.0,108.0
2023-07-15,PIT,SFG,1.0,3.0,8.5,138.0,-168.0
2023-07-15,SEA,DET,0.0,6.0,7.5,-210.0,175.0
2023-07-15,STL,WSN,9.0,6.0,9.0,-200.0,170.0
2023-07-15,TEX,CLE,2.0,0.0,8.5,-160.0,145.0
2023-07-15,TOR,ARI,5.0,2.0,8.0,-120.0,100.0
2023-07-16,ANA,HOU,8.0,9.0,10.5,106.0,-116.0
2023-07-16,ATL,CHW,1.0,8.0,9.5,-175.0,150.0
2023-07-16,BAL,FLA,5.0,4.0,8.5,-175.0,155.0
2023-07-16,CHC,BOS,5.0,11.0,9.0,-150.0,130.0
2023-07-16,CIN,MIL,3.0,4.0,11.0,-140.0,120.0
2023-07-16,COL,NYY,8.0,7.0,11.0,185.0,-225.0
2023-07-16,KCR,TBD,8.0,4.0,9.0,190.0,-230.0
2023-07-16,NYM,LAD,2.0,1.0,8.5,-115.0,-105.0
2023-07-16,OAK,MIN,4.0,5.0,7.5,154.0,-186.0
2023-07-16,PHI,SDP,7.0,6.0,8.5,-150.0,135.0
2023-07-16,PIT,SFG,4.0,8.0,10.0,125.0,-145.0
2023-07-16,SEA,DET,2.0,0.0,8.0,-175.0,150.0
2023-07-16,STL,WSN,8.0,4.0,9.0,-175.0,150.0
2023-07-16,TEX,CLE,6.0,5.0,9.0,-131.0,121.0
2023-07-16,TOR,ARI,7.0,5.0,9.5,-165.0,140.0
2023-07-17,ANA,NYY,4.0,3.0,9.0,-134.0,124.0
2023-07-17,BAL,LAD,4.0,6.0,9.5,-102.0,-108.0
2023-07-17,CHC,WSN,5.0,7.0,9.5,-130.0,120.0
2023-07-17,CIN,SFG,2.0,4.0,10.0,140.0,-155.0
2023-07-17,KCR,DET,2.0,3.0,9.5,120.0,-130.0
2023-07-17,OAK,BOS,0.0,7.0,8.5,143.0,-158.0
2023-07-17,PIT,CLE,0.0,11.0,9.0,110.0,-125.0
2023-07-17,SEA,MIN,7.0,6.0,7.5,-154.0,129.0
2023-07-17,STL,FLA,6.0,4.0,8.5,-106.0,-114.0
2023-07-17,TEX,TBD,3.0,2.0,9.0,108.0,-130.0
2023-07-18,ANA,NYY,5.0,1.0,9.0,-110.0,-110.0
2023-07-18,ATL,ARI,13.0,16.0,10.5,-180.0,160.0
2023-07-18,BAL,LAD,3.0,10.0,9.5,-125.0,115.0
2023-07-18,CHC,WSN,17.0,3.0,9.0,-165.0,140.0
2023-07-18,CIN,SFG,10.0,11.0,11.0,117.0,-127.0
2023-07-18,COL,HOU,4.0,3.0,12.0,185.0,-220.0
2023-07-18,KCR,DET,11.0,10.0,8.0,155.0,-170.0
2023-07-18,NYM,CHW,11.0,10.0,8.5,-130.0,120.0
2023-07-18,OAK,BOS,3.0,0.0,9.0,160.0,-180.0
2023-07-18,PHI,MIL,4.0,3.0,9.5,-195.0,165.0
2023-07-18,PIT,CLE,1.0,10.0,8.5,-110.0,100.0
2023-07-18,SEA,MIN,3.0,10.0,7.0,-117.0,107.0
2023-07-18,STL,FLA,5.0,2.0,8.5,-175.0,150.0
2023-07-18,TEX,TBD,5.0,3.0,9.0,-135.0,115.0
2023-07-18,TOR,SDP,1.0,9.0,9.0,120.0,-130.0
2023-07-19,ANA,NYY,7.0,3.0,9.0,122.0,-145.0
2023-07-19,ATL,ARI,3.0,5.0,10.0,-240.0,195.0
2023-07-19,BAL,LAD,8.0,5.0,9.0,125.0,-135.0
2023-07-19,CHC,WSN,8.0,3.0,9.5,-150.0,135.0
2023-07-19,CIN,SFG,3.0,2.0,10.5,-110.0,-110.0
2023-07-19,COL,HOU,1.0,4.0,12.5,135.0,-160.0
2023-07-19,KCR,DET,2.0,3.0,8.5,130.0,-155.0
2023-07-19,NYM,CHW,5.0,1.0,9.0,-210.0,175.0
2023-07-19,OAK,BOS,6.0,5.0,8.5,185.0,-225.0
2023-07-19,PHI,MIL,3.0,5.0,9.0,-145.0,125.0
2023-07-19,PIT,CLE,7.0,5.0,8.5,126.0,-137.0
2023-07-19,SEA,MIN,3.0,6.0,7.5,-150.0,130.0
2023-07-19,STL,FLA,6.0,4.0,8.5,-110.0,-110.0
2023-07-19,TEX,TBD,5.0,1.0,9.5,-125.0,105.0
2023-07-19,TOR,SDP,0.0,2.0,9.0,-120.0,110.0
2023-07-20,ATL,ARI,7.0,5.0,9.0,-200.0,170.0
2023-07-20,CHC,STL,2.0,7.0,9.0,-113.0,103.0
2023-07-20,CIN,SFG,5.0,1.0,9.5,-110.0,100.0
2023-07-20,KCR,DET,0.0,3.0,9.0,119.0,-129.0
2023-07-20,NYM,CHW,2.0,6.0,9.0,-160.0,145.0
2023-07-20,OAK,HOU,1.0,3.0,8.5,190.0,-230.0
2023-07-20,PHI,MIL,0.0,4.0,8.5,-103.0,-107.0
2023-07-20,SEA,MIN,5.0,0.0,7.5,-120.0,110.0
2023-07-20,TBD,BAL,3.0,4.0,8.0,-169.0,155.0
2023-07-20,TOR,SDP,4.0,0.0,8.5,106.0,-116.0
2023-07-21,ANA,PIT,8.0,5.0,8.5,-185.0,165.0
2023-07-21,BOS,NYM,4.0,5.0,9.5,-105.0,-105.0
2023-07-21,CHC,STL,4.0,3.0,8.0,-135.0,125.0
2023-07-21,CIN,ARI,9.0,6.0,11.0,-108.0,-102.0
2023-07-21,CLE,PHI,6.0,5.0,8.5,-102.0,-118.0
2023-07-21,DET,SDP,4.0,5.0,9.0,135.0,-160.0
2023-07-21,FLA,COL,1.0,6.0,8.5,-240.0,200.0
2023-07-21,MIL,ATL,4.0,6.0,9.5,105.0,-125.0
2023-07-21,MIN,CHW,9.0,4.0,8.0,-155.0,130.0
2023-07-21,NYY,KCR,5.0,4.0,8.5,-200.0,170.0
2023-07-21,OAK,HOU,4.0,6.0,7.5,190.0,-210.0
2023-07-21,SEA,TOR,3.0,2.0,8.0,-110.0,-110.0
2023-07-21,TBD,BAL,3.0,0.0,8.0,-155.0,130.0
2023-07-21,TEX,LAD,5.0,11.0,9.5,-125.0,115.0
2023-07-21,WSN,SFG,5.0,3.0,9.5,145.0,-165.0
2023-07-22,ANA,PIT,0.0,3.0,9.5,-185.0,155.0
2023-07-22,BOS,NYM,8.0,6.0,9.5,-120.0,110.0
2023-07-22,CHC,STL,8.0,6.0,9.5,105.0,-125.0
2023-07-22,CIN,ARI,4.0,2.0,11.0,105.0,-115.0
2023-07-22,CLE,PHI,1.0,0.0,8.0,110.0,-125.0
2023-07-22,DET,SDP,3.0,14.0,10.0,120.0,-140.0
2023-07-22,FLA,COL,3.0,4.0,8.5,-160.0,145.0
2023-07-22,MIL,ATL,4.0,3.0,9.5,120.0,-140.0
2023-07-22,MIN,CHW,3.0,2.0,8.0,-130.0,120.0
2023-07-22,NYY,KCR,5.0,2.0,8.0,-250.0,200.0
2023-07-22,OAK,HOU,4.0,1.0,8.0,170.0,-200.0
2023-07-22,SEA,TOR,9.0,8.0,7.5,120.0,-130.0
2023-07-22,TBD,BAL,5.0,6.0,7.5,-200.0,170.0
2023-07-22,TEX,LAD,3.0,16.0,9.5,125.0,-136.0
2023-07-22,WSN,SFG,10.0,1.0,8.5,170.0,-200.0
2023-07-23,ANA,PIT,7.0,5.0,9.5,-125.0,105.0
2023-07-23,BOS,NYM,6.0,1.0,11.0,-130.0,120.0
2023-07-23,CHC,STL,7.0,2.0,9.0,104.0,-114.0
2023-07-23,CIN,ARI,7.0,3.0,11.0,-105.0,-115.0
2023-07-23,CLE,PHI,5.0,8.0,8.5,110.0,-130.0
2023-07-23,DET,SDP,3.0,1.0,9.0,185.0,-222.0
2023-07-23,FLA,COL,3.0,2.0,7.5,-270.0,220.0
2023-07-23,MIL,ATL,2.0,4.0,10.5,145.0,-160.0
2023-07-23,MIN,CHW,5.0,4.0,8.5,-150.0,135.0
2023-07-23,NYY,KCR,8.0,5.0,9.0,-200.0,170.0
2023-07-23,OAK,HOU,2.0,3.0,8.0,195.0,-225.0
2023-07-23,SEA,TOR,3.0,4.0,9.0,-147.0,123.0
2023-07-23,TBD,BAL,3.0,5.0,8.5,-145.0,133.0
2023-07-23,TEX,LAD,8.0,4.0,10.0,105.0,-115.0
2023-07-23,WSN,SFG,6.0,1.0,9.0,105.0,-115.0
2023-07-24,ARI,STL,6.0,10.0,10.0,-178.0,146.0
2023-07-24,CLE,KCR,3.0,5.0,9.0,-215.0,180.0
2023-07-24,DET,SFG,5.0,1.0,9.0,-105.0,-105.0
2023-07-24,HOU,TEX,10.0,9.0,8.5,-103.0,-107.0
2023-07-24,LAD,TOR,3.0,6.0,9.0,-118.0,108.0
2023-07-24,MIL,CIN,3.0,2.0,9.5,-110.0,100.0
2023-07-24,MIN,SEA,4.0,3.0,8.0,-110.0,100.0
2023-07-24,PHI,BAL,2.0,3.0,9.5,-114.0,104.0
2023-07-24,SDP,PIT,4.0,8.0,8.5,-275.0,225.0
2023-07-24,WSN,COL,6.0,10.0,9.5,-165.0,139.0
2023-07-25,ARI,STL,3.0,1.0,9.0,-110.0,-110.0
2023-07-25,BOS,ATL,7.0,1.0,10.5,130.0,-140.0
2023-07-25,CHW,CHC,3.0,7.0,9.5,-102.0,-108.0
2023-07-25,CLE,KCR,5.0,1.0,9.0,-200.0,170.0
2023-07-25,DET,ANA,6.0,7.0,8.0,-123.0,113.0
2023-07-25,HOU,TEX,4.0,3.0,9.0,-130.0,120.0
2023-07-25,LAD,TOR,8.0,7.0,9.0,-147.0,125.0
2023-07-25,MIL,CIN,3.0,4.0,8.0,-163.0,137.0
2023-07-25,MIN,SEA,7.0,9.0,7.5,-125.0,110.0
2023-07-25,NYY,NYM,3.0,9.0,8.5,100.0,-110.0
2023-07-25,PHI,BAL,4.0,3.0,9.5,-125.0,115.0
2023-07-25,SDP,PIT,5.0,1.0,8.0,-280.0,230.0
2023-07-25,SFG,OAK,2.0,1.0,8.5,-265.0,215.0
2023-07-25,TBD,FLA,4.0,1.0,7.5,-200.0,170.0
2023-07-25,WSN,COL,6.0,5.0,9.5,-135.0,115.0
2023-07-26,ARI,STL,7.0,11.0,8.5,-165.0,140.0
2023-07-26,BOS,ATL,5.0,3.0,10.0,140.0,-165.0
2023-07-26,CHW,CHC,7.0,10.0,9.0,110.0,-120.0
2023-07-26,CLE,KCR,8.0,3.0,10.0,-200.0,170.0
2023-07-26,HOU,TEX,5.0,13.0,8.5,-170.0,155.0
2023-07-26,LAD,TOR,1.0,8.0,10.0,-130.0,110.0
2023-07-26,MIL,CIN,3.0,0.0,9.0,-141.0,118.0
2023-07-26,MIN,SEA,7.0,8.0,8.5,-160.0,135.0
2023-07-26,NYY,NYM,3.0,1.0,8.5,-133.0,123.0
2023-07-26,PHI,BAL,6.0,4.0,9.5,-105.0,-105.0
2023-07-26,SDP,PIT,2.0,3.0,8.5,-190.0,160.0
2023-07-26,SFG,OAK,8.0,3.0,9.0,-230.0,190.0
2023-07-26,TBD,FLA,1.0,7.0,7.5,-177.0,145.0
2023-07-26,WSN,COL,5.0,4.0,9.5,-150.0,130.0
2023-07-27,CHW,CLE,3.0,6.0,7.5,100.0,-110.0
2023-07-27,DET,ANA,0.0,6.0,8.5,109.0,-131.0
2023-07-27,DET,ANA,4.0,11.0,9.0,115.0,-135.0
2023-07-27,NYM,WSN,2.0,1.0,9.0,-220.0,180.0
2023-07-27,STL,CHC,3.0,10.0,9.5,-110.0,100.0
2023-07-28,ARI,SEA,2.0,5.0,9.0,123.0,-133.0
2023-07-28,ATL,MIL,10.0,7.0,10.0,-170.0,155.0
2023-07-28,BAL,NYY,1.0,0.0,8.5,115.0,-125.0
2023-07-28,CHW,CLE,3.0,0.0,10.0,115.0,-135.0
2023-07-28,COL,OAK,5.0,8.0,11.0,-118.0,108.0
2023-07-28,HOU,TBD,3.0,4.0,8.5,100.0,-110.0
2023-07-28,KCR,MIN,8.0,5.0,10.0,143.0,-174.0
2023-07-28,LAD,CIN,5.0,6.0,9.5,-222.0,185.0
2023-07-28,FLA,DET,6.0,5.0,7.5,-163.0,137.0
2023-07-28,NYM,WSN,5.0,1.0,8.5,-188.0,155.0
2023-07-28,PIT,PHI,1.0,2.0,8.5,145.0,-160.0
2023-07-28,SDP,TEX,7.0,1.0,8.5,-170.0,145.0
2023-07-28,SFG,BOS,2.0,3.0,8.0,-139.0,128.0
2023-07-28,STL,CHC,2.0,3.0,9.5,-158.0,132.0
2023-07-28,TOR,ANA,4.0,1.0,8.5,-200.0,170.0
2023-07-29,ARI,SEA,4.0,3.0,9.5,-109.0,-111.0
2023-07-29,ATL,MIL,11.0,5.0,10.0,-200.0,170.0
2023-07-29,BAL,NYY,3.0,8.0,9.5,-120.0,100.0
2023-07-29,CHW,CLE,7.0,2.0,9.5,117.0,-127.0
2023-07-29,COL,OAK,3.0,11.0,12.0,-115.0,105.0
2023-07-29,HOU,TBD,17.0,4.0,8.5,-150.0,130.0
2023-07-29,KCR,MIN,10.0,7.0,9.5,165.0,-185.0
2023-07-29,LAD,CIN,3.0,2.0,10.5,-180.0,160.0
2023-07-29,FLA,DET,0.0,5.0,8.5,-160.0,134.0
2023-07-29,NYM,WSN,6.0,11.0,9.5,-170.0,150.0
2023-07-29,PIT,PHI,7.0,6.0,9.0,161.0,-176.0
2023-07-29,SDP,TEX,4.0,0.0,9.0,-180.0,160.0
2023-07-29,SFG,BOS,3.0,2.0,8.5,100.0,-120.0
2023-07-29,STL,CHC,1.0,5.0,10.0,102.0,-112.0
2023-07-29,TOR,ANA,6.0,1.0,9.5,-118.0,108.0
2023-07-30,ARI,SEA,0.0,4.0,8.0,-110.0,-110.0
2023-07-30,ATL,MIL,8.0,6.0,11.0,-200.0,170.0
2023-07-30,BAL,NYY,9.0,3.0,8.5,-152.0,139.0
2023-07-30,CHW,CLE,0.0,5.0,9.0,126.0,-137.0
2023-07-30,COL,OAK,2.0,0.0,11.5,-120.0,110.0
2023-07-30,HOU,TBD,2.0,8.0,9.0,-130.0,120.0
2023-07-30,KCR,MIN,2.0,1.0,9.0,150.0,-175.0
2023-07-30,LAD,CIN,0.0,9.0,9.5,-158.0,143.0
2023-07-30,FLA,DET,8.0,6.0,7.0,-155.0,140.0
2023-07-30,NYM,WSN,5.0,2.0,9.0,-240.0,210.0
2023-07-30,PIT,PHI,6.0,4.0,9.0,135.0,-150.0
2023-07-30,SDP,TEX,5.0,3.0,9.0,-200.0,170.0
2023-07-30,SFG,BOS,4.0,3.0,8.0,-105.0,-105.0
2023-07-30,STL,CHC,3.0,0.0,9.0,-135.0,115.0
2023-07-30,TOR,ANA,2.0,3.0,9.0,-188.0,173.0
2023-07-31,ATL,ANA,1.0,4.0,10.0,-225.0,185.0
2023-07-31,CHC,CIN,5.0,6.0,8.0,-125.0,115.0
2023-07-31,COL,SDP,4.0,3.0,12.0,175.0,-210.0
2023-07-31,HOU,CLE,7.0,3.0,9.5,-175.0,150.0
2023-07-31,FLA,PHI,2.0,4.0,8.5,-110.0,100.0
2023-07-31,NYY,TBD,1.0,5.0,8.5,140.0,-165.0
2023-07-31,SEA,BOS,6.0,2.0,7.5,-120.0,110.0
2023-07-31,SFG,ARI,3.0,4.0,8.5,-135.0,113.0
2023-07-31,TOR,BAL,2.0,4.0,9.0,-145.0,122.0
2023-07-31,WSN,MIL,5.0,3.0,8.5,175.0,-210.0
2023-08-01,ATL,ANA,5.0,1.0,9.0,-250.0,210.0
2023-08-01,CHC,CIN,20.0,9.0,8.5,-167.0,145.0
2023-08-01,COL,SDP,5.0,8.0,12.5,150.0,-175.0
2023-08-01,HOU,CLE,2.0,0.0,7.5,-185.0,165.0
2023-08-01,KCR,NYM,7.0,6.0,9.5,125.0,-149.0
2023-08-01,LAD,OAK,7.0,3.0,9.0,-300.0,240.0
2023-08-01,FLA,PHI,1.0,3.0,7.5,-130.0,120.0
2023-08-01,NYY,TBD,2.0,5.0,8.5,-102.0,-118.0
2023-08-01,PIT,DET,4.0,1.0,9.0,-116.0,106.0
2023-08-01,SEA,BOS,4.0,6.0,8.0,-110.0,-110.0
2023-08-01,SFG,ARI,4.0,3.0,7.5,103.0,-113.0
2023-08-01,STL,MIN,2.0,3.0,8.5,117.0,-127.0
2023-08-01,TEX,CHW,2.0,0.0,9.5,-200.0,170.0
2023-08-01,TOR,BAL,3.0,13.0,8.5,-110.0,100.0
2023-08-01,WSN,MIL,4.0,6.0,8.5,145.0,-160.0
2023-08-02,ATL,ANA,12.0,5.0,9.5,-170.0,155.0
2023-08-02,CHC,CIN,16.0,6.0,11.0,-160.0,135.0
2023-08-02,COL,SDP,1.0,11.0,12.5,170.0,-200.0
2023-08-02,HOU,CLE,3.0,2.0,8.5,-130.0,120.0
2023-08-02,KCR,NYM,4.0,0.0,9.0,135.0,-160.0
2023-08-02,LAD,OAK,10.0,1.0,9.5,-270.0,220.0
2023-08-02,FLA,PHI,9.0,8.0,7.5,102.0,-112.0
2023-08-02,NYY,TBD,7.0,2.0,7.5,-120.0,100.0
2023-08-02,PIT,DET,3.0,6.0,8.5,111.0,-121.0
2023-08-02,SEA,BOS,6.0,3.0,8.0,-126.0,106.0
2023-08-02,SFG,ARI,4.0,2.0,8.0,-175.0,150.0
2023-08-02,STL,MIN,7.0,3.0,8.5,115.0,-125.0
2023-08-02,TEX,CHW,11.0,1.0,9.0,-157.0,142.0
2023-08-02,TOR,BAL,4.0,1.0,8.5,-125.0,115.0
2023-08-02,WSN,MIL,3.0,2.0,9.0,115.0,-125.0
2023-08-03,ANA,SEA,3.0,5.0,8.0,-170.0,150.0
2023-08-03,CHC,CIN,5.0,3.0,10.0,-160.0,135.0
2023-08-03,KCR,NYM,9.0,2.0,9.5,-112.0,102.0
2023-08-03,LAD,OAK,8.0,2.0,8.5,-280.0,240.0
2023-08-03,FLA,PHI,2.0,4.0,8.5,108.0,-118.0
2023-08-03,MIL,PIT,14.0,1.0,8.5,-124.0,114.0
2023-08-03,NYY,HOU,4.0,3.0,8.5,100.0,-110.0
2023-08-03,SFG,ARI,1.0,0.0,8.5,-135.0,115.0
2023-08-03,STL,MIN,3.0,5.0,8.5,130.0,-140.0
2023-08-03,TEX,CHW,5.0,3.0,8.5,-320.0,260.0
2023-08-03,TOR,BAL,1.0,6.0,8.0,-175.0,150.0
2023-08-04,ANA,SEA,7.0,9.0,8.5,102.0,-112.0
2023-08-04,BAL,NYM,10.0,3.0,9.0,-150.0,135.0
2023-08-04,BOS,TOR,3.0,7.0,10.5,-165.0,140.0
2023-08-04,CHC,ATL,0.0,8.0,9.0,150.0,-170.0
2023-08-04,CIN,WSN,3.0,6.0,10.5,-182.0,155.0
2023-08-04,CLE,CHW,4.0,2.0,8.5,-165.0,140.0
2023-08-04,DET,TBD,0.0,8.0,9.0,130.0,-140.0
2023-08-04,MIL,PIT,4.0,8.0,9.0,-182.0,155.0
2023-08-04,MIN,ARI,3.0,2.0,8.0,-120.0,100.0
2023-08-04,NYY,HOU,3.0,7.0,9.0,160.0,-180.0
2023-08-04,PHI,KCR,5.0,7.0,9.5,-265.0,215.0
2023-08-04,SDP,LAD,5.0,10.0,8.5,-130.0,110.0
2023-08-04,STL,COL,4.0,9.0,9.5,-187.0,167.0
2023-08-04,TEX,FLA,6.0,2.0,8.5,-135.0,115.0
2023-08-05,ANA,SEA,2.0,3.0,9.0,114.0,-124.0
2023-08-05,BAL,NYM,7.0,3.0,9.5,-164.0,150.0
2023-08-05,BOS,TOR,4.0,5.0,9.5,-105.0,-105.0
2023-08-05,CHC,ATL,8.0,6.0,9.5,135.0,-149.0
2023-08-05,CIN,WSN,3.0,7.0,10.5,-225.0,195.0
2023-08-05,CLE,CHW,4.0,7.0,9.5,-140.0,125.0
2023-08-05,DET,TBD,4.0,2.0,8.0,125.0,-147.0
2023-08-05,MIL,PIT,3.0,2.0,7.5,-260.0,220.0
2023-08-05,MIN,ARI,12.0,1.0,8.5,-160.0,135.0
2023-08-05,NYY,HOU,3.0,1.0,8.5,123.0,-133.0
2023-08-05,OAK,SFG,2.0,1.0,8.5,150.0,-170.0
2023-08-05,PHI,KCR,9.0,6.0,9.5,-225.0,195.0
2023-08-05,SDP,LAD,8.0,3.0,9.0,-165.0,145.0
2023-08-05,STL,COL,6.0,2.0,9.0,-250.0,205.0
2023-08-05,TEX,FLA,9.0,8.0,9.0,-144.0,121.0
2023-08-06,ANA,SEA,2.0,3.0,9.5,-125.0,105.0
2023-08-06,BAL,NYM,2.0,0.0,8.5,-200.0,170.0
2023-08-06,BOS,TOR,1.0,13.0,10.0,-110.0,100.0
2023-08-06,CHC,ATL,6.0,4.0,8.0,115.0,-125.0
2023-08-06,CIN,WSN,3.0,6.0,10.5,-165.0,145.0
2023-08-06,CLE,CHW,3.0,5.0,8.5,-139.0,128.0
2023-08-06,DET,TBD,6.0,10.0,9.0,140.0,-155.0
2023-08-06,MIL,PIT,1.0,4.0,7.5,-210.0,175.0
2023-08-06,MIN,ARI,5.0,3.0,8.5,135.0,-150.0
2023-08-06,NYY,HOU,7.0,9.0,9.5,-123.0,113.0
2023-08-06,OAK,SFG,8.0,6.0,8.0,176.0,-216.0
2023-08-06,PHI,KCR,8.0,4.0,9.5,-210.0,175.0
2023-08-06,SDP,LAD,2.0,8.0,9.5,100.0,-110.0
2023-08-06,STL,COL,0.0,1.0,9.5,-200.0,170.0
2023-08-06,TEX,FLA,6.0,0.0,8.5,-115.0,-105.0
2023-08-07,ANA,SFG,3.0,8.0,8.5,105.0,-115.0
2023-08-07,BOS,KCR,6.0,2.0,9.5,-190.0,170.0
2023-08-07,CHW,NYY,5.0,1.0,8.0,145.0,-165.0
2023-08-07,CIN,FLA,5.0,2.0,10.5,125.0,-135.0
2023-08-07,CLE,TOR,1.0,3.0,8.5,105.0,-125.0
2023-08-07,DET,MIN,3.0,9.0,8.5,150.0,-170.0
2023-08-07,MIL,COL,12.0,1.0,8.5,-250.0,205.0
2023-08-07,NYM,CHC,11.0,2.0,9.0,-112.0,102.0
2023-08-07,OAK,TEX,3.0,5.0,8.5,190.0,-230.0
2023-08-07,PIT,ATL,7.0,6.0,9.0,250.0,-300.0
2023-08-07,SDP,LAD,7.0,13.0,9.5,-135.0,125.0
2023-08-08,ANA,SFG,7.0,5.0,9.0,-108.0,-102.0
2023-08-08,ARI,LAD,4.0,5.0,9.5,135.0,-150.0
2023-08-08,BAL,HOU,6.0,7.0,8.5,110.0,-120.0
2023-08-08,BOS,KCR,3.0,9.0,9.5,-182.0,155.0
2023-08-08,CHW,NYY,1.0,7.0,9.0,135.0,-160.0
2023-08-08,CIN,FLA,2.0,3.0,10.0,127.0,-142.0
2023-08-08,CLE,TOR,1.0,0.0,8.0,112.0,-122.0
2023-08-08,DET,MIN,6.0,0.0,7.5,100.0,-110.0
2023-08-08,MIL,COL,3.0,7.0,8.5,-200.0,170.0
2023-08-08,NYM,CHC,2.0,3.0,9.5,120.0,-130.0
2023-08-08,OAK,TEX,1.0,6.0,7.5,205.0,-250.0
2023-08-08,PHI,WSN,8.0,4.0,9.0,-280.0,230.0
2023-08-08,PHI,WSN,4.0,5.0,9.0,-181.0,161.0
2023-08-08,PIT,ATL,6.0,8.0,10.0,147.0,-167.0
2023-08-08,SEA,SDP,2.0,0.0,8.5,-113.0,103.0
2023-08-08,TBD,STL,4.0,2.0,8.5,-170.0,150.0
2023-08-09,ANA,SFG,4.0,1.0,8.5,-140.0,129.0
2023-08-09,ARI,LAD,0.0,2.0,9.5,125.0,-140.0
2023-08-09,BAL,HOU,2.0,8.0,10.0,-135.0,125.0
2023-08-09,BOS,KCR,4.0,3.0,10.5,-230.0,190.0
2023-08-09,CHW,NYY,9.0,2.0,9.0,117.0,-127.0
2023-08-09,CIN,FLA,4.0,5.0,9.5,-125.0,115.0
2023-08-09,CLE,TOR,0.0,1.0,8.0,152.0,-172.0
2023-08-09,DET,MIN,9.0,5.0,8.5,135.0,-160.0
2023-08-09,MIL,COL,7.0,6.0,9.5,-230.0,190.0
2023-08-09,NYM,CHC,4.0,3.0,9.0,102.0,-112.0
2023-08-09,OAK,TEX,2.0,0.0,8.5,225.0,-275.0
2023-08-09,PHI,WSN,7.0,0.0,9.0,-180.0,160.0
2023-08-09,PIT,ATL,5.0,6.0,9.5,250.0,-300.0
2023-08-09,SEA,SDP,6.0,1.0,8.5,135.0,-160.0
2023-08-09,TBD,STL,4.0,6.0,9.0,-178.0,146.0
2023-08-10,BAL,HOU,5.0,4.0,9.5,103.0,-113.0
2023-08-10,BOS,KCR,2.0,0.0,10.5,-230.0,205.0
2023-08-10,CLE,TOR,4.0,3.0,9.5,125.0,-135.0
2023-08-10,DET,MIN,3.0,0.0,8.5,145.0,-160.0
2023-08-10,LAD,COL,2.0,1.0,8.5,-380.0,300.0
2023-08-10,PHI,WSN,6.0,2.0,9.0,-250.0,210.0
2023-08-10,PIT,ATL,7.0,5.0,10.0,170.0,-200.0
2023-08-10,TBD,STL,2.0,5.0,9.5,-200.0,170.0
2023-08-11,ARI,SDP,5.0,10.0,9.0,142.0,-157.0
2023-08-11,BOS,DET,5.0,2.0,9.0,-135.0,125.0
2023-08-11,CHW,MIL,6.0,7.0,8.5,157.0,-175.0
2023-08-11,HOU,ANA,11.0,3.0,8.5,-175.0,150.0
2023-08-11,KCR,STL,12.0,8.0,11.0,110.0,-130.0
2023-08-11,LAD,COL,6.0,1.0,8.5,-300.0,250.0
2023-08-11,FLA,NYY,4.0,9.0,8.0,-140.0,125.0
2023-08-11,NYM,ATL,0.0,7.0,9.5,165.0,-200.0
2023-08-11,PHI,MIN,13.0,2.0,9.0,-145.0,122.0
2023-08-11,PIT,CIN,2.0,9.0,9.0,-121.0,101.0
2023-08-11,SEA,BAL,9.0,2.0,7.5,-150.0,130.0
2023-08-11,SFG,TEX,1.0,2.0,8.5,-105.0,-105.0
2023-08-11,TBD,CLE,9.0,8.0,8.0,-200.0,170.0
2023-08-11,TOR,CHC,2.0,6.0,9.0,-146.0,131.0
2023-08-11,WSN,OAK,8.0,2.0,9.0,-117.0,107.0
2023-08-12,ARI,SDP,3.0,0.0,9.0,-142.0,119.0
2023-08-12,BOS,DET,2.0,6.0,10.0,-200.0,170.0
2023-08-12,CHW,MIL,2.0,3.0,8.0,160.0,-180.0
2023-08-12,HOU,ANA,11.0,3.0,9.5,-161.0,146.0
2023-08-12,KCR,STL,4.0,5.0,9.5,127.0,-137.0
2023-08-12,LAD,COL,4.0,1.0,9.5,-286.0,240.0
2023-08-12,FLA,NYY,3.0,1.0,7.5,-143.0,128.0
2023-08-12,NYM,ATL,3.0,21.0,10.5,190.0,-230.0
2023-08-12,NYM,ATL,0.0,6.0,8.0,200.0,-250.0
2023-08-12,PHI,MIN,1.0,8.0,9.0,110.0,-120.0
2023-08-12,SEA,BAL,0.0,1.0,8.0,-158.0,143.0
2023-08-12,SFG,TEX,3.0,9.0,8.0,-107.0,-103.0
2023-08-12,TBD,CLE,6.0,5.0,8.0,-154.0,139.0
2023-08-12,TOR,CHC,4.0,5.0,8.5,-110.0,100.0
2023-08-12,WSN,OAK,3.0,2.0,9.5,-139.0,129.0
2023-08-13,ARI,SDP,5.0,4.0,9.0,130.0,-140.0
2023-08-13,BOS,DET,6.0,3.0,9.5,-130.0,110.0
2023-08-13,CHW,MIL,3.0,7.0,8.0,130.0,-150.0
2023-08-13,HOU,ANA,1.0,2.0,8.5,-134.0,124.0
2023-08-13,LAD,COL,8.0,3.0,8.5,-360.0,280.0
2023-08-13,FLA,NYY,8.0,7.0,7.0,112.0,-122.0
2023-08-13,NYM,ATL,7.0,6.0,10.0,120.0,-140.0
2023-08-13,PHI,MIN,0.0,3.0,8.5,-115.0,105.0
2023-08-13,PIT,CIN,4.0,2.0,9.0,-120.0,100.0
2023-08-13,PIT,CIN,5.0,6.0,9.5,-108.0,-102.0
2023-08-13,SEA,BAL,3.0,5.0,8.0,-110.0,100.0
2023-08-13,SFG,TEX,3.0,2.0,8.0,-126.0,116.0
2023-08-13,TBD,CLE,2.0,9.0,7.0,-179.0,164.0
2023-08-13,TOR,CHC,11.0,4.0,9.0,-113.0,103.0
2023-08-13,WSN,OAK,8.0,7.0,9.5,-137.0,126.0
2023-08-14,ATL,NYY,11.0,3.0,9.0,-200.0,170.0
2023-08-14,COL,ARI,6.0,4.0,11.5,185.0,-225.0
2023-08-14,KCR,SEA,7.0,6.0,8.0,130.0,-150.0
2023-08-14,FLA,HOU,5.0,1.0,8.0,115.0,-135.0
2023-08-14,NYM,PIT,7.0,2.0,9.5,-135.0,115.0
2023-08-14,SDP,BAL,1.0,4.0,8.5,-140.0,125.0
2023-08-14,SFG,TBD,2.0,10.0,7.5,115.0,-135.0
2023-08-14,STL,OAK,7.0,5.0,9.0,-225.0,195.0
2023-08-14,TEX,ANA,12.0,0.0,8.5,-185.0,165.0
2023-08-15,ATL,NYY,5.0,0.0,10.5,-225.0,185.0
2023-08-15,CHC,CHW,3.0,5.0,8.5,-175.0,155.0
2023-08-15,CIN,CLE,0.0,3.0,9.5,-117.0,107.0
2023-08-15,COL,ARI,5.0,8.0,12.5,135.0,-160.0
2023-08-15,KCR,SEA,8.0,10.0,9.5,130.0,-142.0
2023-08-15,LAD,MIL,6.0,2.0,9.0,-220.0,180.0
2023-08-15,FLA,HOU,5.0,6.0,9.0,114.0,-124.0
2023-08-15,MIN,DET,5.0,3.0,8.5,-185.0,165.0
2023-08-15,NYM,PIT,4.0,7.0,8.5,-146.0,131.0
2023-08-15,SDP,BAL,10.0,3.0,8.5,-108.0,-102.0
2023-08-15,SFG,TBD,7.0,0.0,8.5,-110.0,-110.0
2023-08-15,STL,OAK,6.0,2.0,9.5,-225.0,185.0
2023-08-15,TEX,ANA,7.0,3.0,8.5,-185.0,165.0
2023-08-15,TOR,PHI,2.0,1.0,7.5,100.0,-110.0
2023-08-15,WSN,BOS,4.0,5.0,9.5,150.0,-165.0
2023-08-16,ATL,NYY,2.0,0.0,9.5,-210.0,175.0
2023-08-16,CHC,CHW,4.0,3.0,11.0,-165.0,145.0
2023-08-16,CIN,CLE,7.0,2.0,9.5,-168.0,153.0
2023-08-16,COL,ARI,7.0,9.0,12.0,118.0,-128.0
2023-08-16,KCR,SEA,5.0,6.0,9.0,170.0,-200.0
2023-08-16,LAD,MIL,7.0,1.0,8.0,-228.0,198.0
2023-08-16,FLA,HOU,5.0,12.0,7.5,-101.0,-109.0
2023-08-16,MIN,DET,7.0,8.0,8.0,-170.0,155.0
2023-08-16,NYM,PIT,8.0,3.0,8.5,-112.0,102.0
2023-08-16,SDP,BAL,5.0,2.0,8.0,-180.0,160.0
2023-08-16,SFG,TBD,1.0,6.0,8.5,-115.0,105.0
2023-08-16,STL,OAK,0.0,8.0,9.0,-170.0,141.0
2023-08-16,TEX,ANA,0.0,2.0,9.0,-172.0,157.0
2023-08-16,TOR,PHI,4.0,9.0,7.5,-132.0,122.0
2023-08-16,WSN,BOS,6.0,2.0,9.0,135.0,-160.0
2023-08-17,KCR,SEA,4.0,6.0,9.0,195.0,-235.0
2023-08-17,LAD,MIL,1.0,0.0,8.0,-150.0,135.0
2023-08-17,SDP,ARI,1.0,3.0,8.5,-118.0,108.0
2023-08-17,STL,NYM,2.0,4.0,10.5,108.0,-118.0
2023-08-17,WSN,BOS,10.0,7.0,10.0,157.0,-172.0
2023-08-18,ANA,TBD,6.0,9.0,9.5,-110.0,-110.0
2023-08-18,ATL,SFG,4.0,0.0,9.0,-250.0,205.0
2023-08-18,CHC,KCR,3.0,4.0,8.5,-180.0,160.0
2023-08-18,CIN,TOR,1.0,0.0,10.0,129.0,-140.0
2023-08-18,CLE,DET,2.0,4.0,7.0,-121.0,101.0
2023-08-18,CLE,DET,4.0,1.0,8.5,-144.0,121.0
2023-08-18,COL,CHW,14.0,1.0,12.0,-122.0,112.0
2023-08-18,HOU,SEA,0.0,2.0,8.5,-133.0,123.0
2023-08-18,LAD,FLA,3.0,11.0,8.5,-145.0,133.0
2023-08-18,MIN,PIT,5.0,1.0,8.5,-220.0,190.0
2023-08-18,NYY,BOS,3.0,8.0,9.0,112.0,-122.0
2023-08-18,OAK,BAL,4.0,9.0,8.5,180.0,-220.0
2023-08-18,SDP,ARI,4.0,0.0,8.5,-155.0,140.0
2023-08-18,STL,NYM,1.0,7.0,9.0,-150.0,135.0
2023-08-18,TEX,MIL,8.0,9.0,8.0,-125.0,105.0
2023-08-18,WSN,PHI,8.0,7.0,9.0,148.0,-161.0
2023-08-19,ANA,TBD,7.0,6.0,8.0,126.0,-150.0
2023-08-19,ANA,TBD,4.0,18.0,8.5,119.0,-129.0
2023-08-19,ATL,SFG,6.0,5.0,9.5,-115.0,105.0
2023-08-19,CHC,KCR,6.0,4.0,9.0,-220.0,180.0
2023-08-19,CIN,TOR,3.0,4.0,9.5,115.0,-138.0
2023-08-19,CLE,DET,3.0,4.0,8.0,-174.0,159.0
2023-08-19,COL,CHW,11.0,5.0,11.5,-102.0,-108.0
2023-08-19,HOU,SEA,3.0,10.0,7.5,-144.0,121.0
2023-08-19,LAD,FLA,3.0,1.0,8.5,-186.0,166.0
2023-08-19,LAD,FLA,3.0,1.0,9.0,-150.0,130.0
2023-08-19,MIN,PIT,4.0,7.0,8.5,-174.0,159.0
2023-08-19,NYY,BOS,1.0,8.0,8.0,-155.0,140.0
2023-08-19,OAK,BAL,2.0,7.0,8.5,150.0,-170.0
2023-08-19,SDP,ARI,4.0,6.0,8.5,-119.0,109.0
2023-08-19,SDP,ARI,1.0,8.0,8.5,-190.0,170.0
2023-08-19,STL,NYM,2.0,13.0,8.5,-101.0,-109.0
2023-08-19,TEX,MIL,1.0,6.0,8.0,-125.0,110.0
2023-08-19,WSN,PHI,3.0,12.0,9.5,130.0,-150.0
2023-08-20,ATL,SFG,3.0,4.0,8.5,-235.0,195.0
2023-08-20,CHC,KCR,4.0,3.0,9.0,-210.0,175.0
2023-08-20,CIN,TOR,3.0,10.0,9.5,-103.0,-107.0
2023-08-20,CLE,DET,1.0,4.0,7.5,-105.0,-115.0
2023-08-20,COL,CHW,5.0,10.0,12.0,124.0,-134.0
2023-08-20,HOU,SEA,6.0,7.0,8.5,-180.0,160.0
2023-08-20,MIN,PIT,2.0,0.0,10.0,-134.0,114.0
2023-08-20,NYY,BOS,5.0,6.0,9.0,-111.0,101.0
2023-08-20,OAK,BAL,1.0,12.0,8.5,157.0,-192.0
2023-08-20,STL,NYM,7.0,3.0,10.5,-125.0,105.0
2023-08-20,TEX,MIL,2.0,6.0,8.5,-210.0,175.0
2023-08-20,WSN,PHI,4.0,3.0,9.0,190.0,-230.0
2023-08-21,ARI,TEX,4.0,3.0,9.0,145.0,-160.0
2023-08-21,ATL,NYM,4.0,10.0,10.5,-230.0,190.0
2023-08-21,CHW,SEA,2.0,14.0,8.5,170.0,-200.0
2023-08-21,DET,CHC,6.0,7.0,9.0,103.0,-113.0
2023-08-21,HOU,BOS,9.0,4.0,9.0,-120.0,110.0
2023-08-21,OAK,KCR,6.0,4.0,8.5,-125.0,115.0
2023-08-21,PHI,SFG,10.0,4.0,8.5,-140.0,130.0
2023-08-21,PIT,STL,11.0,1.0,10.0,109.0,-119.0
2023-08-21,SDP,FLA,6.0,2.0,8.5,-200.0,170.0
2023-08-22,ANA,CIN,3.0,4.0,9.5,-150.0,135.0
2023-08-22,ARI,TEX,6.0,3.0,8.5,-112.0,102.0
2023-08-22,ATL,NYM,3.0,2.0,11.0,-220.0,180.0
2023-08-22,BAL,TOR,3.0,6.0,8.0,-106.0,-104.0
2023-08-22,CHW,SEA,3.0,6.0,8.5,126.0,-141.0
2023-08-22,CLE,LAD,8.0,3.0,9.0,170.0,-200.0
2023-08-22,DET,CHC,8.0,6.0,9.0,110.0,-120.0
2023-08-22,HOU,BOS,7.0,3.0,8.5,-125.0,115.0
2023-08-22,MIL,MIN,7.0,3.0,8.0,100.0,-110.0
2023-08-22,NYY,WSN,1.0,2.0,8.5,-173.0,153.0
2023-08-22,OAK,KCR,5.0,4.0,8.5,103.0,-113.0
2023-08-22,PHI,SFG,4.0,3.0,9.0,-124.0,114.0
2023-08-22,PIT,STL,6.0,3.0,10.0,-126.0,116.0
2023-08-22,SDP,FLA,0.0,3.0,7.5,-170.0,150.0
2023-08-22,TBD,COL,12.0,4.0,9.0,-275.0,225.0
2023-08-23,ANA,CIN,4.0,9.0,8.5,-145.0,130.0
2023-08-23,ANA,CIN,3.0,7.0,9.0,-148.0,124.0
2023-08-23,ATL,NYM,7.0,0.0,10.0,-200.0,170.0
2023-08-23,BAL,TOR,7.0,0.0,8.0,123.0,-133.0
2023-08-23,CHW,SEA,5.0,4.0,9.5,195.0,-240.0
2023-08-23,CLE,LAD,1.0,6.0,8.5,190.0,-230.0
2023-08-23,DET,CHC,4.0,6.0,8.0,-118.0,108.0
2023-08-23,HOU,BOS,5.0,7.0,8.5,-105.0,-105.0
2023-08-23,MIL,MIN,8.0,7.0,8.0,-137.0,126.0
2023-08-23,NYY,WSN,9.0,1.0,8.5,-145.0,133.0
2023-08-23,OAK,KCR,0.0,4.0,8.5,133.0,-148.0
2023-08-23,PHI,SFG,6.0,8.0,9.0,-129.0,119.0
2023-08-23,PIT,STL,4.0,6.0,9.0,118.0,-128.0
2023-08-23,SDP,FLA,4.0,0.0,7.5,-124.0,114.0
2023-08-23,TBD,COL,6.0,5.0,8.0,-270.0,220.0
2023-08-24,ARI,CIN,3.0,2.0,9.0,-168.0,153.0
2023-08-24,BAL,TOR,5.0,3.0,9.0,-101.0,-109.0
2023-08-24,CHW,OAK,5.0,8.0,10.0,-138.0,128.0
2023-08-24,CLE,LAD,3.0,9.0,9.0,110.0,-130.0
2023-08-24,HOU,BOS,1.0,17.0,9.0,-140.0,120.0
2023-08-24,MIN,TEX,7.0,5.0,9.0,-115.0,105.0
2023-08-24,NYY,WSN,5.0,6.0,8.5,-220.0,180.0
2023-08-24,PIT,CHC,4.0,5.0,8.5,160.0,-180.0
2023-08-24,TBD,COL,5.0,3.0,8.5,-286.0,226.0
2023-08-25,ARI,CIN,10.0,8.0,9.0,-126.0,116.0
2023-08-25,BAL,COL,5.0,4.0,9.0,-240.0,200.0
2023-08-25,BOS,LAD,4.0,7.0,10.0,115.0,-125.0
2023-08-25,CHW,OAK,4.0,12.0,9.0,-190.0,160.0
2023-08-25,DET,HOU,4.0,1.0,9.0,157.0,-172.0
2023-08-25,FLA,WSN,4.0,7.0,8.5,-220.0,180.0
2023-08-25,MIL,SDP,7.0,3.0,8.0,-113.0,103.0
2023-08-25,MIN,TEX,12.0,2.0,8.5,-124.0,114.0
2023-08-25,NYM,ANA,1.0,3.0,8.5,-130.0,120.0
2023-08-25,PHI,STL,7.0,2.0,9.5,-127.0,117.0
2023-08-25,PIT,CHC,2.0,1.0,9.0,-101.0,-109.0
2023-08-25,SEA,KCR,7.0,5.0,8.0,-199.0,164.0
2023-08-25,SFG,ATL,1.0,5.0,7.5,138.0,-153.0
2023-08-25,TBD,NYY,2.0,6.0,7.0,-135.0,115.0
2023-08-25,TOR,CLE,2.0,5.0,8.5,-165.0,140.0
2023-08-26,ARI,CIN,7.0,8.0,9.5,-107.0,-103.0
2023-08-26,BAL,COL,5.0,4.0,8.5,-305.0,245.0
2023-08-26,BOS,LAD,8.0,5.0,10.0,108.0,-118.0
2023-08-26,CHW,OAK,6.0,2.0,9.5,-130.0,120.0
2023-08-26,DET,HOU,2.0,9.0,8.5,134.0,-146.0
2023-08-26,FLA,WSN,2.0,3.0,8.0,-200.0,170.0
2023-08-26,MIL,SDP,5.0,4.0,8.5,-140.0,125.0
2023-08-26,MIN,TEX,2.0,6.0,7.5,105.0,-125.0
2023-08-26,NYM,ANA,3.0,5.0,9.0,100.0,-110.0
2023-08-26,PHI,STL,12.0,1.0,8.5,-230.0,190.0
2023-08-26,PIT,CHC,6.0,10.0,9.5,114.0,-124.0
2023-08-26,SEA,KCR,15.0,2.0,8.5,-260.0,210.0
2023-08-26,SFG,ATL,3.0,7.0,8.0,160.0,-180.0
2023-08-26,TBD,NYY,3.0,0.0,7.0,-175.0,155.0
2023-08-26,TOR,CLE,8.0,3.0,8.5,-172.0,157.0
2023-08-27,ARI,CIN,5.0,2.0,9.0,-119.0,109.0
2023-08-27,BAL,COL,3.0,4.0,9.0,-260.0,210.0
2023-08-27,BOS,LAD,4.0,7.0,9.5,100.0,-110.0
2023-08-27,CHW,OAK,6.0,1.0,8.5,100.0,-110.0
2023-08-27,DET,HOU,4.0,17.0,8.5,142.0,-172.0
2023-08-27,FLA,WSN,2.0,1.0,8.5,-200.0,170.0
2023-08-27,MIL,SDP,10.0,6.0,9.0,-105.0,-115.0
2023-08-27,MIN,TEX,7.0,6.0,8.5,110.0,-120.0
2023-08-27,NYM,ANA,3.0,2.0,8.5,-122.0,102.0
2023-08-27,PHI,STL,3.0,0.0,9.0,-200.0,170.0
2023-08-27,PIT,CHC,1.0,10.0,9.0,117.0,-127.0
2023-08-27,SEA,KCR,3.0,2.0,8.0,-320.0,260.0
2023-08-27,SFG,ATL,8.0,5.0,10.0,120.0,-130.0
2023-08-27,TBD,NYY,7.0,4.0,8.0,-135.0,115.0
2023-08-27,TOR,CLE,7.0,10.0,8.5,-230.0,190.0
2023-08-28,BAL,CHW,9.0,0.0,9.0,-260.0,210.0
2023-08-28,BOS,HOU,5.0,13.0,10.0,-129.0,119.0
2023-08-28,CHC,MIL,2.0,6.0,9.0,-124.0,114.0
2023-08-28,COL,ATL,4.0,14.0,12.5,205.0,-250.0
2023-08-28,DET,NYY,1.0,4.0,8.5,-111.0,101.0
2023-08-28,KCR,PIT,0.0,5.0,9.0,-115.0,105.0
2023-08-28,LAD,ARI,7.0,4.0,8.0,-153.0,128.0
2023-08-28,MIN,CLE,10.0,6.0,8.5,-175.0,155.0
2023-08-28,NYM,TEX,3.0,4.0,9.0,117.0,-127.0
2023-08-28,PHI,ANA,6.0,4.0,9.5,-140.0,125.0
2023-08-28,SEA,OAK,7.0,0.0,8.0,-270.0,220.0
2023-08-28,SFG,CIN,4.0,1.0,7.5,-129.0,119.0
2023-08-28,STL,SDP,1.0,4.0,9.5,175.0,-210.0
2023-08-28,TOR,WSN,6.0,3.0,8.0,-240.0,200.0
2023-08-29,BAL,CHW,9.0,3.0,9.0,-240.0,195.0
2023-08-29,BOS,HOU,2.0,6.0,10.5,-112.0,102.0
2023-08-29,CHC,MIL,1.0,0.0,6.5,-126.0,116.0
2023-08-29,COL,ATL,1.0,3.0,12.0,230.0,-280.0
2023-08-29,DET,NYY,2.0,4.0,8.0,-103.0,-107.0
2023-08-29,KCR,PIT,3.0,6.0,8.5,-142.0,127.0
2023-08-29,LAD,ARI,9.0,1.0,7.5,-172.0,157.0
2023-08-29,FLA,TBD,2.0,11.0,7.5,-125.0,105.0
2023-08-29,MIN,CLE,2.0,4.0,7.5,-160.0,145.0
2023-08-29,NYM,TEX,1.0,2.0,8.5,115.0,-135.0
2023-08-29,PHI,ANA,12.0,7.0,9.5,-175.0,148.0
2023-08-29,SEA,OAK,1.0,3.0,8.5,-240.0,195.0
2023-08-29,SFG,CIN,6.0,1.0,7.5,-155.0,140.0
2023-08-29,STL,SDP,6.0,5.0,9.0,125.0,-140.0
2023-08-29,TOR,WSN,4.0,5.0,8.0,-180.0,160.0
2023-08-30,BAL,CHW,5.0,10.0,8.5,-175.0,155.0
2023-08-30,BOS,HOU,4.0,7.0,10.0,116.0,-126.0
2023-08-30,CHC,MIL,3.0,2.0,7.0,106.0,-116.0
2023-08-30,COL,ATL,3.0,7.0,13.0,200.0,-245.0
2023-08-30,DET,NYY,2.0,6.0,8.0,170.0,-200.0
2023-08-30,KCR,PIT,1.0,4.0,9.5,110.0,-120.0
2023-08-30,LAD,ARI,7.0,0.0,9.0,-170.0,150.0
2023-08-30,FLA,TBD,0.0,3.0,7.5,104.0,-124.0
2023-08-30,MIN,CLE,2.0,5.0,8.0,-146.0,134.0
2023-08-30,NYM,TEX,6.0,5.0,9.0,140.0,-165.0
2023-08-30,PHI,ANA,8.0,10.0,9.0,-170.0,155.0
2023-08-30,SEA,OAK,5.0,4.0,8.5,-280.0,225.0
2023-08-30,SFG,CIN,1.0,4.0,7.5,-170.0,155.0
2023-08-30,STL,SDP,5.0,4.0,9.0,-110.0,-110.0
2023-08-30,TOR,WSN,7.0,0.0,9.0,-210.0,175.0
2023-08-31,DET,NYY,4.0,3.0,8.0,103.0,-113.0
2023-08-31,LAD,ATL,7.0,8.0,8.5,120.0,-140.0
2023-08-31,SDP,SFG,2.0,7.0,8.5,-127.0,117.0
2023-08-31,WSN,FLA,1.0,6.0,8.5,134.0,-149.0
2023-09-01,ARI,BAL,4.0,2.0,9.5,103.0,-113.0
2023-09-01,CHW,DET,2.0,4.0,8.5,118.0,-128.0
2023-09-01,CIN,CHC,2.0,6.0,9.5,105.0,-115.0
2023-09-01,CIN,CHC,3.0,2.0,10.0,114.0,-124.0
2023-09-01,CLE,TBD,3.0,2.0,8.0,155.0,-175.0
2023-09-01,COL,TOR,9.0,13.0,12.0,175.0,-195.0
2023-09-01,HOU,NYY,2.0,6.0,8.5,-180.0,160.0
2023-09-01,KCR,BOS,13.0,2.0,10.0,170.0,-200.0
2023-09-01,LAD,ATL,3.0,6.0,8.5,100.0,-110.0
2023-09-01,MIL,PHI,7.0,5.0,7.5,105.0,-115.0
2023-09-01,NYM,SEA,2.0,1.0,7.5,100.0,-110.0
2023-09-01,OAK,ANA,9.0,2.0,8.0,115.0,-125.0
2023-09-01,SDP,SFG,7.0,3.0,8.0,-137.0,127.0
2023-09-01,STL,PIT,2.0,4.0,8.5,-110.0,-110.0
2023-09-01,TEX,MIN,1.0,5.0,8.0,-150.0,135.0
2023-09-01,WSN,FLA,5.0,8.0,8.0,145.0,-160.0
2023-09-02,ARI,BAL,3.0,7.0,9.0,104.0,-124.0
2023-09-02,CHW,DET,0.0,10.0,8.5,-108.0,-102.0
2023-09-02,CIN,CHC,2.0,1.0,9.5,109.0,-119.0
2023-09-02,CLE,TBD,7.0,6.0,9.0,100.0,-120.0
2023-09-02,COL,TOR,8.0,7.0,12.0,175.0,-205.0
2023-09-02,HOU,NYY,4.0,5.0,8.5,-180.0,160.0
2023-09-02,KCR,BOS,5.0,9.0,10.5,160.0,-175.0
2023-09-02,LAD,ATL,2.0,4.0,10.0,105.0,-115.0
2023-09-02,MIL,PHI,7.0,5.0,9.0,125.0,-140.0
2023-09-02,NYM,SEA,7.0,8.0,8.0,135.0,-150.0
2023-09-02,OAK,ANA,2.0,1.0,8.0,110.0,-120.0
2023-09-02,SDP,SFG,6.0,1.0,7.5,-170.0,150.0
2023-09-02,STL,PIT,6.0,7.0,9.5,-145.0,130.0
2023-09-02,TEX,MIN,7.0,9.0,9.0,-182.0,166.0
2023-09-02,WSN,FLA,5.0,11.0,9.5,110.0,-130.0
2023-09-03,ARI,BAL,5.0,8.0,8.5,-140.0,130.0
2023-09-03,CHW,DET,2.0,3.0,9.5,130.0,-155.0
2023-09-03,CIN,CHC,7.0,15.0,10.0,123.0,-147.0
2023-09-03,CLE,TBD,2.0,6.0,9.5,135.0,-150.0
2023-09-03,COL,TOR,5.0,7.0,11.5,205.0,-250.0
2023-09-03,HOU,NYY,1.0,6.0,8.5,-127.0,117.0
2023-09-03,KCR,BOS,3.0,7.0,10.0,155.0,-188.0
2023-09-03,LAD,ATL,3.0,1.0,9.0,-105.0,-105.0
2023-09-03,MIL,PHI,2.0,4.0,9.5,102.0,-112.0
2023-09-03,NYM,SEA,6.0,3.0,9.0,128.0,-153.0
2023-09-03,OAK,ANA,10.0,6.0,9.0,120.0,-130.0
2023-09-03,SDP,SFG,4.0,0.0,7.5,-130.0,120.0
2023-09-03,STL,PIT,6.0,4.0,9.0,-134.0,124.0
2023-09-03,TEX,MIN,6.0,5.0,9.0,-142.0,127.0
2023-09-03,WSN,FLA,4.0,6.0,9.0,170.0,-200.0
2023-09-04,ANA,BAL,3.0,6.0,8.5,160.0,-180.0
2023-09-04,ARI,COL,4.0,2.0,8.0,-250.0,200.0
2023-09-04,CHC,SFG,5.0,0.0,8.5,-122.0,112.0
2023-09-04,CIN,SEA,6.0,3.0,10.5,135.0,-150.0
2023-09-04,CLE,MIN,6.0,20.0,8.0,-110.0,-110.0
2023-09-04,KCR,CHW,12.0,1.0,10.0,-165.0,145.0
2023-09-04,OAK,TOR,5.0,6.0,8.5,165.0,-185.0
2023-09-04,PIT,MIL,4.0,2.0,8.5,161.0,-181.0
2023-09-04,SDP,PHI,7.0,9.0,9.5,-116.0,106.0
2023-09-04,TBD,BOS,3.0,7.0,8.0,-120.0,110.0
2023-09-04,TEX,HOU,6.0,13.0,9.5,-106.0,-104.0
2023-09-05,ANA,BAL,4.0,5.0,8.5,160.0,-180.0
2023-09-05,ARI,COL,2.0,3.0,9.0,-220.0,180.0
2023-09-05,ATL,STL,6.0,10.0,10.5,-200.0,165.0
2023-09-05,CHC,SFG,11.0,8.0,10.5,-122.0,112.0
2023-09-05,CIN,SEA,7.0,6.0,10.5,125.0,-149.0
2023-09-05,CLE,MIN,3.0,8.0,8.0,101.0,-111.0
2023-09-05,KCR,CHW,7.0,6.0,9.5,-129.0,119.0
2023-09-05,FLA,LAD,6.0,3.0,7.5,120.0,-130.0
2023-09-05,NYY,DET,5.0,1.0,8.0,-250.0,210.0
2023-09-05,OAK,TOR,1.0,7.0,7.5,165.0,-185.0
2023-09-05,PIT,MIL,3.0,7.0,8.5,155.0,-170.0
2023-09-05,SDP,PHI,8.0,0.0,9.0,-130.0,110.0
2023-09-05,TBD,BOS,8.0,6.0,8.0,-160.0,135.0
2023-09-05,TEX,HOU,1.0,14.0,9.0,-105.0,-105.0
2023-09-05,WSN,NYM,5.0,11.0,9.5,115.0,-135.0
2023-09-06,ANA,BAL,3.0,10.0,8.5,135.0,-150.0
2023-09-06,ARI,COL,12.0,5.0,9.0,-200.0,170.0
2023-09-06,ATL,STL,6.0,11.0,9.0,-335.0,275.0
2023-09-06,CHC,SFG,8.0,2.0,11.0,-150.0,135.0
2023-09-06,CIN,SEA,4.0,8.0,9.5,150.0,-170.0
2023-09-06,CLE,MIN,2.0,1.0,8.0,110.0,-130.0
2023-09-06,KCR,CHW,4.0,6.0,10.0,-115.0,105.0
2023-09-06,FLA,LAD,11.0,4.0,9.0,122.0,-145.0
2023-09-06,NYY,DET,4.0,3.0,9.0,-163.0,148.0
2023-09-06,OAK,TOR,5.0,2.0,7.5,140.0,-165.0
2023-09-06,PIT,MIL,5.0,4.0,8.5,160.0,-180.0
2023-09-06,SDP,PHI,1.0,5.0,7.5,105.0,-115.0
2023-09-06,TBD,BOS,3.0,1.0,8.0,-165.0,145.0
2023-09-06,TEX,HOU,3.0,12.0,8.5,-130.0,120.0
2023-09-06,WSN,NYM,3.0,2.0,11.0,108.0,-118.0
2023-09-07,ANA,CLE,3.0,2.0,8.5,117.0,-127.0
2023-09-07,ATL,STL,8.0,5.0,10.5,-345.0,270.0
2023-09-07,CHC,ARI,2.0,6.0,8.5,-161.0,135.0
2023-09-07,FLA,LAD,0.0,10.0,8.0,105.0,-125.0
2023-09-07,NYY,DET,3.0,10.0,8.5,-162.0,147.0
2023-09-07,TBD,SEA,0.0,1.0,8.5,107.0,-117.0
2023-09-08,ANA,CLE,3.0,6.0,8.0,110.0,-130.0
2023-09-08,ATL,PIT,8.0,2.0,9.5,-200.0,170.0
2023-09-08,BOS,BAL,2.0,11.0,10.5,104.0,-114.0
2023-09-08,CHC,ARI,0.0,1.0,7.0,100.0,-120.0
2023-09-08,CIN,STL,4.0,9.0,10.0,-125.0,105.0
2023-09-08,DET,CHW,0.0,6.0,8.5,-140.0,125.0
2023-09-08,HOU,SDP,2.0,11.0,8.5,-132.0,122.0
2023-09-08,MIN,NYM,5.0,2.0,8.5,100.0,-110.0
2023-09-08,NYY,MIL,2.0,8.0,9.0,-107.0,-103.0
2023-09-08,PHI,FLA,2.0,3.0,9.0,-131.0,121.0
2023-09-08,SFG,COL,9.0,8.0,8.0,-225.0,185.0
2023-09-08,TBD,SEA,7.0,4.0,8.0,100.0,-110.0
2023-09-08,TEX,OAK,3.0,6.0,8.5,-245.0,200.0
2023-09-08,TOR,KCR,5.0,4.0,9.0,-260.0,210.0
2023-09-08,WSN,LAD,5.0,8.0,9.5,138.0,-153.0
2023-09-09,ANA,CLE,6.0,2.0,9.0,125.0,-135.0
2023-09-09,ATL,PIT,4.0,8.0,10.5,-225.0,185.0
2023-09-09,BOS,BAL,12.0,13.0,10.0,-135.0,125.0
2023-09-09,CHC,ARI,2.0,3.0,7.0,-135.0,124.0
2023-09-09,CIN,STL,3.0,4.0,10.5,105.0,-115.0
2023-09-09,DET,CHW,3.0,1.0,9.0,-185.0,165.0
2023-09-09,HOU,SDP,7.0,5.0,9.0,-115.0,105.0
2023-09-09,MIN,NYM,8.0,4.0,9.0,-144.0,129.0
2023-09-09,NYY,MIL,2.0,9.0,8.5,-145.0,120.0
2023-09-09,PHI,FLA,8.0,4.0,9.0,-199.0,164.0
2023-09-09,SFG,COL,9.0,1.0,8.0,-275.0,225.0
2023-09-09,TBD,SEA,7.0,5.0,9.0,-153.0,138.0
2023-09-09,TEX,OAK,3.0,2.0,9.5,-230.0,190.0
2023-09-09,TOR,KCR,5.0,1.0,8.0,-300.0,250.0
2023-09-09,WSN,LAD,7.0,6.0,9.5,190.0,-230.0
2023-09-10,ANA,CLE,2.0,1.0,8.5,135.0,-160.0
2023-09-10,ATL,PIT,5.0,2.0,10.0,-260.0,210.0
2023-09-10,BOS,BAL,7.0,3.0,9.5,105.0,-115.0
2023-09-10,CHC,ARI,5.0,2.0,9.0,-133.0,122.0
2023-09-10,CIN,STL,7.0,1.0,9.5,-145.0,130.0
2023-09-10,DET,CHW,3.0,2.0,9.0,-140.0,125.0
2023-09-10,HOU,SDP,12.0,2.0,10.0,-175.0,145.0
2023-09-10,MIN,NYM,0.0,2.0,9.0,-172.0,152.0
2023-09-10,NYY,MIL,4.0,3.0,7.5,-139.0,118.0
2023-09-10,PHI,FLA,4.0,5.0,9.5,-165.0,145.0
2023-09-10,SFG,COL,6.0,3.0,8.5,-210.0,175.0
2023-09-10,TBD,SEA,6.0,3.0,8.0,-129.0,119.0
2023-09-10,TEX,OAK,9.0,4.0,9.0,-250.0,205.0
2023-09-10,TOR,KCR,5.0,2.0,8.0,-165.0,150.0
2023-09-10,WSN,LAD,3.0,7.0,10.0,190.0,-230.0
2023-09-11,BAL,STL,11.0,5.0,10.0,-170.0,150.0
2023-09-11,COL,CHC,4.0,5.0,11.5,160.0,-180.0
2023-09-11,HOU,OAK,0.0,4.0,8.5,-290.0,240.0
2023-09-11,LAD,SDP,8.0,11.0,9.5,-165.0,150.0
2023-09-11,MIL,FLA,12.0,0.0,7.0,-133.0,123.0
2023-09-11,MIN,TBD,4.0,7.0,7.0,105.0,-115.0
2023-09-11,NYM,ARI,3.0,4.0,8.5,-125.0,115.0
2023-09-11,PHI,ATL,8.0,10.0,10.0,145.0,-165.0
2023-09-11,PHI,ATL,7.0,5.0,10.0,104.0,-124.0
2023-09-11,PIT,WSN,2.0,6.0,8.5,-142.0,127.0
2023-09-11,SEA,ANA,5.0,8.0,8.0,-240.0,195.0
2023-09-11,SFG,CLE,5.0,4.0,7.5,-135.0,115.0
2023-09-11,TOR,TEX,4.0,10.0,8.5,-130.0,120.0
2023-09-12,BAL,STL,2.0,5.0,11.0,-185.0,165.0
2023-09-12,BOS,NYY,2.0,3.0,9.5,-141.0,126.0
2023-09-12,BOS,NYY,1.0,4.0,9.5,-130.0,120.0
2023-09-12,CHW,KCR,6.0,2.0,8.5,-135.0,110.0
2023-09-12,CHW,KCR,10.0,11.0,9.5,-130.0,110.0
2023-09-12,COL,CHC,6.0,4.0,12.0,158.0,-173.0
2023-09-12,DET,CIN,5.0,6.0,9.0,108.0,-118.0
2023-09-12,HOU,OAK,2.0,6.0,8.5,-315.0,260.0
2023-09-12,LAD,SDP,11.0,2.0,9.5,-150.0,130.0
2023-09-12,MIL,FLA,3.0,1.0,7.5,-161.0,135.0
2023-09-12,MIN,TBD,3.0,2.0,8.0,-123.0,113.0
2023-09-12,NYM,ARI,7.0,4.0,9.5,-114.0,104.0
2023-09-12,PHI,ATL,6.0,7.0,8.5,100.0,-110.0
2023-09-12,PIT,WSN,5.0,1.0,9.0,-143.0,128.0
2023-09-12,SEA,ANA,8.0,0.0,8.0,-200.0,170.0
2023-09-12,SFG,CLE,1.0,3.0,8.5,-170.0,150.0
2023-09-12,TOR,TEX,3.0,6.0,8.5,-105.0,-115.0
2023-09-13,BAL,STL,0.0,1.0,9.0,-200.0,170.0
2023-09-13,CHW,KCR,1.0,7.0,9.0,-150.0,135.0
2023-09-13,COL,CHC,7.0,3.0,11.5,170.0,-200.0
2023-09-13,DET,CIN,3.0,4.0,8.5,-133.0,123.0
2023-09-13,HOU,OAK,6.0,2.0,9.0,-275.0,225.0
2023-09-13,LAD,SDP,1.0,6.0,8.0,-131.0,109.0
2023-09-13,MIL,FLA,0.0,2.0,7.5,-121.0,111.0
2023-09-13,MIN,TBD,4.0,5.0,8.5,105.0,-115.0
2023-09-13,NYM,ARI,7.0,1.0,8.0,136.0,-162.0
2023-09-13,PHI,ATL,1.0,4.0,9.0,142.0,-157.0
2023-09-13,PIT,WSN,7.0,6.0,9.5,-140.0,125.0
2023-09-13,SEA,ANA,3.0,2.0,7.5,-300.0,240.0
2023-09-13,SFG,CLE,6.0,5.0,7.5,-150.0,126.0
2023-09-13,TOR,TEX,0.0,10.0,8.0,-129.0,119.0
2023-09-14,BAL,TBD,3.0,4.0,8.0,-128.0,118.0
2023-09-14,BOS,NYY,5.0,0.0,9.0,-113.0,-107.0
2023-09-14,BOS,NYY,5.0,8.0,9.5,-105.0,-115.0
2023-09-14,CHW,MIN,2.0,10.0,9.0,160.0,-180.0
2023-09-14,DET,CIN,8.0,2.0,8.5,-125.0,105.0
2023-09-14,MIL,FLA,4.0,2.0,7.5,-110.0,-110.0
2023-09-14,NYM,ARI,11.0,1.0,7.0,-112.0,102.0
2023-09-14,PIT,WSN,2.0,0.0,8.5,-165.0,140.0
2023-09-14,TOR,TEX,2.0,9.0,7.5,-146.0,131.0
2023-09-15,ANA,DET,2.0,11.0,7.5,118.0,-128.0
2023-09-15,ARI,CHC,6.0,4.0,8.5,122.0,-132.0
2023-09-15,BAL,TBD,1.0,7.0,8.5,114.0,-124.0
2023-09-15,CHW,MIN,2.0,10.0,9.0,152.0,-172.0
2023-09-15,CLE,TEX,12.0,3.0,8.0,105.0,-115.0
2023-09-15,COL,SFG,3.0,2.0,10.5,185.0,-225.0
2023-09-15,KCR,HOU,4.0,2.0,10.5,163.0,-183.0
2023-09-15,FLA,ATL,9.0,6.0,9.0,145.0,-160.0
2023-09-15,MIL,WSN,5.0,3.0,8.5,-185.0,165.0
2023-09-15,NYM,CIN,3.0,5.0,8.0,-110.0,100.0
2023-09-15,OAK,SDP,3.0,8.0,8.5,170.0,-205.0
2023-09-15,PIT,NYY,5.0,7.0,7.5,142.0,-157.0
2023-09-15,SEA,LAD,3.0,6.0,8.0,-102.0,-108.0
2023-09-15,STL,PHI,4.0,5.0,8.5,122.0,-145.0
2023-09-15,TOR,BOS,3.0,0.0,8.5,-143.0,128.0
2023-09-16,ANA,DET,4.0,5.0,8.5,110.0,-120.0
2023-09-16,ARI,CHC,7.0,6.0,9.0,100.0,-110.0
2023-09-16,BAL,TBD,8.0,0.0,7.5,105.0,-115.0
2023-09-16,CHW,MIN,7.0,6.0,9.0,185.0,-225.0
2023-09-16,CLE,TEX,2.0,1.0,8.0,-117.0,107.0
2023-09-16,COL,SFG,9.0,5.0,12.0,145.0,-165.0
2023-09-16,COL,SFG,5.0,2.0,11.5,145.0,-165.0
2023-09-16,KCR,HOU,10.0,8.0,9.5,131.0,-146.0
2023-09-16,FLA,ATL,11.0,5.0,9.5,104.0,-114.0
2023-09-16,MIL,WSN,9.0,5.0,8.0,-275.0,225.0
2023-09-16,NYM,CIN,2.0,3.0,8.5,-109.0,-101.0
2023-09-16,OAK,SDP,2.0,5.0,8.5,120.0,-130.0
2023-09-16,PIT,NYY,3.0,6.0,9.5,105.0,-115.0
2023-09-16,SEA,LAD,2.0,6.0,8.0,125.0,-135.0
2023-09-16,STL,PHI,1.0,6.0,9.0,106.0,-116.0
2023-09-16,TOR,BOS,4.0,3.0,8.5,-140.0,129.0
2023-09-17,ANA,DET,3.0,5.0,9.0,105.0,-115.0
2023-09-17,ARI,CHC,6.0,2.0,9.0,103.0,-113.0
2023-09-17,BAL,TBD,5.0,4.0,9.0,-115.0,105.0
2023-09-17,CHW,MIN,0.0,4.0,8.5,164.0,-179.0
2023-09-17,CLE,TEX,9.0,2.0,8.0,111.0,-121.0
2023-09-17,COL,SFG,10.0,11.0,12.0,154.0,-186.0
2023-09-17,KCR,HOU,1.0,7.0,9.5,210.0,-260.0
2023-09-17,FLA,ATL,16.0,2.0,8.0,105.0,-115.0
2023-09-17,MIL,WSN,1.0,2.0,8.0,-280.0,240.0
2023-09-17,NYM,CIN,8.0,4.0,9.0,-130.0,120.0
2023-09-17,OAK,SDP,1.0,10.0,8.5,145.0,-160.0
2023-09-17,PIT,NYY,3.0,2.0,8.0,142.0,-157.0
2023-09-17,SEA,LAD,1.0,6.0,8.0,-180.0,160.0
2023-09-17,STL,PHI,6.0,5.0,9.5,129.0,-139.0
2023-09-17,TOR,BOS,3.0,2.0,8.5,-150.0,135.0
2023-09-18,ATL,PHI,1.0,7.0,9.5,-101.0,-109.0
2023-09-18,CIN,MIN,7.0,3.0,9.5,135.0,-150.0
2023-09-18,HOU,BAL,7.0,8.0,8.5,-184.0,164.0
2023-09-18,KCR,CLE,6.0,4.0,9.5,118.0,-128.0
2023-09-18,LAD,DET,8.0,3.0,8.0,-185.0,165.0
2023-09-18,FLA,NYM,1.0,2.0,8.5,-156.0,141.0
2023-09-18,OAK,SEA,0.0,5.0,8.0,155.0,-170.0
2023-09-18,SDP,COL,11.0,9.0,8.0,-270.0,220.0
2023-09-18,STL,MIL,1.0,0.0,8.5,157.0,-177.0
2023-09-18,TEX,BOS,2.0,4.0,9.0,-172.0,152.0
2023-09-18,WSN,CHW,1.0,6.0,9.0,112.0,-122.0
2023-09-19,ARI,SFG,8.0,4.0,8.0,-133.0,123.0
2023-09-19,ATL,PHI,9.0,3.0,8.5,-220.0,180.0
2023-09-19,CHC,PIT,14.0,1.0,9.0,-155.0,140.0
2023-09-19,CIN,MIN,0.0,7.0,9.5,109.0,-119.0
2023-09-19,HOU,BAL,5.0,9.0,9.0,-188.0,155.0
2023-09-19,KCR,CLE,7.0,6.0,9.0,134.0,-160.0
2023-09-19,LAD,DET,3.0,2.0,8.5,-250.0,210.0
2023-09-19,FLA,NYM,4.0,3.0,8.5,-150.0,130.0
2023-09-19,NYY,TOR,1.0,7.0,8.0,-110.0,100.0
2023-09-19,OAK,SEA,2.0,7.0,7.5,190.0,-230.0
2023-09-19,SDP,COL,2.0,0.0,7.5,-305.0,245.0
2023-09-19,STL,MIL,3.0,7.0,9.0,117.0,-127.0
2023-09-19,TBD,ANA,6.0,2.0,8.5,-210.0,175.0
2023-09-19,TEX,BOS,6.0,4.0,9.0,-152.0,137.0
2023-09-19,WSN,CHW,4.0,3.0,9.5,-115.0,105.0
2023-09-20,ARI,SFG,7.0,1.0,7.5,100.0,-110.0
2023-09-20,ATL,PHI,5.0,6.0,9.5,-145.0,122.0
2023-09-20,CHC,PIT,7.0,13.0,7.5,-198.0,178.0
2023-09-20,CIN,MIN,3.0,5.0,8.5,-130.0,120.0
2023-09-20,HOU,BAL,2.0,1.0,9.0,101.0,-111.0
2023-09-20,KCR,CLE,6.0,2.0,9.0,123.0,-147.0
2023-09-20,LAD,DET,2.0,4.0,8.0,-265.0,215.0
2023-09-20,FLA,NYM,3.0,8.0,7.5,-117.0,107.0
2023-09-20,NYY,TOR,1.0,6.0,7.0,104.0,-114.0
2023-09-20,OAK,SEA,3.0,6.0,8.5,215.0,-250.0
2023-09-20,SDP,COL,3.0,2.0,8.5,-250.0,205.0
2023-09-20,STL,MIL,2.0,8.0,8.5,109.0,-119.0
2023-09-20,TBD,ANA,3.0,8.0,8.0,-260.0,210.0
2023-09-20,TEX,BOS,15.0,5.0,9.0,-150.0,135.0
2023-09-20,WSN,CHW,13.0,3.0,9.5,-130.0,120.0
2023-09-21,CHC,PIT,6.0,8.0,9.0,-175.0,145.0
2023-09-21,CLE,BAL,5.0,2.0,8.0,135.0,-150.0
2023-09-21,LAD,SFG,7.0,2.0,8.5,-177.0,157.0
2023-09-21,NYY,TOR,5.0,3.0,7.0,-130.0,120.0
2023-09-21,OAK,DET,3.0,7.0,7.5,165.0,-185.0
2023-09-21,PHI,NYM,5.0,4.0,8.5,-152.0,137.0
2023-09-21,STL,MIL,0.0,6.0,9.0,-110.0,-110.0
2023-09-21,TBD,ANA,5.0,4.0,7.5,-265.0,215.0
2023-09-21,WSN,ATL,3.0,10.0,8.5,215.0,-265.0
2023-09-22,BOS,CHW,3.0,2.0,9.0,-220.0,180.0
2023-09-22,CHC,COL,6.0,0.0,9.0,-260.0,210.0
2023-09-22,CIN,PIT,5.0,7.0,9.5,-145.0,130.0
2023-09-22,CLE,BAL,9.0,8.0,8.0,-114.0,104.0
2023-09-22,HOU,KCR,5.0,7.0,8.5,-230.0,190.0
2023-09-22,LAD,SFG,1.0,5.0,9.0,-175.0,145.0
2023-09-22,FLA,MIL,1.0,16.0,8.0,125.0,-140.0
2023-09-22,MIN,ANA,8.0,6.0,8.0,-270.0,220.0
2023-09-22,NYY,ARI,7.0,1.0,8.5,100.0,-120.0
2023-09-22,OAK,DET,8.0,2.0,7.5,140.0,-155.0
2023-09-22,PHI,NYM,5.0,4.0,9.0,-165.0,145.0
2023-09-22,SDP,STL,4.0,2.0,9.0,-182.0,150.0
2023-09-22,TBD,TOR,2.0,6.0,7.5,-150.0,135.0
2023-09-22,TEX,SEA,8.0,5.0,9.5,-130.0,120.0
2023-09-22,WSN,ATL,6.0,9.0,9.0,210.0,-260.0
2023-09-23,BOS,CHW,0.0,1.0,8.5,-150.0,135.0
2023-09-23,CHC,COL,6.0,3.0,8.5,-230.0,190.0
2023-09-23,CIN,PIT,12.0,13.0,9.5,-128.0,118.0
2023-09-23,CLE,BAL,1.0,2.0,8.0,117.0,-127.0
2023-09-23,HOU,KCR,2.0,3.0,10.0,-290.0,230.0
2023-09-23,LAD,SFG,7.0,0.0,8.5,-215.0,180.0
2023-09-23,FLA,MIL,5.0,4.0,7.0,104.0,-114.0
2023-09-23,MIN,ANA,0.0,1.0,7.5,-200.0,170.0
2023-09-23,OAK,DET,4.0,1.0,8.5,113.0,-123.0
2023-09-23,PHI,NYM,7.0,5.0,7.5,-180.0,160.0
2023-09-23,SDP,STL,2.0,5.0,8.5,-200.0,170.0
2023-09-23,TBD,TOR,7.0,6.0,8.0,-112.0,102.0
2023-09-23,TEX,SEA,2.0,0.0,8.5,-119.0,109.0
2023-09-24,BOS,CHW,2.0,3.0,8.5,-165.0,145.0
2023-09-24,CHC,COL,4.0,3.0,9.0,-250.0,205.0
2023-09-24,CIN,PIT,4.0,2.0,10.5,-145.0,133.0
2023-09-24,CLE,BAL,1.0,5.0,7.0,-112.0,102.0
2023-09-24,HOU,KCR,5.0,6.0,9.5,-278.0,230.0
2023-09-24,LAD,SFG,3.0,2.0,9.0,-170.0,155.0
2023-09-24,FLA,MIL,6.0,1.0,7.0,115.0,-125.0
2023-09-24,MIN,ANA,9.0,3.0,8.0,-250.0,205.0
2023-09-24,NYY,ARI,1.0,7.0,7.0,100.0,-110.0
2023-09-24,OAK,DET,0.0,2.0,8.0,120.0,-130.0
2023-09-24,PHI,NYM,5.0,2.0,9.0,-170.0,150.0
2023-09-24,SDP,STL,12.0,2.0,8.0,-200.0,170.0
2023-09-24,TBD,TOR,5.0,9.0,8.0,-107.0,-103.0
2023-09-24,TEX,SEA,9.0,8.0,9.0,-128.0,118.0
2023-09-24,WSN,ATL,3.0,2.0,9.5,190.0,-230.0
2023-09-24,WSN,ATL,5.0,8.0,8.0,240.0,-300.0
2023-09-25,ANA,TEX,1.0,5.0,9.0,152.0,-184.0
2023-09-25,NYY,ARI,6.0,4.0,7.0,110.0,-120.0
2023-09-25,SEA,HOU,1.0,5.0,7.5,-124.0,104.0
2023-09-25,SFG,SDP,2.0,1.0,7.0,110.0,-120.0
2023-09-26,ANA,TEX,9.0,3.0,9.0,143.0,-158.0
2023-09-26,ATL,CHC,7.0,6.0,9.5,-140.0,125.0
2023-09-26,BAL,WSN,1.0,0.0,7.5,-250.0,205.0
2023-09-26,BOS,TBD,7.0,9.0,8.0,102.0,-112.0
2023-09-26,CHW,ARI,4.0,15.0,9.0,138.0,-150.0
2023-09-26,CLE,CIN,7.0,11.0,7.5,-110.0,100.0
2023-09-26,COL,LAD,4.0,1.0,12.0,195.0,-240.0
2023-09-26,COL,LAD,2.0,11.0,11.5,200.0,-240.0
2023-09-26,DET,KCR,6.0,3.0,8.0,-160.0,135.0
2023-09-26,MIL,STL,1.0,4.0,8.5,-157.0,142.0
2023-09-26,MIN,OAK,11.0,3.0,8.0,-216.0,176.0
2023-09-26,PHI,PIT,3.0,2.0,7.5,-180.0,160.0
2023-09-26,SEA,HOU,6.0,2.0,8.0,-110.0,100.0
2023-09-26,SFG,SDP,0.0,4.0,8.0,120.0,-130.0
2023-09-26,TOR,NYY,0.0,2.0,7.0,-175.0,155.0
2023-09-27,ANA,TEX,0.0,5.0,8.5,145.0,-165.0
2023-09-27,ATL,CHC,6.0,5.0,9.5,-140.0,125.0
2023-09-27,BAL,WSN,5.0,1.0,8.0,-260.0,210.0
2023-09-27,BOS,TBD,0.0,5.0,7.5,122.0,-132.0
2023-09-27,CHW,ARI,0.0,3.0,9.0,168.0,-188.0
2023-09-27,CLE,CIN,4.0,3.0,8.0,-125.0,105.0
2023-09-27,COL,LAD,2.0,8.0,12.5,185.0,-220.0
2023-09-27,DET,KCR,8.0,0.0,8.0,-210.0,175.0
2023-09-27,MIL,STL,3.0,2.0,8.0,-140.0,125.0
2023-09-27,MIN,OAK,6.0,4.0,7.5,-280.0,230.0
2023-09-27,NYM,FLA,11.0,2.0,7.5,115.0,-125.0
2023-09-27,NYM,FLA,2.0,4.0,8.0,-150.0,135.0
2023-09-27,PHI,PIT,7.0,6.0,8.0,-130.0,110.0
2023-09-27,SEA,HOU,3.0,8.0,8.0,100.0,-120.0
2023-09-27,SFG,SDP,2.0,5.0,8.5,-115.0,105.0
2023-09-27,TOR,NYY,0.0,6.0,7.0,-125.0,107.0
2023-09-28,ATL,CHC,5.0,3.0,9.5,-140.0,120.0
2023-09-28,BAL,BOS,2.0,0.0,7.5,-120.0,110.0
2023-09-28,CHW,ARI,3.0,1.0,9.0,165.0,-185.0
2023-09-28,COL,LAD,14.0,5.0,11.5,185.0,-215.0
2023-09-28,DET,KCR,7.0,3.0,7.0,-106.0,-104.0
2023-09-28,MIL,STL,3.0,0.0,8.5,-270.0,220.0
2023-09-28,MIN,OAK,1.0,2.0,8.0,-275.0,225.0
2023-09-28,NYM,FLA,1.0,0.0,7.5,115.0,-135.0
2023-09-28,PHI,PIT,2.0,3.0,8.0,-270.0,220.0
2023-09-28,SEA,TEX,3.0,2.0,7.5,-112.0,102.0
2023-09-28,TOR,NYY,6.0,0.0,8.5,-197.0,162.0
2023-09-29,ANA,OAK,5.0,1.0,8.5,-142.0,127.0
2023-09-29,ARI,HOU,1.0,2.0,9.5,-117.0,107.0
2023-09-29,ATL,WSN,6.0,10.0,10.0,-280.0,230.0
2023-09-29,BAL,BOS,0.0,3.0,7.5,105.0,-115.0
2023-09-29,CHW,SDP,2.0,3.0,8.5,125.0,-140.0
2023-09-29,COL,MIN,6.0,7.0,11.5,165.0,-185.0
2023-09-29,DET,CLE,5.0,7.0,8.5,-103.0,-107.0
2023-09-29,KCR,NYY,12.0,5.0,9.5,133.0,-145.0
2023-09-29,MIL,CHC,4.0,3.0,8.5,-110.0,-110.0
2023-09-29,PIT,FLA,3.0,4.0,8.5,125.0,-140.0
2023-09-29,SEA,TEX,8.0,0.0,8.0,-115.0,-105.0
2023-09-29,SFG,LAD,2.0,6.0,8.5,118.0,-128.0
2023-09-29,STL,CIN,2.0,19.0,9.0,-103.0,-107.0
2023-09-29,TOR,TBD,11.0,4.0,8.0,-123.0,113.0
2023-09-30,ANA,OAK,3.0,7.0,8.5,-120.0,100.0
2023-09-30,ARI,HOU,0.0,1.0,9.0,117.0,-127.0
2023-09-30,ATL,WSN,5.0,3.0,9.0,-390.0,310.0
2023-09-30,BAL,BOS,5.0,2.0,8.0,-127.0,117.0
2023-09-30,CHW,SDP,1.0,6.0,8.5,130.0,-145.0
2023-09-30,COL,MIN,6.0,14.0,13.0,122.0,-132.0
2023-09-30,DET,CLE,8.0,0.0,8.0,-103.0,-107.0
2023-09-30,KCR,NYY,2.0,5.0,9.5,119.0,-129.0
2023-09-30,MIL,CHC,6.0,10.0,8.5,113.0,-123.0
2023-09-30,NYM,PHI,4.0,3.0,8.0,-102.0,-108.0
2023-09-30,NYM,PHI,11.0,4.0,8.0,-129.0,119.0
2023-09-30,PIT,FLA,3.0,7.0,9.0,118.0,-128.0
2023-09-30,SEA,TEX,1.0,6.0,7.5,-145.0,133.0
2023-09-30,SFG,LAD,2.0,1.0,8.0,158.0,-173.0
2023-09-30,STL,CIN,15.0,6.0,9.0,114.0,-124.0
2023-09-30,TOR,TBD,5.0,7.0,8.5,-133.0,123.0
2023-10-01,ANA,OAK,7.0,3.0,8.5,-108.0,-102.0
2023-10-01,ARI,HOU,1.0,8.0,9.0,190.0,-230.0
2023-10-01,ATL,WSN,9.0,10.0,10.5,-225.0,185.0
2023-10-01,BAL,BOS,1.0,6.0,8.5,-165.0,145.0
2023-10-01,CHW,SDP,1.0,2.0,9.5,170.0,-200.0
2023-10-01,COL,MIN,3.0,2.0,13.0,135.0,-160.0
2023-10-01,DET,CLE,5.0,2.0,7.5,-118.0,108.0
2023-10-01,KCR,NYY,5.0,2.0,8.5,120.0,-130.0
2023-10-01,MIL,CHC,4.0,0.0,8.5,-131.0,121.0
2023-10-01,NYM,PHI,1.0,9.0,8.5,-117.0,107.0
2023-10-01,PIT,FLA,3.0,0.0,9.0,-132.0,122.0
2023-10-01,SEA,TEX,1.0,0.0,7.5,-120.0,100.0
2023-10-01,SFG,LAD,2.0,5.0,8.0,145.0,-160.0
2023-10-01,STL,CIN,4.0,3.0,8.5,105.0,-115.0
2023-10-01,TOR,TBD,8.0,12.0,8.5,100.0,-110.0
2023-10-03,TBD,TEX,0.0,4.0,7.5,-155.0,140.0
2023-10-03,MIL,ARI,3.0,6.0,8.0,-175.0,144.0
2023-10-03,PHI,FLA,4.0,1.0,7.5,-156.0,141.0
2023-10-03,MIN,TOR,3.0,1.0,7.5,-120.0,110.0
2023-10-04,MIN,TOR,2.0,0.0,8.0,-146.0,131.0
2023-10-04,TBD,TEX,1.0,7.0,8.0,-146.0,131.0
2023-10-04,MIL,ARI,2.0,5.0,7.5,-132.0,122.0
2023-10-04,PHI,FLA,7.0,1.0,8.0,-150.0,135.0
2023-10-07,LAD,ARI,2.0,11.0,8.5,-190.0,170.0
2023-10-07,BAL,TEX,2.0,3.0,7.5,-125.0,115.0
2023-10-07,HOU,MIN,6.0,4.0,8.0,-140.0,129.0
2023-10-07,ATL,PHI,0.0,3.0,8.5,-200.0,170.0
2023-10-08,BAL,TEX,8.0,11.0,7.5,-105.0,-105.0
2023-10-08,HOU,MIN,2.0,6.0,7.5,-127.0,117.0
2023-10-09,ATL,PHI,5.0,4.0,8.0,-153.0,138.0
2023-10-09,LAD,ARI,2.0,4.0,8.0,-160.0,135.0
2023-10-10,TEX,BAL,7.0,1.0,9.0,-132.0,122.0
2023-10-10,MIN,HOU,1.0,9.0,8.0,-135.0,113.0
2023-10-11,MIN,HOU,2.0,3.0,8.5,-120.0,110.0
2023-10-11,PHI,ATL,10.0,2.0,9.0,-119.0,109.0
2023-10-11,ARI,LAD,4.0,2.0,9.5,125.0,-140.0
2023-10-12,PHI,ATL,3.0,1.0,8.0,130.0,-155.0
2023-10-15,HOU,TEX,0.0,2.0,8.5,-135.0,125.0
2023-10-16,PHI,ARI,5.0,3.0,7.5,-165.0,145.0
2023-10-16,HOU,TEX,4.0,5.0,8.5,-120.0,110.0
2023-10-17,PHI,ARI,10.0,0.0,7.5,-165.0,145.0
2023-10-18,TEX,HOU,5.0,8.0,9.0,-117.0,107.0
2023-10-19,TEX,HOU,3.0,10.0,9.5,-110.0,-110.0
2023-10-19,ARI,PHI,2.0,1.0,9.0,105.0,-125.0
2023-10-20,ARI,PHI,6.0,5.0,9.5,118.0,-128.0
2023-10-20,TEX,HOU,4.0,5.0,9.0,-105.0,-105.0
2023-10-21,ARI,PHI,1.0,6.0,8.0,119.0,-129.0
2023-10-22,HOU,TEX,2.0,9.0,8.5,-116.0,106.0
2023-10-23,HOU,TEX,4.0,11.0,9.0,-130.0,120.0
2023-10-23,PHI,ARI,1.0,5.0,8.0,-182.0,162.0
2023-10-24,PHI,ARI,2.0,4.0,8.0,-158.0,143.0
2023-10-27,TEX,ARI,6.0,5.0,8.5,-153.0,140.0
2023-10-28,TEX,ARI,1.0,9.0,9.0,-146.0,131.0
2023-10-30,ARI,TEX,1.0,3.0,9.0,104.0,-114.0
2023-10-31,ARI,TEX,7.0,11.0,9.5,-116.0,106.0
2023-11-01,ARI,TEX,0.0,5.0,8.5,-105.0,-105.0
2024-03-20,SDP,LAD,2.0,5.0,8.5,158.0,-188.0
2024-03-21,LAD,SDP,11.0,15.0,8.5,-188.0,158.0
2024-03-28,ARI,COL,16.0,1.0,8.5,-220.0,184.0
2024-03-28,BAL,ANA,11.0,3.0,8.0,-190.0,160.0
2024-03-28,CHW,DET,0.0,1.0,7.5,134.0,-158.0
2024-03-28,CIN,WSN,8.0,2.0,9.5,-152.0,128.0
2024-03-28,FLA,PIT,5.0,6.0,7.5,-126.0,108.0
2024-03-28,HOU,NYY,4.0,5.0,9.0,-152.0,128.0
2024-03-28,KCR,MIN,1.0,4.0,8.5,108.0,-126.0
2024-03-28,LAD,STL,7.0,1.0,8.5,-250.0,205.0
2024-03-28,OAK,CLE,0.0,8.0,7.5,124.0,-146.0
2024-03-28,SDP,SFG,6.0,4.0,7.5,-106.0,-110.0
2024-03-28,SEA,BOS,4.0,6.0,7.5,-154.0,130.0
2024-03-28,TBD,TOR,2.0,8.0,7.5,-148.0,126.0
2024-03-28,TEX,CHC,4.0,3.0,8.5,-120.0,102.0
2024-03-29,ARI,COL,7.0,3.0,9.0,-240.0,198.0
2024-03-29,FLA,PIT,2.0,7.0,8.5,-142.0,120.0
2024-03-29,HOU,NYY,1.0,7.0,9.5,-120.0,102.0
2024-03-29,LAD,STL,6.0,3.0,8.5,-235.0,194.0
2024-03-29,NYM,MIL,1.0,3.0,7.5,-112.0,-104.0
2024-03-29,OAK,CLE,4.0,6.0,7.5,112.0,-132.0
2024-03-29,PHI,ATL,3.0,9.0,7.0,116.0,-136.0
2024-03-29,SDP,SFG,3.0,8.0,7.5,-146.0,124.0
2024-03-29,SEA,BOS,1.0,0.0,7.0,-162.0,136.0
2024-03-29,TBD,TOR,8.0,2.0,8.0,-126.0,108.0
2024-03-30,ARI,COL,4.0,9.0,9.5,-178.0,150.0
2024-03-30,BAL,ANA,13.0,4.0,8.5,-166.0,140.0
2024-03-30,CHW,DET,6.0,7.0,8.5,112.0,-132.0
2024-03-30,CIN,WSN,6.0,7.0,10.5,-184.0,154.0
2024-03-30,FLA,PIT,3.0,9.0,8.5,-108.0,-108.0
2024-03-30,HOU,NYY,3.0,5.0,9.0,-134.0,114.0
2024-03-30,KCR,MIN,1.0,5.0,8.0,104.0,-122.0
2024-03-30,LAD,STL,5.0,6.0,8.5,-235.0,194.0
2024-03-30,NYM,MIL,6.0,7.0,7.5,-130.0,110.0
2024-03-30,OAK,CLE,3.0,12.0,7.5,112.0,-132.0
2024-03-30,PHI,ATL,4.0,12.0,8.0,114.0,-134.0
2024-03-30,SDP,SFG,6.0,9.0,7.5,-126.0,108.0
2024-03-30,SEA,BOS,4.0,3.0,7.0,-164.0,138.0
2024-03-30,TBD,TOR,5.0,1.0,8.5,-132.0,112.0
2024-03-30,TEX,CHC,11.0,2.0,9.5,-126.0,108.0
2024-03-31,ARI,COL,5.0,1.0,9.0,-205.0,172.0
2024-03-31,BAL,ANA,1.0,4.0,8.5,-142.0,120.0
2024-03-31,CHW,DET,2.0,3.0,7.5,122.0,-144.0
2024-03-31,CIN,WSN,6.0,5.0,9.5,-174.0,146.0
2024-03-31,FLA,PIT,7.0,9.0,8.5,-152.0,128.0
2024-03-31,HOU,NYY,3.0,4.0,9.5,-118.0,-100.0
2024-03-31,KCR,MIN,11.0,0.0,9.0,104.0,-122.0
2024-03-31,LAD,STL,5.0,4.0,9.0,-174.0,146.0
2024-03-31,NYM,MIL,1.0,4.0,8.0,-142.0,120.0
2024-03-31,OAK,CLE,4.0,3.0,8.5,-100.0,-118.0
2024-03-31,PHI,ATL,5.0,4.0,8.0,122.0,-144.0
2024-03-31,SDP,SFG,13.0,4.0,8.5,-158.0,134.0
2024-03-31,SEA,BOS,1.0,5.0,7.5,-116.0,-102.0
2024-03-31,TBD,TOR,2.0,9.0,8.0,106.0,-124.0
2024-03-31,TEX,CHC,5.0,9.0,9.0,-132.0,112.0
2024-04-01,ARI,NYY,2.0,5.0,9.5,102.0,-120.0
2024-04-01,BAL,KCR,6.0,4.0,8.0,-156.0,132.0
2024-04-01,CHC,COL,5.0,0.0,7.0,-240.0,198.0
2024-04-01,CHW,ATL,0.0,9.0,9.0,260.0,-320.0
2024-04-01,FLA,ANA,4.0,7.0,8.5,-108.0,-108.0
2024-04-01,HOU,TOR,10.0,0.0,9.0,-152.0,128.0
2024-04-01,LAD,SFG,8.0,3.0,8.5,-210.0,176.0
2024-04-01,NYM,DET,0.0,5.0,7.5,-142.0,120.0
2024-04-01,OAK,BOS,0.0,9.0,8.5,136.0,-162.0
2024-04-01,PHI,CIN,3.0,6.0,8.0,-148.0,126.0
2024-04-01,SDP,STL,2.0,6.0,8.0,-122.0,104.0
2024-04-01,SEA,CLE,5.0,4.0,7.5,-102.0,-116.0
2024-04-01,TBD,TEX,3.0,9.0,8.5,-126.0,108.0
2024-04-01,WSN,PIT,4.0,8.0,8.5,-104.0,-112.0
2024-04-02,ARI,NYY,7.0,0.0,8.5,-110.0,-106.0
2024-04-02,BAL,KCR,1.0,4.0,8.5,-164.0,138.0
2024-04-02,CHC,COL,12.0,2.0,8.5,-180.0,152.0
2024-04-02,CHW,ATL,3.0,2.0,9.0,158.0,-188.0
2024-04-02,FLA,ANA,1.0,3.0,9.0,-144.0,122.0
2024-04-02,HOU,TOR,1.0,2.0,8.5,-158.0,134.0
2024-04-02,LAD,SFG,5.0,4.0,8.5,-148.0,126.0
2024-04-02,MIL,MIN,3.0,2.0,8.5,-118.0,-100.0
2024-04-02,OAK,BOS,4.0,5.0,8.5,126.0,-148.0
2024-04-02,PHI,CIN,9.0,4.0,8.0,-138.0,118.0
2024-04-02,SDP,STL,2.0,5.0,8.0,-144.0,122.0
2024-04-02,SEA,CLE,2.0,5.0,7.0,-120.0,102.0
2024-04-02,TBD,TEX,5.0,2.0,8.5,-156.0,132.0
2024-04-03,ARI,NYY,5.0,6.0,8.5,104.0,-122.0
2024-04-03,BAL,KCR,4.0,3.0,7.0,-172.0,144.0
2024-04-03,CHC,COL,9.0,8.0,7.0,-215.0,180.0
2024-04-03,FLA,ANA,2.0,10.0,8.5,-110.0,-106.0
2024-04-03,HOU,TOR,8.0,0.0,9.0,-156.0,132.0
2024-04-03,LAD,SFG,5.0,4.0,8.5,-245.0,200.0
2024-04-03,MIL,MIN,3.0,7.0,8.5,-106.0,-110.0
2024-04-03,OAK,BOS,0.0,1.0,7.5,142.0,-168.0
2024-04-03,PHI,CIN,1.0,4.0,7.5,-180.0,152.0
2024-04-03,SDP,STL,3.0,2.0,8.5,-158.0,134.0
2024-04-03,SEA,CLE,0.0,8.0,7.5,-154.0,130.0
2024-04-03,TBD,TEX,1.0,4.0,7.5,-124.0,106.0
2024-04-03,WSN,PIT,5.0,3.0,8.5,132.0,-156.0
2024-04-04,KCR,CHW,10.0,1.0,8.0,-184.0,154.0
2024-04-04,MIN,CLE,2.0,4.0,7.0,-166.0,140.0
2024-04-04,NYM,DET,2.0,1.0,7.5,-118.0,-100.0
2024-04-04,NYM,DET,3.0,6.0,7.5,-142.0,120.0
2024-04-04,STL,FLA,8.0,5.0,8.0,-142.0,120.0
2024-04-04,WSN,PIT,4.0,7.0,8.5,106.0,-124.0
2024-04-05,ANA,BOS,6.0,8.0,8.5,-102.0,-116.0
2024-04-05,ATL,ARI,6.0,5.0,9.0,-300.0,245.0
2024-04-05,CHC,LAD,9.0,7.0,7.5,160.0,-190.0
2024-04-05,CIN,NYM,2.0,3.0,8.5,-134.0,116.0
2024-04-05,COL,TBD,10.0,7.0,12.5,142.0,-168.0
2024-04-05,DET,OAK,5.0,4.0,7.5,-245.0,200.0
2024-04-05,KCR,CHW,2.0,1.0,8.0,-190.0,160.0
2024-04-05,MIL,SEA,6.0,5.0,7.5,-126.0,108.0
2024-04-05,NYY,TOR,0.0,3.0,8.5,-156.0,132.0
2024-04-05,PIT,BAL,2.0,5.0,7.5,104.0,-122.0
2024-04-05,SFG,SDP,3.0,2.0,7.5,-120.0,102.0
2024-04-05,TEX,HOU,10.0,2.0,10.0,120.0,-142.0
2024-04-05,WSN,PHI,0.0,4.0,8.0,172.0,-205.0
2024-04-06,ANA,BOS,2.0,1.0,8.0,-116.0,-102.0
2024-04-06,ATL,ARI,9.0,8.0,9.0,-205.0,172.0
2024-04-06,CHC,LAD,1.0,4.0,7.5,130.0,-154.0
2024-04-06,CIN,NYM,9.0,6.0,9.5,-126.0,108.0
2024-04-06,COL,TBD,6.0,8.0,11.5,120.0,-142.0
2024-04-06,DET,OAK,0.0,4.0,8.5,-146.0,124.0
2024-04-06,KCR,CHW,3.0,0.0,9.0,-230.0,190.0
2024-04-06,MIL,SEA,3.0,5.0,8.5,-118.0,-100.0
2024-04-06,MIN,CLE,1.0,3.0,8.0,-168.0,142.0
2024-04-06,NYY,TOR,9.0,8.0,7.5,-120.0,102.0
2024-04-06,PIT,BAL,5.0,4.0,8.5,116.0,-136.0
2024-04-06,SFG,SDP,0.0,4.0,8.0,-116.0,-102.0
2024-04-06,STL,FLA,3.0,1.0,7.5,-148.0,126.0
2024-04-06,TEX,HOU,7.0,2.0,10.0,-108.0,-108.0
2024-04-06,WSN,PHI,2.0,5.0,8.0,160.0,-190.0
2024-04-07,ANA,BOS,2.0,12.0,8.5,-100.0,-118.0
2024-04-07,ATL,ARI,5.0,2.0,9.0,-255.0,210.0
2024-04-07,CHC,LAD,8.0,1.0,8.5,-102.0,-116.0
2024-04-07,CIN,NYM,1.0,3.0,8.5,-102.0,-126.0
2024-04-07,COL,TBD,2.0,3.0,11.0,122.0,-144.0
2024-04-07,DET,OAK,1.0,7.0,7.5,-220.0,184.0
2024-04-07,KCR,CHW,5.0,3.0,9.0,-126.0,108.0
2024-04-07,MIL,SEA,12.0,4.0,9.0,-134.0,114.0
2024-04-07,NYY,TOR,8.0,3.0,8.0,-166.0,140.0
2024-04-07,PIT,BAL,3.0,2.0,8.5,-100.0,-118.0
2024-04-07,SFG,SDP,3.0,2.0,7.5,-166.0,140.0
2024-04-07,STL,FLA,3.0,10.0,9.0,-142.0,120.0
2024-04-07,TEX,HOU,1.0,3.0,10.5,-108.0,-108.0
2024-04-07,WSN,PHI,3.0,2.0,7.5,132.0,-156.0
2024-04-08,ANA,TBD,7.0,1.0,8.5,130.0,-154.0
2024-04-08,ATL,NYM,7.0,8.0,9.5,-225.0,188.0
2024-04-08,CIN,MIL,10.0,8.0,9.5,-110.0,-106.0
2024-04-08,CLE,CHW,4.0,0.0,8.5,-245.0,200.0
2024-04-08,COL,ARI,7.0,5.0,10.5,148.0,-176.0
2024-04-08,MIN,LAD,2.0,4.0,8.5,116.0,-136.0
2024-04-08,NYY,FLA,7.0,0.0,8.0,-154.0,130.0
2024-04-08,PIT,DET,7.0,4.0,8.0,-132.0,112.0
2024-04-08,SDP,CHC,9.0,8.0,7.5,-136.0,116.0
2024-04-08,SFG,WSN,1.0,8.0,7.5,-220.0,184.0
2024-04-08,STL,PHI,3.0,5.0,8.5,-112.0,-104.0
2024-04-08,TEX,HOU,5.0,10.0,10.0,-132.0,112.0
2024-04-08,TOR,SEA,5.0,2.0,8.0,-118.0,-100.0
2024-04-09,ANA,TBD,4.0,6.0,8.5,104.0,-122.0
2024-04-09,ATL,NYM,6.0,5.0,9.5,-188.0,158.0
2024-04-09,BOS,BAL,1.0,7.0,8.0,110.0,-130.0
2024-04-09,CIN,MIL,5.0,9.0,9.5,-134.0,116.0
2024-04-09,CLE,CHW,5.0,7.0,8.5,-250.0,205.0
2024-04-09,COL,ARI,2.0,3.0,11.0,152.0,-180.0
2024-04-09,KCR,HOU,4.0,3.0,8.5,104.0,-122.0
2024-04-09,MIN,LAD,3.0,6.0,8.0,154.0,-184.0
2024-04-09,NYY,FLA,3.0,2.0,8.0,-220.0,184.0
2024-04-09,PIT,DET,3.0,5.0,8.5,-120.0,102.0
2024-04-09,SDP,CHC,1.0,5.0,8.0,-142.0,120.0
2024-04-09,SFG,WSN,3.0,5.0,8.5,-184.0,154.0
2024-04-09,STL,PHI,3.0,0.0,7.5,118.0,-138.0
2024-04-09,TEX,OAK,3.0,4.0,8.5,-215.0,180.0
2024-04-09,TOR,SEA,5.0,3.0,8.0,-108.0,-108.0
2024-04-10,ANA,TBD,2.0,4.0,9.0,102.0,-120.0
2024-04-10,BOS,BAL,5.0,7.0,9.0,-116.0,-102.0
2024-04-10,CIN,MIL,2.0,7.0,8.5,-142.0,120.0
2024-04-10,CLE,CHW,7.0,6.0,7.5,-270.0,220.0
2024-04-10,COL,ARI,3.0,5.0,11.0,-106.0,-110.0
2024-04-10,KCR,HOU,11.0,2.0,9.5,104.0,-122.0
2024-04-10,MIN,LAD,3.0,2.0,8.5,144.0,-172.0
2024-04-10,NYY,FLA,2.0,5.0,8.5,-220.0,184.0
2024-04-10,SDP,CHC,10.0,2.0,8.0,-158.0,134.0
2024-04-10,SFG,WSN,7.0,1.0,8.5,-205.0,172.0
2024-04-10,STL,PHI,3.0,4.0,7.5,118.0,-138.0
2024-04-10,TEX,OAK,6.0,2.0,9.0,-198.0,166.0
2024-04-10,TOR,SEA,1.0,6.0,8.5,-118.0,-100.0
2024-04-11,ATL,NYM,4.0,16.0,9.5,-164.0,138.0
2024-04-11,BOS,BAL,4.0,9.0,8.5,110.0,-130.0
2024-04-11,KCR,HOU,13.0,3.0,8.5,110.0,-130.0
2024-04-11,PHI,PIT,5.0,1.0,9.0,-136.0,116.0
2024-04-11,TEX,OAK,0.0,1.0,9.5,-200.0,168.0
2024-04-12,ARI,STL,6.0,9.0,9.5,-124.0,106.0
2024-04-12,BAL,MIL,1.0,11.0,8.5,108.0,-126.0
2024-04-12,BOS,ANA,0.0,7.0,9.0,-116.0,-102.0
2024-04-12,CHW,CIN,1.0,11.0,9.5,148.0,-176.0
2024-04-12,DET,MIN,8.0,2.0,7.0,-120.0,102.0
2024-04-12,FLA,ATL,1.0,8.0,8.5,168.0,-200.0
2024-04-12,HOU,TEX,8.0,12.0,9.0,-126.0,108.0
2024-04-12,LAD,SDP,7.0,8.0,8.5,-205.0,172.0
2024-04-12,NYM,KCR,6.0,1.0,8.5,-142.0,120.0
2024-04-12,OAK,WSN,2.0,1.0,8.0,-134.0,114.0
2024-04-12,PHI,PIT,2.0,5.0,9.0,-162.0,136.0
2024-04-12,SEA,CHC,4.0,2.0,7.5,-134.0,114.0
2024-04-12,TBD,SFG,2.0,1.0,8.5,-108.0,-108.0
2024-04-12,TOR,COL,4.0,12.0,8.0,-230.0,190.0
2024-04-13,ARI,STL,4.0,2.0,10.5,-116.0,-104.0
2024-04-13,BAL,MIL,5.0,11.0,8.5,-146.0,124.0
2024-04-13,BOS,ANA,7.0,2.0,10.5,-102.0,-116.0
2024-04-13,CHW,CIN,0.0,5.0,7.5,110.0,-130.0
2024-04-13,CLE,NYY,2.0,3.0,8.5,114.0,-134.0
2024-04-13,CLE,NYY,2.0,8.0,8.5,-110.0,-106.0
2024-04-13,DET,MIN,1.0,4.0,8.5,-136.0,116.0
2024-04-13,DET,MIN,5.0,11.0,8.0,102.0,-120.0
2024-04-13,FLA,ATL,5.0,1.0,8.5,188.0,-225.0
2024-04-13,HOU,TEX,9.0,2.0,9.0,-138.0,118.0
2024-04-13,LAD,SDP,5.0,2.0,8.5,-210.0,176.0
2024-04-13,NYM,KCR,7.0,11.0,8.5,-166.0,140.0
2024-04-13,OAK,WSN,1.0,3.0,7.5,114.0,-134.0
2024-04-13,PHI,PIT,4.0,3.0,8.5,-162.0,136.0
2024-04-13,SEA,CHC,1.0,4.0,7.5,116.0,-136.0
2024-04-13,TBD,SFG,2.0,11.0,7.5,-116.0,-102.0
2024-04-13,TOR,COL,5.0,3.0,9.0,-188.0,158.0
2024-04-14,ARI,STL,5.0,0.0,8.5,-142.0,120.0
2024-04-14,BAL,MIL,6.0,4.0,8.5,-220.0,184.0
2024-04-14,BOS,ANA,5.0,4.0,10.0,-132.0,112.0
2024-04-14,CHW,CIN,4.0,11.0,9.0,130.0,-154.0
2024-04-14,CLE,NYY,8.0,7.0,8.5,108.0,-126.0
2024-04-14,DET,MIN,4.0,3.0,8.5,-130.0,110.0
2024-04-14,FLA,ATL,7.0,9.0,8.5,120.0,-142.0
2024-04-14,HOU,TEX,8.0,5.0,8.5,-116.0,-102.0
2024-04-14,LAD,SDP,3.0,6.0,8.5,-158.0,134.0
2024-04-14,NYM,KCR,2.0,1.0,8.5,-112.0,-104.0
2024-04-14,OAK,WSN,7.0,6.0,7.5,-146.0,124.0
2024-04-14,PHI,PIT,2.0,9.0,8.5,-200.0,168.0
2024-04-14,SEA,CHC,2.0,3.0,7.0,-142.0,120.0
2024-04-14,TBD,SFG,9.0,4.0,8.0,-106.0,-110.0
2024-04-14,TOR,COL,5.0,0.0,8.5,-255.0,210.0
2024-04-15,ARI,CHC,2.0,3.0,8.5,-156.0,132.0
2024-04-15,BAL,MIN,7.0,4.0,9.0,-132.0,112.0
2024-04-15,BOS,CLE,0.0,6.0,9.5,-156.0,132.0
2024-04-15,CHW,KCR,0.0,2.0,8.0,144.0,-172.0
2024-04-15,DET,TEX,0.0,1.0,8.5,-122.0,104.0
2024-04-15,FLA,SFG,3.0,4.0,8.5,-100.0,-118.0
2024-04-15,HOU,ATL,1.0,6.0,10.0,-102.0,-116.0
2024-04-15,LAD,WSN,4.0,6.0,8.5,-390.0,310.0
2024-04-15,MIL,SDP,3.0,7.0,8.5,-112.0,-112.0
2024-04-15,NYM,PIT,6.0,3.0,8.5,-124.0,106.0
2024-04-15,OAK,STL,1.0,3.0,7.5,146.0,-174.0
2024-04-15,PHI,COL,2.0,1.0,8.5,-270.0,220.0
2024-04-15,SEA,CIN,9.0,3.0,7.0,-154.0,130.0
2024-04-15,TBD,ANA,3.0,7.0,8.5,-166.0,140.0
2024-04-15,TOR,NYY,3.0,1.0,8.5,-112.0,-104.0
2024-04-16,ARI,CHC,12.0,11.0,10.0,-120.0,102.0
2024-04-16,BAL,MIN,11.0,3.0,8.0,-168.0,142.0
2024-04-16,BOS,CLE,7.0,10.0,8.5,-116.0,-102.0
2024-04-16,DET,TEX,4.0,2.0,8.0,104.0,-122.0
2024-04-16,FLA,SFG,6.0,3.0,8.5,114.0,-134.0
2024-04-16,HOU,ATL,2.0,6.0,9.5,-104.0,-112.0
2024-04-16,LAD,WSN,6.0,2.0,9.5,-275.0,225.0
2024-04-16,MIL,SDP,3.0,6.0,8.5,-100.0,-118.0
2024-04-16,NYM,PIT,3.0,1.0,7.5,-110.0,-106.0
2024-04-16,OAK,STL,2.0,3.0,8.0,122.0,-144.0
2024-04-16,PHI,COL,5.0,0.0,8.5,-260.0,215.0
2024-04-16,SEA,CIN,3.0,1.0,7.0,-142.0,120.0
2024-04-16,TBD,ANA,7.0,6.0,8.5,-148.0,126.0
2024-04-16,TOR,NYY,5.0,4.0,8.5,-116.0,-102.0
2024-04-17,ARI,CHC,3.0,5.0,9.0,-130.0,110.0
2024-04-17,BAL,MIN,4.0,2.0,8.5,-120.0,102.0
2024-04-17,BOS,CLE,2.0,0.0,8.5,-134.0,114.0
2024-04-17,CHW,KCR,2.0,1.0,8.5,142.0,-168.0
2024-04-17,CHW,KCR,2.0,4.0,9.0,160.0,-190.0
2024-04-17,DET,TEX,4.0,5.0,7.5,-144.0,122.0
2024-04-17,FLA,SFG,1.0,3.0,8.0,-102.0,-116.0
2024-04-17,HOU,ATL,4.0,5.0,9.0,114.0,-134.0
2024-04-17,LAD,WSN,0.0,2.0,10.0,-240.0,184.0
2024-04-17,MIL,SDP,1.0,0.0,8.0,-112.0,-104.0
2024-04-17,NYM,PIT,9.0,1.0,7.5,-164.0,128.0
2024-04-17,OAK,STL,6.0,3.0,8.0,110.0,-130.0
2024-04-17,PHI,COL,7.0,6.0,8.0,-230.0,190.0
2024-04-17,SEA,CIN,5.0,1.0,7.5,-134.0,114.0
2024-04-17,TBD,ANA,4.0,5.0,8.5,-122.0,104.0
2024-04-17,TOR,NYY,4.0,6.0,8.5,-118.0,-100.0
2024-04-18,BOS,CLE,4.0,5.0,8.5,-106.0,-110.0
2024-04-18,DET,TEX,7.0,9.0,9.0,-102.0,-116.0
2024-04-18,SFG,ARI,5.0,0.0,7.5,-156.0,132.0
2024-04-18,TBD,ANA,2.0,1.0,8.5,-142.0,120.0
2024-04-19,ATL,TEX,8.0,3.0,9.5,-210.0,176.0
2024-04-19,CHC,FLA,8.0,3.0,9.5,-172.0,144.0
2024-04-19,CIN,ANA,7.0,1.0,9.5,-132.0,112.0
2024-04-19,CLE,OAK,10.0,2.0,7.5,-164.0,138.0
2024-04-19,KCR,BAL,9.0,4.0,9.0,112.0,-132.0
2024-04-19,LAD,NYM,4.0,9.0,8.5,-200.0,168.0
2024-04-19,MIN,DET,4.0,5.0,7.0,-154.0,130.0
2024-04-19,NYY,TBD,5.0,3.0,8.5,-180.0,152.0
2024-04-19,PHI,CHW,7.0,0.0,7.5,-184.0,154.0
2024-04-19,PIT,BOS,1.0,8.0,8.5,-112.0,-104.0
2024-04-19,SDP,TOR,1.0,5.0,8.5,-110.0,-106.0
2024-04-19,SFG,ARI,1.0,17.0,7.5,-122.0,104.0
2024-04-19,STL,MIL,1.0,2.0,7.0,-100.0,-118.0
2024-04-19,WSN,HOU,3.0,5.0,8.0,130.0,-154.0
2024-04-20,ATL,TEX,5.0,2.0,9.0,-142.0,120.0
2024-04-20,CHC,FLA,2.0,3.0,8.0,-134.0,116.0
2024-04-20,CHC,FLA,5.0,3.0,8.5,-220.0,184.0
2024-04-20,CIN,ANA,7.0,5.0,9.0,-118.0,-100.0
2024-04-20,CLE,OAK,6.0,3.0,7.5,-190.0,160.0
2024-04-20,COL,SEA,0.0,7.0,9.5,154.0,-184.0
2024-04-20,KCR,BAL,7.0,9.0,7.5,102.0,-120.0
2024-04-20,LAD,NYM,4.0,6.0,9.5,-174.0,146.0
2024-04-20,MIN,DET,4.0,3.0,7.5,-142.0,120.0
2024-04-20,NYY,TBD,0.0,2.0,9.0,-122.0,104.0
2024-04-20,PHI,CHW,9.0,5.0,7.5,-375.0,300.0
2024-04-20,PIT,BOS,2.0,4.0,8.0,-118.0,-100.0
2024-04-20,SDP,TOR,2.0,5.0,7.5,104.0,-122.0
2024-04-20,SFG,ARI,7.0,3.0,8.0,-100.0,-118.0
2024-04-20,STL,MIL,5.0,12.0,8.0,-138.0,118.0
2024-04-20,WSN,HOU,5.0,4.0,9.5,150.0,-178.0
2024-04-21,ATL,TEX,4.0,6.0,9.5,-154.0,130.0
2024-04-21,CHC,FLA,3.0,6.0,8.5,-124.0,106.0
2024-04-21,CIN,ANA,3.0,0.0,9.0,-122.0,104.0
2024-04-21,CLE,OAK,6.0,2.0,7.5,-166.0,140.0
2024-04-21,COL,SEA,2.0,1.0,10.5,154.0,-184.0
2024-04-21,COL,SEA,2.0,10.0,11.0,-100.0,-118.0
2024-04-21,KCR,BAL,0.0,5.0,8.5,-108.0,-108.0
2024-04-21,LAD,NYM,10.0,0.0,9.0,-255.0,210.0
2024-04-21,MIN,DET,1.0,6.0,8.0,-122.0,104.0
2024-04-21,NYY,TBD,5.0,4.0,8.0,-130.0,110.0
2024-04-21,PHI,CHW,8.0,2.0,7.5,-290.0,235.0
2024-04-21,PIT,BOS,1.0,6.0,7.5,-158.0,134.0
2024-04-21,SDP,TOR,6.0,3.0,8.0,-110.0,-106.0
2024-04-21,SFG,ARI,3.0,5.0,8.0,-134.0,116.0
2024-04-21,STL,MIL,0.0,2.0,7.5,-168.0,132.0
2024-04-21,WSN,HOU,6.0,0.0,9.0,144.0,-172.0
2024-04-22,ANA,BAL,2.0,4.0,8.5,-108.0,-108.0
2024-04-22,ATL,FLA,3.0,0.0,9.5,-215.0,180.0
2024-04-22,CIN,PHI,0.0,7.0,8.0,-104.0,-112.0
2024-04-22,COL,SDP,1.0,3.0,10.5,148.0,-176.0
2024-04-22,KCR,TOR,3.0,5.0,9.0,102.0,-120.0
2024-04-22,MIN,CHW,7.0,0.0,8.5,-210.0,176.0
2024-04-22,NYY,OAK,0.0,2.0,8.5,-255.0,210.0
2024-04-22,PIT,MIL,4.0,2.0,7.5,-154.0,130.0
2024-04-22,SFG,NYM,5.0,2.0,8.0,-112.0,-104.0
2024-04-22,STL,ARI,5.0,3.0,8.5,-112.0,-104.0
2024-04-22,TBD,DET,1.0,7.0,7.5,-110.0,-106.0
2024-04-23,ANA,BAL,7.0,4.0,8.5,132.0,-156.0
2024-04-23,ATL,FLA,5.0,0.0,8.5,-260.0,215.0
2024-04-23,CHC,HOU,7.0,2.0,10.5,-102.0,-116.0
2024-04-23,CIN,PHI,8.0,1.0,9.0,110.0,-130.0
2024-04-23,CLE,BOS,4.0,1.0,8.0,-124.0,106.0
2024-04-23,COL,SDP,7.0,4.0,9.5,126.0,-148.0
2024-04-23,KCR,TOR,3.0,2.0,8.5,104.0,-122.0
2024-04-23,MIN,CHW,6.0,5.0,7.0,-290.0,235.0
2024-04-23,NYY,OAK,4.0,3.0,8.0,-215.0,180.0
2024-04-23,PIT,MIL,2.0,1.0,8.5,-104.0,-112.0
2024-04-23,SFG,NYM,5.0,1.0,7.0,-134.0,116.0
2024-04-23,STL,ARI,1.0,14.0,8.5,-142.0,120.0
2024-04-23,TBD,DET,2.0,4.0,8.0,-168.0,142.0
2024-04-23,TEX,SEA,0.0,4.0,9.0,-102.0,-116.0
2024-04-23,WSN,LAD,1.0,4.0,10.0,188.0,-225.0
2024-04-24,ANA,BAL,5.0,6.0,9.5,110.0,-130.0
2024-04-24,ATL,FLA,4.0,3.0,9.0,-270.0,220.0
2024-04-24,CHC,HOU,4.0,3.0,7.5,-106.0,-110.0
2024-04-24,CIN,PHI,7.0,4.0,8.5,-148.0,126.0
2024-04-24,CLE,BOS,0.0,8.0,7.5,-136.0,116.0
2024-04-24,COL,SDP,2.0,5.0,10.5,132.0,-156.0
2024-04-24,KCR,TOR,3.0,2.0,8.5,112.0,-132.0
2024-04-24,MIN,CHW,6.0,3.0,6.5,-205.0,172.0
2024-04-24,NYY,OAK,7.0,3.0,8.5,-240.0,198.0
2024-04-24,PIT,MIL,2.0,3.0,8.5,104.0,-122.0
2024-04-24,SFG,NYM,2.0,8.0,7.5,-106.0,-110.0
2024-04-24,STL,ARI,5.0,1.0,8.0,-116.0,-102.0
2024-04-24,TBD,DET,7.0,5.0,8.0,-104.0,-112.0
2024-04-24,TEX,SEA,5.0,1.0,9.0,-142.0,120.0
2024-04-24,WSN,LAD,2.0,11.0,9.5,152.0,-180.0
2024-04-25,CHC,HOU,3.0,1.0,7.5,122.0,-144.0
2024-04-25,CIN,PHI,0.0,5.0,8.0,148.0,-176.0
2024-04-25,CLE,BOS,6.0,4.0,7.5,-130.0,110.0
2024-04-25,COL,SDP,10.0,9.0,11.0,120.0,-142.0
2024-04-25,KCR,TOR,2.0,1.0,7.5,-106.0,-110.0
2024-04-25,MIN,CHW,6.0,3.0,8.0,-210.0,176.0
2024-04-25,NYY,OAK,1.0,3.0,7.5,-290.0,235.0
2024-04-25,PIT,MIL,5.0,7.0,6.5,118.0,-138.0
2024-04-25,TEX,SEA,3.0,4.0,9.0,-100.0,-118.0
2024-04-25,WSN,LAD,1.0,2.0,7.5,152.0,-180.0
2024-04-26,ANA,MIN,3.0,5.0,8.0,-116.0,-102.0
2024-04-26,ATL,CLE,6.0,2.0,8.5,-275.0,225.0
2024-04-26,BAL,OAK,2.0,3.0,7.5,-290.0,235.0
2024-04-26,BOS,CHC,1.0,7.0,7.5,-106.0,-110.0
2024-04-26,CHW,TBD,9.0,4.0,7.5,190.0,-230.0
2024-04-26,DET,KCR,0.0,8.0,7.5,-126.0,108.0
2024-04-26,FLA,WSN,1.0,3.0,8.5,-130.0,110.0
2024-04-26,MIL,NYY,7.0,6.0,8.5,114.0,-134.0
2024-04-26,NYM,STL,2.0,4.0,7.5,-130.0,110.0
2024-04-26,SDP,PHI,3.0,9.0,7.5,-104.0,-112.0
2024-04-26,SEA,ARI,6.0,1.0,7.5,108.0,-126.0
2024-04-26,SFG,PIT,3.0,0.0,8.0,-144.0,122.0
2024-04-26,TEX,CIN,2.0,1.0,8.5,-174.0,146.0
2024-04-26,TOR,LAD,2.0,12.0,9.0,108.0,-126.0
2024-04-27,ANA,MIN,5.0,16.0,9.0,-112.0,-104.0
2024-04-27,ATL,CLE,2.0,4.0,8.5,-168.0,142.0
2024-04-27,BAL,OAK,7.0,0.0,8.0,-196.0,164.0
2024-04-27,BOS,CHC,17.0,0.0,9.0,-100.0,-118.0
2024-04-27,CHW,TBD,8.0,7.0,8.5,168.0,-200.0
2024-04-27,COL,HOU,4.0,12.0,16.5,180.0,-215.0
2024-04-27,DET,KCR,6.0,5.0,8.0,-112.0,-104.0
2024-04-27,FLA,WSN,4.0,11.0,7.5,-146.0,124.0
2024-04-27,MIL,NYY,3.0,15.0,8.5,-102.0,-116.0
2024-04-27,NYM,STL,4.0,7.0,7.5,116.0,-136.0
2024-04-27,SDP,PHI,1.0,5.0,7.5,-116.0,-102.0
2024-04-27,SEA,ARI,3.0,1.0,7.0,-156.0,132.0
2024-04-27,SFG,PIT,3.0,4.0,7.5,-152.0,128.0
2024-04-27,TEX,CIN,4.0,8.0,8.5,-124.0,106.0
2024-04-27,TOR,LAD,2.0,4.0,7.5,128.0,-152.0
2024-04-28,ANA,MIN,5.0,11.0,7.5,-108.0,-108.0
2024-04-28,ATL,CLE,4.0,3.0,9.0,-156.0,132.0
2024-04-28,BAL,OAK,6.0,7.0,8.5,-210.0,176.0
2024-04-28,BOS,CHC,5.0,4.0,9.5,-146.0,124.0
2024-04-28,CHW,TBD,4.0,2.0,8.0,118.0,-138.0
2024-04-28,COL,HOU,2.0,8.0,16.0,210.0,-255.0
2024-04-28,DET,KCR,4.0,1.0,7.5,-174.0,146.0
2024-04-28,FLA,WSN,9.0,12.0,8.5,-136.0,116.0
2024-04-28,MIL,NYY,5.0,15.0,8.5,116.0,-136.0
2024-04-28,NYM,STL,4.0,2.0,8.0,-138.0,118.0
2024-04-28,SDP,PHI,6.0,8.0,8.0,-146.0,124.0
2024-04-28,SEA,ARI,2.0,3.0,6.5,-136.0,116.0
2024-04-28,SFG,PIT,3.0,2.0,7.0,-110.0,-106.0
2024-04-28,TEX,CIN,4.0,3.0,8.5,-132.0,112.0
2024-04-28,TOR,LAD,3.0,1.0,8.5,-112.0,-104.0
2024-04-29,ANA,PHI,6.0,5.0,9.0,122.0,-144.0
2024-04-29,ARI,LAD,4.0,8.0,10.0,120.0,-142.0
2024-04-29,BAL,NYY,2.0,0.0,9.0,-130.0,110.0
2024-04-29,CHW,MIN,2.0,3.0,7.5,136.0,-162.0
2024-04-29,FLA,WSN,2.0,7.0,8.5,-142.0,120.0
2024-04-29,MIL,TBD,0.0,1.0,8.0,-112.0,-104.0
2024-04-29,NYM,CHC,1.0,3.0,7.5,-142.0,120.0
2024-04-29,OAK,PIT,5.0,1.0,7.5,110.0,-130.0
2024-04-29,SDP,CIN,2.0,5.0,7.5,-112.0,-104.0
2024-04-29,SEA,ATL,2.0,1.0,7.0,134.0,-158.0
2024-04-29,TOR,KCR,6.0,5.0,8.5,-164.0,138.0
2024-04-30,ANA,PHI,5.0,7.0,8.0,152.0,-180.0
2024-04-30,ARI,LAD,4.0,3.0,10.5,122.0,-144.0
2024-04-30,BAL,NYY,4.0,2.0,9.0,108.0,-126.0
2024-04-30,BOS,SFG,4.0,0.0,8.0,114.0,-134.0
2024-04-30,CHW,MIN,5.0,6.0,8.5,150.0,-178.0
2024-04-30,DET,STL,1.0,2.0,8.5,-124.0,106.0
2024-04-30,DET,STL,11.0,6.0,9.0,-116.0,-102.0
2024-04-30,HOU,CLE,10.0,9.0,9.0,-172.0,144.0
2024-04-30,FLA,COL,7.0,6.0,8.0,-138.0,118.0
2024-04-30,MIL,TBD,8.0,2.0,7.5,-178.0,150.0
2024-04-30,NYM,CHC,4.0,2.0,7.5,-122.0,104.0
2024-04-30,OAK,PIT,5.0,2.0,7.5,116.0,-136.0
2024-04-30,SDP,CIN,6.0,4.0,7.5,-174.0,146.0
2024-04-30,SEA,ATL,3.0,2.0,6.5,106.0,-124.0
2024-04-30,TEX,WSN,7.0,1.0,8.0,-158.0,134.0
2024-04-30,TOR,KCR,1.0,4.0,7.5,-130.0,110.0
2024-05-01,ANA,PHI,1.0,2.0,8.0,176.0,-210.0
2024-05-01,ARI,LAD,0.0,8.0,8.5,118.0,-138.0
2024-05-01,BAL,NYY,0.0,2.0,8.5,-154.0,130.0
2024-05-01,BOS,SFG,6.0,2.0,8.5,-162.0,136.0
2024-05-01,CHW,MIN,5.0,10.0,9.0,188.0,-225.0
2024-05-01,DET,STL,4.0,1.0,9.0,-102.0,-116.0
2024-05-01,HOU,CLE,2.0,3.0,8.5,-184.0,154.0
2024-05-01,FLA,COL,4.0,1.0,9.0,-144.0,122.0
2024-05-01,MIL,TBD,7.0,1.0,8.5,-108.0,-108.0
2024-05-01,NYM,CHC,0.0,1.0,7.0,104.0,-122.0
2024-05-01,OAK,PIT,4.0,0.0,7.5,-106.0,-110.0
2024-05-01,SDP,CIN,6.0,2.0,7.5,-146.0,124.0
2024-05-01,SEA,ATL,2.0,5.0,7.0,158.0,-188.0
2024-05-01,TEX,WSN,0.0,1.0,9.0,-196.0,164.0
2024-05-01,TOR,KCR,1.0,6.0,8.0,-142.0,120.0
2024-05-02,BAL,NYY,7.0,2.0,9.0,-112.0,-104.0
2024-05-02,BOS,SFG,1.0,3.0,9.5,-118.0,-100.0
2024-05-02,HOU,CLE,8.0,2.0,9.0,-136.0,116.0
2024-05-02,FLA,COL,5.0,4.0,7.5,-180.0,152.0
2024-05-02,NYM,CHC,7.0,6.0,8.0,-116.0,-102.0
2024-05-02,TEX,WSN,6.0,0.0,8.0,-200.0,168.0
2024-05-03,ARI,SDP,1.0,7.0,9.0,-102.0,-116.0
2024-05-03,CHC,MIL,1.0,3.0,7.5,-118.0,-100.0
2024-05-03,CIN,BAL,0.0,3.0,9.0,-116.0,-102.0
2024-05-03,CLE,ANA,0.0,6.0,7.5,-205.0,172.0
2024-05-03,HOU,SEA,5.0,3.0,8.5,-118.0,-100.0
2024-05-03,KCR,TEX,7.0,1.0,8.5,-118.0,-100.0
2024-05-03,LAD,ATL,4.0,3.0,9.0,-116.0,-102.0
2024-05-03,MIN,BOS,5.0,2.0,7.5,-124.0,106.0
2024-05-03,NYY,DET,2.0,1.0,7.5,-178.0,150.0
2024-05-03,OAK,FLA,3.0,1.0,7.5,-162.0,136.0
2024-05-03,PHI,SFG,4.0,3.0,7.5,-174.0,146.0
2024-05-03,PIT,COL,2.0,3.0,8.0,-180.0,152.0
2024-05-03,STL,CHW,3.0,0.0,7.5,-295.0,240.0
2024-05-03,TBD,NYM,10.0,8.0,8.0,-146.0,124.0
2024-05-03,WSN,TOR,9.0,3.0,8.5,168.0,-200.0
2024-05-04,ARI,SDP,1.0,13.0,8.5,-120.0,102.0
2024-05-04,CHC,MIL,6.0,5.0,8.5,-132.0,112.0
2024-05-04,CIN,BAL,1.0,2.0,9.0,-124.0,106.0
2024-05-04,CLE,ANA,7.0,1.0,8.0,-130.0,110.0
2024-05-04,HOU,SEA,0.0,5.0,7.5,-148.0,126.0
2024-05-04,KCR,TEX,4.0,15.0,8.5,-108.0,-108.0
2024-05-04,LAD,ATL,11.0,2.0,8.5,-188.0,158.0
2024-05-04,MIN,BOS,3.0,1.0,7.5,-178.0,150.0
2024-05-04,NYY,DET,5.0,3.0,7.5,-168.0,142.0
2024-05-04,OAK,FLA,20.0,4.0,7.0,-132.0,112.0
2024-05-04,PHI,SFG,14.0,3.0,7.0,-168.0,142.0
2024-05-04,PIT,COL,1.0,0.0,7.0,-225.0,188.0
2024-05-04,STL,CHW,5.0,6.0,8.5,-184.0,154.0
2024-05-04,TBD,NYM,3.0,1.0,7.5,-108.0,-108.0
2024-05-04,WSN,TOR,3.0,6.0,7.5,146.0,-174.0
2024-05-05,ARI,SDP,11.0,4.0,9.0,-104.0,-112.0
2024-05-05,CHC,MIL,5.0,0.0,6.5,116.0,-136.0
2024-05-05,CIN,BAL,1.0,11.0,9.0,-130.0,110.0
2024-05-05,CLE,ANA,4.0,1.0,8.0,-154.0,130.0
2024-05-05,HOU,SEA,4.0,5.0,8.5,-132.0,112.0
2024-05-05,KCR,TEX,2.0,3.0,8.5,118.0,-138.0
2024-05-05,LAD,ATL,5.0,1.0,8.5,130.0,-154.0
2024-05-05,MIN,BOS,2.0,9.0,7.5,-184.0,154.0
2024-05-05,NYY,DET,5.0,2.0,6.5,-132.0,112.0
2024-05-05,OAK,FLA,3.0,12.0,7.5,-134.0,116.0
2024-05-05,PHI,SFG,5.0,4.0,8.0,-106.0,-110.0
2024-05-05,PIT,COL,5.0,3.0,7.0,-162.0,136.0
2024-05-05,STL,CHW,1.0,5.0,7.5,-162.0,136.0
2024-05-05,TBD,NYM,7.0,6.0,7.0,-108.0,-108.0
2024-05-05,WSN,TOR,11.0,8.0,8.5,-112.0,-104.0
2024-05-06,CHC,SDP,3.0,6.0,7.5,-116.0,-102.0
2024-05-06,CLE,DET,2.0,1.0,7.5,-120.0,102.0
2024-05-06,KCR,MIL,3.0,2.0,8.5,-138.0,118.0
2024-05-06,LAD,FLA,6.0,3.0,8.5,-335.0,270.0
2024-05-06,MIN,SEA,3.0,1.0,8.0,106.0,-124.0
2024-05-06,OAK,TEX,2.0,4.0,7.5,118.0,-138.0
2024-05-06,PHI,SFG,6.0,1.0,7.5,-230.0,190.0
2024-05-06,PIT,ANA,4.0,1.0,8.0,-164.0,138.0
2024-05-06,STL,NYM,3.0,4.0,8.0,-132.0,112.0
2024-05-06,TBD,CHW,8.0,2.0,8.0,-168.0,142.0
2024-05-07,ATL,BOS,4.0,2.0,8.5,-184.0,154.0
2024-05-07,CHC,SDP,3.0,2.0,9.0,-166.0,140.0
2024-05-07,CIN,ARI,2.0,6.0,8.5,110.0,-130.0
2024-05-07,CLE,DET,7.0,11.0,8.5,-138.0,118.0
2024-05-07,COL,SFG,0.0,5.0,10.5,138.0,-164.0
2024-05-07,KCR,MIL,5.0,6.0,9.0,-130.0,110.0
2024-05-07,LAD,FLA,8.0,2.0,7.5,-320.0,260.0
2024-05-07,MIN,SEA,6.0,10.0,8.0,-162.0,136.0
2024-05-07,NYY,HOU,10.0,3.0,8.5,-120.0,102.0
2024-05-07,OAK,TEX,8.0,15.0,8.0,106.0,-124.0
2024-05-07,PHI,TOR,10.0,1.0,8.0,-116.0,-102.0
2024-05-07,PIT,ANA,0.0,9.0,7.5,-132.0,112.0
2024-05-07,STL,NYM,5.0,7.0,8.5,-126.0,108.0
2024-05-07,TBD,CHW,5.0,1.0,8.0,-270.0,220.0
2024-05-07,WSN,BAL,3.0,0.0,8.5,194.0,-235.0
2024-05-08,ATL,BOS,5.0,0.0,8.5,-215.0,180.0
2024-05-08,CHC,SDP,0.0,3.0,7.5,114.0,-134.0
2024-05-08,CIN,ARI,3.0,4.0,9.0,-110.0,-106.0
2024-05-08,CLE,DET,5.0,4.0,7.5,-124.0,106.0
2024-05-08,COL,SFG,6.0,8.0,9.5,142.0,-168.0
2024-05-08,KCR,MIL,6.0,4.0,8.5,-120.0,102.0
2024-05-08,LAD,FLA,3.0,1.0,9.0,-270.0,220.0
2024-05-08,MIN,SEA,6.0,3.0,7.5,-108.0,-108.0
2024-05-08,NYY,HOU,9.0,4.0,9.5,-162.0,136.0
2024-05-08,OAK,TEX,9.0,4.0,8.0,102.0,-120.0
2024-05-08,OAK,TEX,11.0,12.0,8.5,128.0,-152.0
2024-05-08,PHI,TOR,3.0,5.0,8.5,-168.0,142.0
2024-05-08,PIT,ANA,4.0,5.0,9.0,-138.0,118.0
2024-05-08,TBD,CHW,1.0,4.0,8.5,-260.0,215.0
2024-05-08,WSN,BAL,6.0,7.0,8.5,142.0,-168.0
2024-05-09,ANA,KCR,4.0,10.0,8.5,-104.0,-112.0
2024-05-09,CHW,CLE,3.0,2.0,7.5,132.0,-156.0
2024-05-09,CIN,ARI,4.0,5.0,9.0,-142.0,120.0
2024-05-09,COL,SFG,9.0,1.0,9.5,114.0,-134.0
2024-05-09,MIL,STL,7.0,1.0,7.5,118.0,-138.0
2024-05-09,MIN,SEA,11.0,1.0,7.0,-118.0,-100.0
2024-05-09,NYY,HOU,3.0,4.0,8.5,-144.0,122.0
2024-05-10,ANA,KCR,1.0,2.0,8.5,104.0,-122.0
2024-05-10,BAL,ARI,4.0,2.0,7.5,-132.0,112.0
2024-05-10,BOS,WSN,1.0,5.0,8.5,-220.0,184.0
2024-05-10,CHW,CLE,6.0,3.0,7.5,-118.0,-100.0
2024-05-10,COL,TEX,4.0,2.0,9.5,160.0,-190.0
2024-05-10,DET,HOU,2.0,5.0,8.0,126.0,-148.0
2024-05-10,FLA,PHI,2.0,8.0,7.5,162.0,-194.0
2024-05-10,MIL,STL,11.0,2.0,8.5,-126.0,108.0
2024-05-10,NYM,ATL,2.0,4.0,7.5,126.0,-148.0
2024-05-10,PIT,CHC,2.0,7.0,7.0,-130.0,110.0
2024-05-10,SDP,LAD,2.0,1.0,7.5,150.0,-178.0
2024-05-10,SEA,OAK,8.0,1.0,7.5,-154.0,130.0
2024-05-10,SFG,CIN,2.0,4.0,7.0,-146.0,124.0
2024-05-10,TBD,NYY,0.0,2.0,8.5,108.0,-136.0
2024-05-10,TOR,MIN,2.0,3.0,7.5,-116.0,-102.0
2024-05-11,ANA,KCR,9.0,3.0,8.0,140.0,-166.0
2024-05-11,BAL,ARI,5.0,4.0,8.5,-152.0,128.0
2024-05-11,BOS,WSN,4.0,2.0,8.5,-158.0,134.0
2024-05-11,CHW,CLE,3.0,1.0,8.0,142.0,-168.0
2024-05-11,COL,TEX,8.0,3.0,10.0,132.0,-156.0
2024-05-11,DET,HOU,8.0,2.0,7.5,-158.0,134.0
2024-05-11,FLA,PHI,3.0,8.0,8.0,108.0,-126.0
2024-05-11,MIL,STL,5.0,3.0,7.5,-190.0,148.0
2024-05-11,NYM,ATL,1.0,4.0,7.0,136.0,-162.0
2024-05-11,PIT,CHC,10.0,9.0,7.0,-100.0,-118.0
2024-05-11,SDP,LAD,0.0,5.0,9.5,120.0,-142.0
2024-05-11,SEA,OAK,1.0,8.0,8.0,-225.0,188.0
2024-05-11,SFG,CIN,5.0,1.0,7.5,122.0,-144.0
2024-05-11,TBD,NYY,7.0,2.0,8.0,-110.0,-106.0
2024-05-11,TOR,MIN,10.0,8.0,7.5,-148.0,126.0
2024-05-12,ANA,KCR,2.0,4.0,8.0,-110.0,-106.0
2024-05-12,BAL,ARI,2.0,9.0,7.5,-130.0,110.0
2024-05-12,BOS,WSN,3.0,2.0,7.5,-138.0,118.0
2024-05-12,CHW,CLE,0.0,7.0,9.0,146.0,-174.0
2024-05-12,COL,TEX,3.0,1.0,10.5,120.0,-142.0
2024-05-12,DET,HOU,3.0,9.0,7.5,-116.0,-102.0
2024-05-12,FLA,PHI,7.0,6.0,7.0,168.0,-200.0
2024-05-12,MIL,STL,3.0,4.0,9.0,-154.0,130.0
2024-05-12,NYM,ATL,4.0,3.0,7.5,-110.0,-106.0
2024-05-12,PIT,CHC,4.0,5.0,9.0,-102.0,-116.0
2024-05-12,SDP,LAD,4.0,0.0,7.5,-112.0,-104.0
2024-05-12,SEA,OAK,8.0,4.0,7.5,-220.0,184.0
2024-05-12,SFG,CIN,6.0,5.0,7.5,-122.0,104.0
2024-05-12,TBD,NYY,6.0,10.0,8.5,122.0,-144.0
2024-05-12,TOR,MIN,1.0,5.0,8.0,102.0,-120.0
2024-05-13,ANA,STL,5.0,10.0,8.5,-104.0,-112.0
2024-05-13,ARI,CIN,6.0,5.0,8.5,-158.0,134.0
2024-05-13,ATL,CHC,2.0,0.0,8.0,-138.0,118.0
2024-05-13,BAL,TOR,2.0,3.0,7.5,-178.0,150.0
2024-05-13,BOS,TBD,3.0,5.0,8.5,-116.0,-102.0
2024-05-13,DET,FLA,6.0,5.0,8.5,-168.0,142.0
2024-05-13,HOU,OAK,9.0,2.0,8.5,-180.0,152.0
2024-05-13,MIL,PIT,6.0,8.0,8.5,-142.0,120.0
2024-05-13,NYM,PHI,4.0,5.0,7.0,-116.0,-102.0
2024-05-13,SDP,COL,4.0,5.0,8.0,-220.0,184.0
2024-05-13,SEA,KCR,6.0,2.0,7.0,-154.0,130.0
2024-05-13,SFG,LAD,4.0,6.0,7.5,184.0,-220.0
2024-05-13,TEX,CLE,0.0,7.0,9.0,-108.0,-108.0
2024-05-14,ANA,STL,6.0,7.0,7.5,126.0,-148.0
2024-05-14,ARI,CIN,2.0,6.0,8.5,-116.0,-102.0
2024-05-14,ATL,CHC,7.0,0.0,7.5,-198.0,166.0
2024-05-14,BOS,TBD,5.0,4.0,9.5,-120.0,102.0
2024-05-14,CHW,WSN,3.0,6.0,7.5,-108.0,-108.0
2024-05-14,CHW,WSN,4.0,0.0,8.0,-100.0,-118.0
2024-05-14,DET,FLA,0.0,1.0,8.0,-184.0,154.0
2024-05-14,HOU,OAK,2.0,1.0,8.5,-188.0,158.0
2024-05-14,MIL,PIT,4.0,3.0,8.5,-158.0,134.0
2024-05-14,MIN,NYY,1.0,5.0,8.5,-106.0,-110.0
2024-05-14,NYM,PHI,0.0,4.0,7.5,104.0,-122.0
2024-05-14,SDP,COL,3.0,6.0,7.0,-295.0,240.0
2024-05-14,SEA,KCR,2.0,4.0,7.5,-164.0,138.0
2024-05-14,SFG,LAD,2.0,10.0,8.5,154.0,-184.0
2024-05-14,TEX,CLE,4.0,7.0,9.5,-120.0,102.0
2024-05-15,ANA,STL,7.0,2.0,8.5,106.0,-124.0
2024-05-15,ARI,CIN,2.0,1.0,8.5,-156.0,132.0
2024-05-15,ATL,CHC,1.0,7.0,8.5,-184.0,154.0
2024-05-15,BAL,TOR,3.0,2.0,7.0,-136.0,116.0
2024-05-15,BOS,TBD,3.0,4.0,8.5,-130.0,110.0
2024-05-15,CHW,WSN,2.0,0.0,7.0,-168.0,142.0
2024-05-15,DET,FLA,0.0,2.0,8.5,-162.0,136.0
2024-05-15,HOU,OAK,3.0,0.0,8.5,-250.0,205.0
2024-05-15,MIL,PIT,10.0,2.0,8.5,-152.0,128.0
2024-05-15,MIN,NYY,0.0,4.0,8.0,-136.0,116.0
2024-05-15,PHI,NYM,10.0,5.0,7.5,-205.0,172.0
2024-05-15,SDP,COL,0.0,8.0,7.5,-250.0,205.0
2024-05-15,SEA,KCR,4.0,2.0,8.0,-142.0,120.0
2024-05-15,SFG,LAD,4.0,1.0,7.5,116.0,-136.0
2024-05-15,TEX,CLE,4.0,0.0,8.5,-190.0,160.0
2024-05-16,BOS,TBD,5.0,7.0,7.5,-108.0,-108.0
2024-05-16,CHC,PIT,4.0,5.0,8.0,-122.0,104.0
2024-05-16,HOU,OAK,8.0,1.0,9.0,-215.0,180.0
2024-05-16,LAD,CIN,2.0,7.0,7.5,-310.0,250.0
2024-05-16,MIN,NYY,0.0,5.0,8.0,-118.0,-100.0
2024-05-16,PHI,NYM,5.0,6.0,8.5,-136.0,116.0
2024-05-17,ARI,DET,0.0,13.0,7.5,116.0,-136.0
2024-05-17,ATL,SDP,1.0,3.0,8.0,-215.0,180.0
2024-05-17,BAL,SEA,9.0,2.0,8.5,-132.0,112.0
2024-05-17,CHC,PIT,3.0,9.0,7.5,-100.0,-118.0
2024-05-17,CLE,MIN,3.0,2.0,8.5,-126.0,108.0
2024-05-17,HOU,MIL,5.0,4.0,7.5,-104.0,-112.0
2024-05-17,KCR,OAK,6.0,2.0,8.5,-205.0,172.0
2024-05-17,LAD,CIN,7.0,3.0,8.5,-190.0,160.0
2024-05-17,FLA,NYM,8.0,0.0,7.5,104.0,-122.0
2024-05-17,NYY,CHW,4.0,2.0,7.5,-290.0,235.0
2024-05-17,PHI,WSN,4.0,2.0,7.5,-270.0,200.0
2024-05-17,SFG,COL,10.0,5.0,7.5,-136.0,116.0
2024-05-17,STL,BOS,10.0,6.0,8.0,-108.0,-108.0
2024-05-17,TEX,ANA,3.0,9.0,9.0,-188.0,158.0
2024-05-17,TOR,TBD,3.0,4.0,8.5,-162.0,136.0
2024-05-18,ARI,DET,3.0,8.0,7.5,-144.0,122.0
2024-05-18,BAL,SEA,3.0,4.0,7.5,-136.0,116.0
2024-05-18,CHC,PIT,1.0,0.0,8.5,-205.0,172.0
2024-05-18,CLE,MIN,11.0,4.0,7.5,102.0,-120.0
2024-05-18,HOU,MIL,2.0,4.0,8.5,-174.0,146.0
2024-05-18,KCR,OAK,5.0,3.0,9.5,-188.0,158.0
2024-05-18,LAD,CIN,4.0,0.0,8.0,-190.0,160.0
2024-05-18,FLA,NYM,10.0,9.0,7.5,104.0,-122.0
2024-05-18,NYY,CHW,6.0,1.0,8.0,-295.0,240.0
2024-05-18,PHI,WSN,4.0,3.0,7.5,-174.0,146.0
2024-05-18,SFG,COL,14.0,4.0,8.0,-178.0,150.0
2024-05-18,STL,BOS,7.0,2.0,8.5,-100.0,-118.0
2024-05-18,TEX,ANA,3.0,2.0,8.5,-134.0,114.0
2024-05-18,TOR,TBD,4.0,5.0,7.5,-142.0,120.0
2024-05-19,ARI,DET,6.0,4.0,9.0,-144.0,122.0
2024-05-19,ATL,SDP,1.0,9.0,9.0,-120.0,102.0
2024-05-19,BAL,SEA,6.0,3.0,7.0,-144.0,122.0
2024-05-19,CHC,PIT,2.0,3.0,8.0,-130.0,110.0
2024-05-19,CLE,MIN,5.0,2.0,7.5,-112.0,-104.0
2024-05-19,HOU,MIL,9.0,4.0,9.0,-138.0,118.0
2024-05-19,KCR,OAK,8.0,4.0,9.0,-174.0,146.0
2024-05-19,LAD,CIN,3.0,2.0,8.0,-166.0,140.0
2024-05-19,FLA,NYM,3.0,7.0,8.5,122.0,-144.0
2024-05-19,NYY,CHW,7.0,2.0,8.5,-310.0,250.0
2024-05-19,PHI,WSN,11.0,5.0,7.5,-235.0,194.0
2024-05-19,SFG,COL,4.0,1.0,7.5,-225.0,188.0
2024-05-19,STL,BOS,3.0,11.0,8.5,110.0,-130.0
2024-05-19,TEX,ANA,1.0,4.0,8.5,-158.0,134.0
2024-05-19,TOR,TBD,5.0,2.0,8.0,-118.0,-100.0
2024-05-20,ATL,SDP,5.0,6.0,7.5,-120.0,102.0
2024-05-20,ATL,SDP,3.0,0.0,8.5,-240.0,198.0
2024-05-20,CLE,NYM,3.0,1.0,9.0,-126.0,108.0
2024-05-20,HOU,ANA,7.0,9.0,8.0,-220.0,184.0
2024-05-20,KCR,DET,8.0,3.0,8.5,-110.0,-106.0
2024-05-20,LAD,ARI,6.0,4.0,8.5,-245.0,200.0
2024-05-20,FLA,MIL,3.0,2.0,8.5,122.0,-144.0
2024-05-20,NYY,SEA,4.0,5.0,7.5,-142.0,120.0
2024-05-20,STL,BAL,6.0,3.0,8.0,-120.0,102.0
2024-05-20,TBD,BOS,0.0,5.0,7.5,-122.0,104.0
2024-05-20,TOR,CHW,9.0,3.0,7.5,-198.0,166.0
2024-05-20,WSN,MIN,12.0,3.0,7.5,136.0,-162.0
2024-05-21,CLE,NYM,7.0,6.0,9.0,-122.0,104.0
2024-05-21,CIN,SDP,2.0,0.0,9.5,102.0,-120.0
2024-05-21,FLA,MIL,5.0,7.0,8.0,120.0,-142.0
2024-05-21,PHI,TEX,5.0,2.0,8.5,-172.0,144.0
2024-05-21,PIT,SFG,7.0,6.0,8.5,116.0,-136.0
2024-05-21,WSN,MIN,0.0,10.0,8.5,154.0,-184.0
2024-05-21,TBD,BOS,2.0,5.0,8.0,-138.0,118.0
2024-05-21,NYY,SEA,3.0,6.0,8.0,-166.0,140.0
2024-05-21,TOR,CHW,0.0,5.0,7.0,-188.0,158.0
2024-05-21,CHC,ATL,4.0,3.0,10.5,106.0,-124.0
2024-05-21,KCR,DET,10.0,3.0,9.0,-108.0,-108.0
2024-05-21,STL,BAL,3.0,1.0,9.0,126.0,-148.0
2024-05-21,HOU,ANA,6.0,5.0,8.5,-210.0,176.0
2024-05-21,OAK,COL,5.0,4.0,7.5,-134.0,116.0
2024-05-21,LAD,ARI,3.0,7.0,8.5,-164.0,138.0
2024-05-22,CHC,ATL,2.0,9.0,8.5,114.0,-134.0
2024-05-22,CIN,SDP,3.0,7.0,9.5,108.0,-126.0
2024-05-22,CLE,NYM,6.0,3.0,9.0,-106.0,-110.0
2024-05-22,HOU,ANA,1.0,2.0,9.0,-200.0,168.0
2024-05-22,KCR,DET,8.0,3.0,7.0,-102.0,-116.0
2024-05-22,LAD,ARI,0.0,6.0,8.0,-320.0,260.0
2024-05-22,FLA,MIL,1.0,0.0,7.0,112.0,-132.0
2024-05-22,NYY,SEA,7.0,3.0,8.5,-156.0,132.0
2024-05-22,OAK,COL,3.0,4.0,8.0,-146.0,124.0
2024-05-22,PHI,TEX,11.0,4.0,9.5,-120.0,102.0
2024-05-22,PIT,SFG,5.0,9.0,7.5,-120.0,102.0
2024-05-22,STL,BAL,5.0,4.0,9.0,136.0,-162.0
2024-05-22,TBD,BOS,5.0,8.0,7.5,-144.0,122.0
2024-05-22,TOR,CHW,9.0,2.0,8.0,-250.0,205.0
2024-05-22,WSN,MIN,2.0,3.0,9.5,106.0,-124.0
2024-05-23,CHW,BAL,6.0,8.0,8.0,194.0,-240.0
2024-05-23,CHC,ATL,0.0,3.0,8.5,-116.0,-102.0
2024-05-23,CIN,SDP,4.0,6.0,9.5,-104.0,-112.0
2024-05-23,DET,TOR,1.0,9.0,7.5,-108.0,-108.0
2024-05-23,NYY,SEA,5.0,0.0,7.5,-152.0,128.0
2024-05-23,OAK,COL,10.0,9.0,7.5,-120.0,102.0
2024-05-23,PHI,TEX,5.0,2.0,8.0,-205.0,172.0
2024-05-23,PIT,SFG,6.0,7.0,8.0,-184.0,154.0
2024-05-24,ANA,CLE,4.0,10.0,7.5,-104.0,-112.0
2024-05-24,ARI,FLA,0.0,3.0,7.5,-188.0,158.0
2024-05-24,BOS,MIL,2.0,7.0,9.5,-134.0,114.0
2024-05-24,CHW,BAL,4.0,6.0,7.5,205.0,-250.0
2024-05-24,CIN,LAD,9.0,6.0,10.5,132.0,-156.0
2024-05-24,COL,PHI,3.0,2.0,10.5,176.0,-210.0
2024-05-24,DET,TOR,6.0,2.0,8.5,-104.0,-112.0
2024-05-24,MIN,TEX,3.0,2.0,8.5,-162.0,136.0
2024-05-24,NYM,SFG,7.0,8.0,7.5,-142.0,120.0
2024-05-24,OAK,HOU,3.0,6.0,8.5,148.0,-176.0
2024-05-24,PIT,ATL,11.0,5.0,9.0,152.0,-180.0
2024-05-24,SDP,NYY,0.0,8.0,7.0,-100.0,-118.0
2024-05-24,TBD,KCR,1.0,8.0,8.0,-100.0,-118.0
2024-05-24,WSN,SEA,6.0,1.0,8.0,108.0,-126.0
2024-05-25,ANA,CLE,3.0,4.0,8.0,122.0,-144.0
2024-05-25,ARI,FLA,3.0,2.0,9.5,-188.0,158.0
2024-05-25,BOS,MIL,3.0,6.0,9.5,-148.0,126.0
2024-05-25,CHW,BAL,3.0,5.0,8.0,144.0,-172.0
2024-05-25,CIN,LAD,3.0,1.0,9.5,132.0,-156.0
2024-05-25,COL,PHI,4.0,8.0,10.5,194.0,-235.0
2024-05-25,DET,TOR,2.0,1.0,8.5,-116.0,-102.0
2024-05-25,MIN,TEX,5.0,3.0,8.5,-148.0,126.0
2024-05-25,NYM,SFG,2.0,7.0,8.0,-146.0,124.0
2024-05-25,OAK,HOU,3.0,1.0,8.5,130.0,-154.0
2024-05-25,PIT,ATL,4.0,1.0,8.5,130.0,-154.0
2024-05-25,SDP,NYY,1.0,4.0,7.5,-124.0,106.0
2024-05-25,STL,CHC,7.0,6.0,8.5,-108.0,-108.0
2024-05-25,TBD,KCR,4.0,7.0,7.5,-108.0,-108.0
2024-05-25,WSN,SEA,3.0,1.0,9.0,138.0,-164.0
2024-05-26,ANA,CLE,4.0,5.0,8.5,-104.0,-112.0
2024-05-26,ARI,FLA,1.0,3.0,8.5,-134.0,114.0
2024-05-26,BOS,MIL,2.0,1.0,8.5,-142.0,120.0
2024-05-26,CHW,BAL,1.0,4.0,7.0,142.0,-168.0
2024-05-26,CIN,LAD,4.0,1.0,9.0,172.0,-205.0
2024-05-26,COL,PHI,5.0,2.0,9.5,176.0,-210.0
2024-05-26,DET,TOR,14.0,11.0,8.0,112.0,-132.0
2024-05-26,MIN,TEX,2.0,6.0,8.0,-168.0,142.0
2024-05-26,NYM,SFG,4.0,3.0,7.5,-104.0,-112.0
2024-05-26,OAK,HOU,2.0,5.0,8.5,142.0,-168.0
2024-05-26,PIT,ATL,1.0,8.0,8.0,190.0,-230.0
2024-05-26,SDP,NYY,5.0,2.0,8.0,110.0,-130.0
2024-05-26,STL,CHC,4.0,3.0,8.5,-142.0,120.0
2024-05-26,TBD,KCR,4.0,1.0,8.0,-126.0,108.0
2024-05-26,WSN,SEA,5.0,9.0,9.0,146.0,-174.0
2024-05-27,ATL,WSN,4.0,8.0,9.0,-205.0,172.0
2024-05-27,BAL,BOS,11.0,3.0,9.0,-156.0,132.0
2024-05-27,CHW,TOR,1.0,5.0,9.0,168.0,-200.0
2024-05-27,CIN,STL,3.0,1.0,9.5,-158.0,134.0
2024-05-27,COL,CLE,8.0,6.0,11.0,110.0,-130.0
2024-05-27,MIL,CHC,5.0,1.0,8.0,-104.0,-112.0
2024-05-27,MIN,KCR,6.0,5.0,7.5,-172.0,144.0
2024-05-27,SDP,FLA,2.0,1.0,7.5,-205.0,172.0
2024-05-27,SEA,HOU,3.0,2.0,7.5,108.0,-126.0
2024-05-27,SFG,PHI,8.0,4.0,8.0,-134.0,114.0
2024-05-28,ANA,NYY,4.0,3.0,8.5,154.0,-184.0
2024-05-28,ATL,WSN,2.0,0.0,8.5,-255.0,210.0
2024-05-28,BAL,BOS,3.0,8.0,8.0,-178.0,150.0
2024-05-28,CHW,TOR,2.0,7.0,7.5,184.0,-220.0
2024-05-28,CIN,STL,1.0,7.0,9.5,-130.0,110.0
2024-05-28,COL,CLE,7.0,13.0,10.5,108.0,-136.0
2024-05-28,MIL,CHC,3.0,6.0,7.5,-166.0,140.0
2024-05-28,MIN,KCR,4.0,2.0,7.5,112.0,-132.0
2024-05-28,NYM,LAD,2.0,5.0,7.5,164.0,-196.0
2024-05-28,NYM,LAD,0.0,3.0,8.0,106.0,-124.0
2024-05-28,SDP,FLA,4.0,0.0,7.0,-136.0,116.0
2024-05-28,SEA,HOU,4.0,2.0,7.5,-130.0,110.0
2024-05-28,SFG,PHI,1.0,0.0,7.0,164.0,-196.0
2024-05-28,TBD,OAK,0.0,3.0,7.5,-178.0,150.0
2024-05-28,TEX,ARI,4.0,2.0,8.5,-130.0,110.0
2024-05-29,ANA,NYY,1.0,2.0,8.5,176.0,-210.0
2024-05-29,ATL,WSN,2.0,7.0,8.5,-152.0,128.0
2024-05-29,BAL,BOS,6.0,1.0,7.0,-180.0,152.0
2024-05-29,CHW,TOR,1.0,3.0,8.0,166.0,-198.0
2024-05-29,CIN,STL,3.0,5.0,9.5,-124.0,106.0
2024-05-29,COL,CLE,7.0,4.0,11.0,128.0,-152.0
2024-05-29,DET,PIT,8.0,0.0,7.5,114.0,-134.0
2024-05-29,DET,PIT,2.0,10.0,6.5,-146.0,124.0
2024-05-29,MIL,CHC,10.0,6.0,7.5,124.0,-146.0
2024-05-29,MIN,KCR,1.0,6.0,7.5,-130.0,110.0
2024-05-29,NYM,LAD,3.0,10.0,8.5,-100.0,-118.0
2024-05-29,SDP,FLA,1.0,9.0,7.0,-184.0,154.0
2024-05-29,SEA,HOU,2.0,1.0,7.0,-108.0,-108.0
2024-05-29,SFG,PHI,1.0,6.0,7.5,108.0,-126.0
2024-05-29,TBD,OAK,4.0,3.0,8.0,-184.0,154.0
2024-05-29,TEX,ARI,6.0,1.0,9.0,-132.0,112.0
2024-05-30,ANA,NYY,3.0,8.0,8.5,146.0,-174.0
2024-05-30,ATL,WSN,1.0,3.0,8.5,-190.0,160.0
2024-05-30,BOS,DET,0.0,5.0,7.5,-122.0,104.0
2024-05-30,MIL,CHC,6.0,4.0,8.5,-120.0,102.0
2024-05-30,MIN,KCR,7.0,6.0,8.5,-162.0,136.0
2024-05-30,NYM,ARI,3.0,2.0,7.0,108.0,-126.0
2024-05-30,SEA,HOU,0.0,4.0,7.0,-132.0,112.0
2024-05-30,TBD,OAK,6.0,5.0,8.5,-162.0,136.0
2024-05-31,ATL,OAK,4.0,2.0,8.5,-230.0,190.0
2024-05-31,BAL,TBD,3.0,1.0,8.0,-142.0,120.0
2024-05-31,BOS,DET,7.0,3.0,8.5,-172.0,144.0
2024-05-31,CHC,CIN,4.0,5.0,8.5,-136.0,116.0
2024-05-31,CLE,WSN,7.0,1.0,7.5,-235.0,194.0
2024-05-31,HOU,MIN,1.0,6.0,8.0,-112.0,-104.0
2024-05-31,KCR,SDP,8.0,11.0,8.0,116.0,-136.0
2024-05-31,LAD,COL,1.0,4.0,8.5,-350.0,280.0
2024-05-31,FLA,TEX,8.0,2.0,8.5,118.0,-138.0
2024-05-31,MIL,CHW,12.0,5.0,8.0,-180.0,152.0
2024-05-31,NYM,ARI,10.0,9.0,7.5,-126.0,108.0
2024-05-31,PHI,STL,4.0,2.0,8.0,-210.0,176.0
2024-05-31,SEA,ANA,5.0,4.0,7.0,-158.0,134.0
2024-05-31,SFG,NYY,2.0,6.0,7.5,114.0,-134.0
2024-05-31,TOR,PIT,5.0,3.0,8.5,-180.0,152.0
2024-06-01,ATL,OAK,9.0,11.0,7.5,-330.0,265.0
2024-06-01,BAL,TBD,9.0,5.0,8.0,-158.0,134.0
2024-06-01,BOS,DET,6.0,3.0,8.5,-112.0,-104.0
2024-06-01,CHC,CIN,7.0,5.0,7.5,-136.0,116.0
2024-06-01,CLE,WSN,3.0,2.0,7.5,-144.0,122.0
2024-06-01,HOU,MIN,5.0,2.0,7.5,-122.0,104.0
2024-06-01,KCR,SDP,3.0,7.0,9.5,-122.0,104.0
2024-06-01,LAD,COL,4.0,1.0,7.5,-320.0,260.0
2024-06-01,FLA,TEX,0.0,7.0,8.0,-118.0,-100.0
2024-06-01,MIL,CHW,4.0,3.0,7.0,-166.0,140.0
2024-06-01,NYM,ARI,5.0,10.0,8.5,-130.0,110.0
2024-06-01,PHI,STL,6.0,1.0,7.5,-166.0,140.0
2024-06-01,SEA,ANA,9.0,0.0,7.5,-162.0,136.0
2024-06-01,SFG,NYY,3.0,7.0,7.5,-112.0,-104.0
2024-06-01,TOR,PIT,1.0,8.0,7.5,-148.0,126.0
2024-06-02,ATL,OAK,3.0,1.0,8.5,-250.0,205.0
2024-06-02,BAL,TBD,3.0,4.0,9.0,-130.0,110.0
2024-06-02,BOS,DET,4.0,8.0,9.0,-156.0,132.0
2024-06-02,CHC,CIN,2.0,5.0,7.0,-122.0,104.0
2024-06-02,CLE,WSN,2.0,5.0,8.0,-132.0,112.0
2024-06-02,HOU,MIN,3.0,4.0,8.0,-148.0,126.0
2024-06-02,KCR,SDP,4.0,3.0,8.0,-124.0,106.0
2024-06-02,LAD,COL,4.0,0.0,8.5,-255.0,210.0
2024-06-02,FLA,TEX,0.0,6.0,8.5,110.0,-130.0
2024-06-02,MIL,CHW,6.0,3.0,7.5,-350.0,280.0
2024-06-02,NYM,ARI,4.0,5.0,8.0,-106.0,-110.0
2024-06-02,PHI,STL,4.0,5.0,9.5,-138.0,118.0
2024-06-02,SEA,ANA,5.0,1.0,7.0,-210.0,176.0
2024-06-02,SFG,NYY,5.0,7.0,7.5,114.0,-134.0
2024-06-02,TOR,PIT,5.0,4.0,8.0,-178.0,150.0
2024-06-03,ANA,SDP,2.0,1.0,8.5,128.0,-152.0
2024-06-03,ARI,SFG,4.0,2.0,9.0,-132.0,112.0
2024-06-03,COL,CIN,3.0,13.0,10.5,-102.0,-116.0
2024-06-03,HOU,STL,7.0,4.0,8.0,-180.0,152.0
2024-06-03,PHI,MIL,3.0,1.0,8.0,-200.0,168.0
2024-06-03,TEX,DET,1.0,2.0,7.0,-116.0,-102.0
2024-06-03,TOR,BAL,2.0,7.0,7.5,-102.0,-116.0
2024-06-03,WSN,NYM,7.0,8.0,8.0,-118.0,-100.0
2024-06-04,ANA,SDP,4.0,2.0,8.5,-110.0,-106.0
2024-06-04,ARI,SFG,8.0,5.0,9.5,-118.0,-100.0
2024-06-04,BOS,ATL,3.0,8.0,8.0,138.0,-164.0
2024-06-04,CHC,CHW,7.0,6.0,9.5,-300.0,245.0
2024-06-04,CLE,KCR,8.0,5.0,8.0,-130.0,110.0
2024-06-04,COL,CIN,1.0,4.0,10.5,108.0,-126.0
2024-06-04,HOU,STL,8.0,5.0,9.0,-158.0,134.0
2024-06-04,FLA,TBD,5.0,9.0,7.5,112.0,-132.0
2024-06-04,NYY,MIN,5.0,1.0,7.5,-180.0,152.0
2024-06-04,OAK,SEA,3.0,4.0,7.5,136.0,-162.0
2024-06-04,PHI,MIL,2.0,1.0,9.0,-162.0,136.0
2024-06-04,PIT,LAD,1.0,0.0,8.0,156.0,-186.0
2024-06-04,TEX,DET,1.0,3.0,7.5,-112.0,-104.0
2024-06-04,TOR,BAL,1.0,10.0,8.0,126.0,-148.0
2024-06-04,WSN,NYM,3.0,6.0,9.0,120.0,-142.0
2024-06-05,ANA,SDP,3.0,2.0,7.5,146.0,-174.0
2024-06-05,ARI,SFG,3.0,9.0,8.0,-104.0,-112.0
2024-06-05,BOS,ATL,9.0,0.0,10.0,-112.0,-104.0
2024-06-05,CHC,CHW,7.0,6.0,9.5,-200.0,168.0
2024-06-05,COL,CIN,7.0,12.0,11.5,120.0,-142.0
2024-06-05,HOU,STL,2.0,4.0,8.5,-154.0,130.0
2024-06-05,FLA,TBD,3.0,5.0,7.5,116.0,-136.0
2024-06-05,NYY,MIN,9.0,5.0,8.5,-180.0,152.0
2024-06-05,OAK,SEA,2.0,1.0,7.5,136.0,-162.0
2024-06-05,PHI,MIL,2.0,0.0,8.5,-172.0,144.0
2024-06-05,PIT,LAD,10.0,6.0,8.5,-120.0,102.0
2024-06-05,TEX,DET,9.0,1.0,8.5,-148.0,126.0
2024-06-05,TOR,BAL,3.0,2.0,8.0,-112.0,-104.0
2024-06-05,WSN,NYM,1.0,9.0,9.5,124.0,-146.0
2024-06-06,CHW,BOS,2.0,14.0,8.5,198.0,-240.0
2024-06-06,CIN,CHC,8.0,4.0,9.5,-126.0,108.0
2024-06-06,CLE,KCR,3.0,4.0,7.5,-172.0,144.0
2024-06-06,NYY,MIN,8.0,5.0,8.5,-152.0,128.0
2024-06-06,OAK,SEA,0.0,3.0,8.0,130.0,-154.0
2024-06-06,PIT,LAD,7.0,11.0,9.0,152.0,-180.0
2024-06-06,SDP,ARI,3.0,4.0,8.5,-116.0,-102.0
2024-06-06,STL,COL,2.0,3.0,7.5,-230.0,190.0
2024-06-06,TOR,BAL,6.0,5.0,8.5,-130.0,110.0
2024-06-06,WSN,ATL,2.0,5.0,8.5,138.0,-164.0
2024-06-07,ANA,HOU,1.0,7.0,8.5,138.0,-164.0
2024-06-07,CHW,BOS,7.0,2.0,8.0,-108.0,-108.0
2024-06-07,CIN,CHC,3.0,2.0,8.5,-130.0,110.0
2024-06-07,DET,MIL,0.0,10.0,8.5,-118.0,-100.0
2024-06-07,KCR,SEA,10.0,9.0,9.0,106.0,-124.0
2024-06-07,FLA,CLE,3.0,2.0,7.5,-104.0,-112.0
2024-06-07,NYY,LAD,1.0,2.0,8.5,130.0,-154.0
2024-06-07,OAK,TOR,2.0,1.0,7.5,144.0,-172.0
2024-06-07,PIT,MIN,3.0,0.0,8.0,110.0,-130.0
2024-06-07,SDP,ARI,10.0,3.0,7.0,-130.0,110.0
2024-06-07,STL,COL,8.0,5.0,7.5,-184.0,154.0
2024-06-07,TBD,BAL,3.0,6.0,8.5,-110.0,-106.0
2024-06-07,TEX,SFG,2.0,5.0,7.5,106.0,-124.0
2024-06-07,WSN,ATL,2.0,1.0,7.5,172.0,-205.0
2024-06-08,ANA,HOU,1.0,6.0,8.5,148.0,-176.0
2024-06-08,CHW,BOS,6.0,1.0,8.5,194.0,-240.0
2024-06-08,CIN,CHC,4.0,3.0,9.0,-124.0,106.0
2024-06-08,DET,MIL,4.0,5.0,8.0,144.0,-172.0
2024-06-08,KCR,SEA,8.0,4.0,8.5,114.0,-134.0
2024-06-08,FLA,CLE,0.0,8.0,8.0,138.0,-164.0
2024-06-08,NYY,LAD,3.0,11.0,8.5,-116.0,-102.0
2024-06-08,NYM,PHI,2.0,7.0,9.5,138.0,-164.0
2024-06-08,OAK,TOR,0.0,7.0,7.5,142.0,-168.0
2024-06-08,PIT,MIN,4.0,0.0,9.0,112.0,-132.0
2024-06-08,SDP,ARI,13.0,1.0,7.5,-158.0,134.0
2024-06-08,STL,COL,5.0,6.0,8.5,-205.0,172.0
2024-06-08,TBD,BAL,0.0,5.0,8.0,116.0,-136.0
2024-06-08,TEX,SFG,1.0,3.0,8.0,-116.0,-102.0
2024-06-08,WSN,ATL,7.0,3.0,8.5,114.0,-134.0
2024-06-09,ANA,HOU,9.0,7.0,8.5,130.0,-154.0
2024-06-09,CHW,BOS,4.0,6.0,9.0,122.0,-144.0
2024-06-09,CIN,CHC,2.0,4.0,9.0,112.0,-132.0
2024-06-09,DET,MIL,10.0,2.0,8.0,-172.0,144.0
2024-06-09,KCR,SEA,5.0,6.0,7.5,-136.0,116.0
2024-06-09,FLA,CLE,3.0,6.0,8.5,104.0,-122.0
2024-06-09,NYY,LAD,6.0,4.0,7.5,114.0,-134.0
2024-06-09,OAK,TOR,4.0,6.0,8.0,110.0,-130.0
2024-06-09,PHI,NYM,5.0,6.0,11.5,-146.0,124.0
2024-06-09,PIT,MIN,5.0,11.0,8.5,-118.0,-100.0
2024-06-09,SDP,ARI,3.0,9.0,8.0,-132.0,112.0
2024-06-09,STL,COL,5.0,1.0,8.0,-172.0,144.0
2024-06-09,TBD,BAL,2.0,9.0,7.5,124.0,-146.0
2024-06-09,TEX,SFG,7.0,2.0,7.5,-154.0,130.0
2024-06-09,WSN,ATL,8.0,5.0,9.5,144.0,-172.0
2024-06-10,KCR,NYY,2.0,4.0,8.5,-100.0,-118.0
2024-06-10,MIL,TOR,3.0,1.0,8.5,-120.0,102.0
2024-06-10,MIN,COL,5.0,0.0,8.5,-240.0,198.0
2024-06-10,SDP,OAK,6.0,1.0,7.5,-240.0,198.0
2024-06-10,SEA,CHW,8.0,4.0,7.0,-215.0,180.0
2024-06-10,SFG,HOU,4.0,3.0,8.0,-102.0,-116.0
2024-06-10,TBD,BAL,2.0,5.0,7.0,118.0,-138.0
2024-06-11,ARI,ANA,9.0,4.0,9.0,-158.0,134.0
2024-06-11,BAL,ATL,4.0,0.0,7.5,120.0,-142.0
2024-06-11,BOS,PHI,1.0,4.0,8.0,132.0,-156.0
2024-06-11,CIN,CLE,3.0,5.0,9.0,-112.0,-104.0
2024-06-11,DET,WSN,4.0,5.0,8.0,-116.0,-102.0
2024-06-11,KCR,NYY,1.0,10.0,9.5,116.0,-136.0
2024-06-11,LAD,TEX,15.0,2.0,8.5,-166.0,140.0
2024-06-11,MIL,TOR,0.0,3.0,8.5,-102.0,-116.0
2024-06-11,MIN,COL,4.0,5.0,8.5,-205.0,172.0
2024-06-11,NYM,FLA,2.0,4.0,7.5,-152.0,128.0
2024-06-11,SDP,OAK,4.0,3.0,8.0,-156.0,132.0
2024-06-11,SEA,CHW,4.0,3.0,7.5,-184.0,154.0
2024-06-11,SFG,HOU,1.0,3.0,8.0,-118.0,-100.0
2024-06-11,STL,PIT,1.0,2.0,7.5,120.0,-142.0
2024-06-11,TBD,CHC,5.0,2.0,7.5,-136.0,116.0
2024-06-12,ARI,ANA,3.0,8.0,8.5,-154.0,130.0
2024-06-12,BAL,ATL,4.0,2.0,8.5,-118.0,-100.0
2024-06-12,BOS,PHI,8.0,6.0,8.0,104.0,-122.0
2024-06-12,CIN,CLE,4.0,2.0,8.0,-112.0,-104.0
2024-06-12,DET,WSN,5.0,7.0,7.5,-124.0,106.0
2024-06-12,KCR,NYY,5.0,11.0,10.5,136.0,-162.0
2024-06-12,LAD,TEX,2.0,3.0,8.5,-164.0,138.0
2024-06-12,MIL,TOR,5.0,4.0,9.0,-126.0,108.0
2024-06-12,MIN,COL,17.0,9.0,7.5,-250.0,205.0
2024-06-12,NYM,FLA,10.0,4.0,7.5,-154.0,130.0
2024-06-12,SDP,OAK,5.0,4.0,7.5,-230.0,190.0
2024-06-12,SEA,CHW,2.0,1.0,7.5,-260.0,215.0
2024-06-12,SFG,HOU,5.0,3.0,7.5,-118.0,-100.0
2024-06-12,STL,PIT,4.0,2.0,8.5,-178.0,150.0
2024-06-12,TBD,CHC,3.0,4.0,8.0,-116.0,-102.0
2024-06-13,ARI,ANA,11.0,1.0,8.5,-198.0,166.0
2024-06-13,BAL,ATL,3.0,6.0,9.0,-112.0,-104.0
2024-06-13,BOS,PHI,9.0,3.0,8.5,-108.0,-108.0
2024-06-13,DET,WSN,7.0,2.0,9.5,-156.0,132.0
2024-06-13,KCR,NYY,4.0,3.0,10.5,136.0,-162.0
2024-06-13,LAD,TEX,1.0,3.0,8.5,-184.0,154.0
2024-06-13,MIN,OAK,6.0,2.0,8.5,-245.0,200.0
2024-06-13,NYM,FLA,3.0,2.0,8.5,-200.0,168.0
2024-06-13,SEA,CHW,2.0,3.0,7.0,-118.0,-100.0
2024-06-13,STL,PIT,4.0,3.0,8.5,-102.0,-116.0
2024-06-13,TBD,CHC,3.0,2.0,7.5,-104.0,-112.0
2024-06-14,ARI,CHW,7.0,1.0,9.0,-196.0,164.0
2024-06-14,ATL,TBD,7.0,3.0,8.5,-220.0,184.0
2024-06-14,BAL,PHI,3.0,5.0,7.0,-134.0,116.0
2024-06-14,BOS,NYY,1.0,8.0,9.5,126.0,-148.0
2024-06-14,CHC,STL,0.0,3.0,7.5,-122.0,104.0
2024-06-14,COL,PIT,2.0,5.0,10.5,-104.0,-112.0
2024-06-14,HOU,DET,4.0,0.0,7.0,-118.0,-100.0
2024-06-14,LAD,KCR,4.0,3.0,7.5,-152.0,128.0
2024-06-14,MIL,CIN,5.0,6.0,7.5,-168.0,142.0
2024-06-14,MIN,OAK,6.0,5.0,8.5,-184.0,154.0
2024-06-14,NYM,SDP,2.0,1.0,7.5,-116.0,-102.0
2024-06-14,SEA,TEX,3.0,2.0,7.0,-146.0,124.0
2024-06-14,SFG,ANA,6.0,8.0,8.0,-152.0,128.0
2024-06-14,TOR,CLE,1.0,3.0,7.5,-146.0,124.0
2024-06-14,WSN,FLA,8.0,1.0,8.5,-174.0,146.0
2024-06-15,ARI,CHW,2.0,9.0,8.5,-162.0,136.0
2024-06-15,ATL,TBD,9.0,2.0,8.5,-130.0,110.0
2024-06-15,BAL,PHI,6.0,2.0,8.5,-188.0,158.0
2024-06-15,BOS,NYY,8.0,4.0,9.0,152.0,-180.0
2024-06-15,CHC,STL,5.0,1.0,8.5,-184.0,154.0
2024-06-15,COL,PIT,16.0,4.0,10.5,148.0,-176.0
2024-06-15,HOU,DET,5.0,13.0,7.5,-116.0,-102.0
2024-06-15,LAD,KCR,2.0,7.0,7.5,-235.0,194.0
2024-06-15,MIL,CIN,3.0,1.0,8.5,-134.0,116.0
2024-06-15,NYM,SDP,5.0,1.0,8.5,-136.0,116.0
2024-06-15,SEA,TEX,7.0,5.0,6.5,-124.0,106.0
2024-06-15,SFG,ANA,3.0,4.0,7.5,-144.0,122.0
2024-06-15,TOR,CLE,5.0,0.0,8.5,-116.0,-102.0
2024-06-15,WSN,FLA,4.0,0.0,8.5,-124.0,106.0
2024-06-16,ARI,CHW,12.0,5.0,8.5,-180.0,152.0
2024-06-16,ATL,TBD,6.0,8.0,9.0,-122.0,104.0
2024-06-16,BAL,PHI,8.0,3.0,7.0,-136.0,116.0
2024-06-16,BOS,NYY,9.0,3.0,9.0,118.0,-138.0
2024-06-16,CHC,STL,1.0,2.0,10.5,-130.0,110.0
2024-06-16,COL,PIT,2.0,8.0,12.0,-106.0,-110.0
2024-06-16,HOU,DET,4.0,1.0,8.0,-166.0,140.0
2024-06-16,LAD,KCR,3.0,0.0,8.0,-260.0,215.0
2024-06-16,MIL,CIN,5.0,4.0,9.5,-152.0,128.0
2024-06-16,MIN,OAK,6.0,2.0,9.0,-205.0,172.0
2024-06-16,MIN,OAK,8.0,7.0,8.5,-210.0,176.0
2024-06-16,NYM,SDP,11.0,6.0,7.0,120.0,-142.0
2024-06-16,SEA,TEX,5.0,0.0,7.0,-144.0,122.0
2024-06-16,SFG,ANA,13.0,6.0,8.5,-162.0,136.0
2024-06-16,TOR,CLE,7.0,6.0,7.5,-120.0,102.0
2024-06-16,WSN,FLA,3.0,1.0,8.5,-122.0,104.0
2024-06-17,ANA,MIL,5.0,3.0,8.5,-100.0,-118.0
2024-06-17,ATL,DET,2.0,1.0,8.0,-215.0,180.0
2024-06-17,CHC,SFG,6.0,7.0,10.5,-116.0,-102.0
2024-06-17,COL,LAD,5.0,9.0,12.5,146.0,-174.0
2024-06-17,FLA,STL,6.0,7.0,7.0,128.0,-152.0
2024-06-17,PHI,SDP,9.0,2.0,9.5,-190.0,160.0
2024-06-17,PIT,CIN,4.0,1.0,8.5,-180.0,152.0
2024-06-17,TEX,NYM,2.0,14.0,8.5,-134.0,114.0
2024-06-17,TOR,BOS,3.0,7.0,7.5,-122.0,104.0
2024-06-18,ANA,MIL,3.0,6.0,9.0,128.0,-152.0
2024-06-18,ATL,DET,2.0,1.0,9.0,-162.0,136.0
2024-06-18,CHW,HOU,2.0,0.0,8.5,150.0,-178.0
2024-06-18,CHC,SFG,5.0,2.0,9.5,-118.0,-108.0
2024-06-18,CLE,SEA,5.0,8.0,8.5,-136.0,116.0
2024-06-18,COL,LAD,9.0,11.0,11.0,164.0,-196.0
2024-06-18,FLA,STL,9.0,8.0,8.0,116.0,-136.0
2024-06-18,MIN,TBD,7.0,6.0,8.5,-188.0,158.0
2024-06-18,NYY,BAL,4.0,2.0,8.5,-144.0,122.0
2024-06-18,OAK,KCR,7.0,5.0,8.0,112.0,-132.0
2024-06-18,PHI,SDP,4.0,3.0,8.5,-166.0,140.0
2024-06-18,PIT,CIN,1.0,2.0,8.5,106.0,-124.0
2024-06-18,TEX,NYM,6.0,7.0,8.5,108.0,-126.0
2024-06-18,TOR,BOS,3.0,4.0,7.5,112.0,-132.0
2024-06-18,WSN,ARI,0.0,5.0,9.0,-126.0,108.0
2024-06-19,ANA,MIL,0.0,2.0,8.5,154.0,-184.0
2024-06-19,ATL,DET,7.0,0.0,7.5,-140.0,110.0
2024-06-19,CHW,HOU,1.0,4.0,7.0,-104.0,-112.0
2024-06-19,CHC,SFG,6.0,5.0,11.0,-110.0,-106.0
2024-06-19,CLE,SEA,8.0,0.0,7.5,-154.0,130.0
2024-06-19,COL,LAD,7.0,6.0,10.5,172.0,-205.0
2024-06-19,FLA,STL,4.0,3.0,8.0,132.0,-156.0
2024-06-19,MIN,TBD,2.0,3.0,7.5,-168.0,142.0
2024-06-19,NYY,BAL,6.0,7.0,7.5,-148.0,126.0
2024-06-19,OAK,KCR,5.0,1.0,7.0,152.0,-180.0
2024-06-19,PHI,SDP,2.0,5.0,8.5,-184.0,154.0
2024-06-19,PIT,CIN,1.0,0.0,7.5,-136.0,116.0
2024-06-19,TEX,NYM,5.0,3.0,8.5,-104.0,-112.0
2024-06-19,TOR,BOS,3.0,7.0,8.0,-142.0,120.0
2024-06-19,WSN,ARI,3.0,1.0,9.5,144.0,-172.0
2024-06-20,CHW,HOU,3.0,5.0,9.0,152.0,-180.0
2024-06-20,CLE,SEA,6.0,3.0,8.5,-104.0,-112.0
2024-06-20,COL,LAD,3.0,5.0,12.0,180.0,-215.0
2024-06-20,MIN,TBD,6.0,7.0,8.0,-130.0,110.0
2024-06-20,NYY,BAL,5.0,17.0,8.5,-166.0,140.0
2024-06-20,OAK,KCR,2.0,3.0,7.5,126.0,-148.0
2024-06-20,SDP,MIL,7.0,6.0,8.5,-116.0,-110.0
2024-06-20,STL,SFG,6.0,5.0,9.0,-102.0,-116.0
2024-06-20,WSN,ARI,2.0,5.0,9.0,-138.0,118.0
2024-06-21,CHC,NYM,1.0,11.0,8.0,-156.0,132.0
2024-06-21,CIN,BOS,5.0,2.0,9.0,-106.0,-110.0
2024-06-21,CLE,TOR,7.0,1.0,8.5,-126.0,108.0
2024-06-21,COL,WSN,5.0,11.0,11.0,112.0,-132.0
2024-06-21,DET,CHW,2.0,1.0,7.5,-180.0,152.0
2024-06-21,HOU,BAL,14.0,11.0,8.5,130.0,-154.0
2024-06-21,LAD,ANA,2.0,3.0,8.5,-180.0,152.0
2024-06-21,FLA,SEA,3.0,2.0,7.5,148.0,-176.0
2024-06-21,NYY,ATL,1.0,8.0,7.5,-112.0,-112.0
2024-06-21,OAK,MIN,6.0,5.0,8.0,134.0,-158.0
2024-06-21,PHI,ARI,4.0,5.0,9.5,-142.0,120.0
2024-06-21,PIT,TBD,3.0,10.0,8.5,114.0,-134.0
2024-06-21,SDP,MIL,9.0,5.0,7.5,-156.0,132.0
2024-06-21,TEX,KCR,6.0,2.0,7.5,-146.0,124.0
2024-06-22,CHC,NYM,8.0,1.0,11.0,102.0,-120.0
2024-06-22,CIN,BOS,3.0,4.0,9.5,-100.0,-118.0
2024-06-22,CLE,TOR,6.0,3.0,9.0,-142.0,120.0
2024-06-22,COL,WSN,8.0,7.0,10.5,-102.0,-116.0
2024-06-22,DET,CHW,1.0,5.0,8.5,-166.0,140.0
2024-06-22,HOU,BAL,5.0,1.0,7.5,124.0,-146.0
2024-06-22,LAD,ANA,7.0,2.0,8.5,-390.0,310.0
2024-06-22,FLA,SEA,0.0,9.0,7.5,142.0,-168.0
2024-06-22,NYY,ATL,8.0,3.0,9.0,-134.0,114.0
2024-06-22,OAK,MIN,2.0,10.0,8.5,142.0,-168.0
2024-06-22,PHI,ARI,12.0,1.0,9.5,-270.0,220.0
2024-06-22,PIT,TBD,4.0,3.0,8.5,-112.0,-104.0
2024-06-22,SDP,MIL,6.0,4.0,8.5,102.0,-120.0
2024-06-22,STL,SFG,9.0,4.0,8.5,-120.0,102.0
2024-06-22,TEX,KCR,6.0,0.0,8.5,-142.0,120.0
2024-06-23,CHC,NYM,2.0,5.0,8.5,-112.0,-104.0
2024-06-23,CIN,BOS,4.0,7.0,9.5,-162.0,136.0
2024-06-23,CLE,TOR,6.0,5.0,8.5,-116.0,-102.0
2024-06-23,COL,WSN,1.0,2.0,10.5,112.0,-132.0
2024-06-23,DET,CHW,11.0,2.0,8.5,-190.0,160.0
2024-06-23,HOU,BAL,8.0,1.0,8.5,-112.0,-104.0
2024-06-23,FLA,SEA,6.0,4.0,7.5,136.0,-162.0
2024-06-23,NYY,ATL,1.0,3.0,8.5,-118.0,-100.0
2024-06-23,OAK,MIN,0.0,3.0,8.0,152.0,-180.0
2024-06-23,PHI,ARI,4.0,1.0,9.5,-245.0,200.0
2024-06-23,PIT,TBD,1.0,3.0,7.5,-168.0,142.0
2024-06-23,SDP,MIL,2.0,6.0,7.5,-138.0,118.0
2024-06-23,STL,SFG,5.0,3.0,7.5,-124.0,106.0
2024-06-23,TEX,KCR,4.0,0.0,8.5,-158.0,134.0
2024-06-24,ANA,OAK,5.0,1.0,9.0,-134.0,114.0
2024-06-24,BAL,CLE,2.0,3.0,7.5,-108.0,-108.0
2024-06-24,BOS,TOR,7.0,6.0,8.5,-162.0,136.0
2024-06-24,CHW,LAD,0.0,3.0,7.5,102.0,-120.0
2024-06-24,CIN,PIT,11.0,5.0,9.5,-134.0,114.0
2024-06-24,DET,PHI,1.0,8.0,8.0,152.0,-180.0
2024-06-24,KCR,FLA,4.0,1.0,9.5,-255.0,210.0
2024-06-24,MIL,TEX,6.0,3.0,8.0,-178.0,150.0
2024-06-24,SDP,WSN,7.0,6.0,7.5,-196.0,164.0
2024-06-24,SFG,CHC,5.0,4.0,7.5,106.0,-124.0
2024-06-24,STL,ATL,4.0,3.0,8.5,106.0,-124.0
2024-06-24,TBD,SEA,4.0,3.0,7.5,-108.0,-108.0
2024-06-25,ANA,OAK,7.0,5.0,8.5,-118.0,-100.0
2024-06-25,ARI,MIN,5.0,4.0,7.5,110.0,-130.0
2024-06-25,BAL,CLE,8.0,10.0,9.0,-158.0,134.0
2024-06-25,BOS,TOR,4.0,9.0,9.5,-130.0,110.0
2024-06-25,CHW,LAD,3.0,4.0,9.5,188.0,-225.0
2024-06-25,CIN,PIT,5.0,9.0,9.0,-130.0,110.0
2024-06-25,DET,PHI,4.0,1.0,7.5,102.0,-120.0
2024-06-25,HOU,COL,5.0,2.0,8.0,-260.0,215.0
2024-06-25,KCR,FLA,1.0,2.0,9.5,-198.0,166.0
2024-06-25,MIL,TEX,3.0,1.0,9.0,-108.0,-108.0
2024-06-25,NYM,NYY,9.0,7.0,8.5,122.0,-144.0
2024-06-25,SDP,WSN,9.0,7.0,7.5,106.0,-124.0
2024-06-25,SFG,CHC,5.0,1.0,8.0,-122.0,104.0
2024-06-25,TBD,SEA,11.0,3.0,7.5,110.0,-130.0
2024-06-26,ANA,OAK,5.0,2.0,9.0,-142.0,120.0
2024-06-26,ARI,MIN,3.0,8.0,9.0,104.0,-122.0
2024-06-26,BAL,CLE,4.0,2.0,8.5,-225.0,188.0
2024-06-26,CHW,LAD,0.0,4.0,8.5,148.0,-176.0
2024-06-26,CIN,PIT,1.0,6.0,9.5,-136.0,116.0
2024-06-26,DET,PHI,2.0,6.0,9.0,142.0,-168.0
2024-06-26,HOU,COL,7.0,1.0,8.5,-198.0,166.0
2024-06-26,KCR,FLA,5.0,1.0,9.0,-205.0,172.0
2024-06-26,MIL,TEX,6.0,5.0,8.5,-100.0,-118.0
2024-06-26,NYM,NYY,12.0,2.0,8.5,108.0,-126.0
2024-06-26,SDP,WSN,8.0,5.0,7.5,-188.0,158.0
2024-06-26,SFG,CHC,4.0,3.0,7.5,-116.0,-102.0
2024-06-26,STL,ATL,2.0,6.0,8.0,104.0,-122.0
2024-06-26,STL,ATL,4.0,1.0,8.5,102.0,-120.0
2024-06-26,TBD,SEA,2.0,5.0,7.0,-110.0,-106.0
2024-06-27,ANA,DET,5.0,0.0,8.5,134.0,-158.0
2024-06-27,ARI,MIN,6.0,13.0,8.5,-100.0,-118.0
2024-06-27,BAL,TEX,11.0,2.0,7.5,-215.0,166.0
2024-06-27,CHW,ATL,1.0,0.0,7.5,240.0,-295.0
2024-06-27,KCR,CLE,2.0,1.0,8.5,-106.0,-110.0
2024-06-27,PHI,FLA,4.0,7.0,8.0,-300.0,245.0
2024-06-27,SFG,CHC,3.0,5.0,7.5,-104.0,-112.0
2024-06-27,STL,CIN,4.0,11.0,7.5,-142.0,120.0
2024-06-27,TOR,NYY,9.0,2.0,8.5,114.0,-134.0
2024-06-28,ANA,DET,5.0,2.0,9.5,102.0,-120.0
2024-06-28,ARI,OAK,4.0,9.0,9.0,-174.0,146.0
2024-06-28,ATL,PIT,6.0,1.0,9.0,-220.0,184.0
2024-06-28,BAL,TEX,2.0,1.0,8.5,-118.0,-100.0
2024-06-28,BOS,SDP,2.0,9.0,9.5,-158.0,134.0
2024-06-28,CHW,COL,5.0,3.0,8.5,-134.0,114.0
2024-06-28,KCR,CLE,10.0,3.0,9.5,-108.0,-108.0
2024-06-28,MIL,CHC,4.0,2.0,8.5,-134.0,114.0
2024-06-28,NYM,HOU,7.0,2.0,8.5,-112.0,-104.0
2024-06-28,PHI,FLA,2.0,0.0,8.0,-220.0,184.0
2024-06-28,SEA,MIN,3.0,2.0,7.0,-130.0,110.0
2024-06-28,SFG,LAD,5.0,3.0,7.5,-130.0,110.0
2024-06-28,STL,CIN,1.0,0.0,8.5,-126.0,108.0
2024-06-28,TBD,WSN,3.0,1.0,7.5,-174.0,146.0
2024-06-28,TOR,NYY,5.0,16.0,8.5,-106.0,-110.0
2024-06-29,CHW,COL,11.0,3.0,9.0,-112.0,-104.0
2024-06-29,STL,CIN,4.0,9.0,8.0,-196.0,164.0
2024-06-29,TOR,NYY,9.0,3.0,8.0,106.0,-124.0
2024-06-29,PHI,FLA,2.0,3.0,9.0,-250.0,205.0
2024-06-29,ARI,OAK,3.0,0.0,8.5,-198.0,166.0
2024-06-29,ATL,PIT,2.0,1.0,7.5,-146.0,124.0
2024-06-29,BOS,SDP,1.0,11.0,8.5,-138.0,118.0
2024-06-29,KCR,CLE,2.0,7.0,7.5,-102.0,-116.0
2024-06-29,MIL,CHC,3.0,5.0,8.0,-116.0,-102.0
2024-06-29,NYM,HOU,6.0,9.0,8.5,-118.0,-100.0
2024-06-29,TBD,WSN,1.0,8.0,7.5,-142.0,112.0
2024-06-29,BAL,TEX,6.0,5.0,9.6,-164.0,138.0
2024-06-29,SFG,LAD,7.0,14.0,7.5,168.0,-200.0
2024-06-29,ANA,DET,6.0,5.0,8.0,106.0,-124.0
2024-06-29,SEA,MIN,1.0,5.0,7.0,-100.0,-118.0
2024-06-30,ANA,DET,6.0,7.0,8.5,-112.0,-104.0
2024-06-30,ARI,OAK,5.0,1.0,8.5,-198.0,166.0
2024-06-30,ATL,PIT,2.0,4.0,9.0,-190.0,160.0
2024-06-30,BAL,TEX,2.0,11.0,9.0,-164.0,138.0
2024-06-30,BOS,SDP,4.0,1.0,10.0,-112.0,-104.0
2024-06-30,CHW,COL,4.0,5.0,7.0,-230.0,190.0
2024-06-30,KCR,CLE,6.0,2.0,8.5,-132.0,112.0
2024-06-30,MIL,CHC,7.0,1.0,7.5,-196.0,164.0
2024-06-30,NYM,HOU,5.0,10.0,9.0,-126.0,108.0
2024-06-30,PHI,FLA,7.0,6.0,8.5,-260.0,215.0
2024-06-30,SEA,MIN,3.0,5.0,6.5,-104.0,-112.0
2024-06-30,SFG,LAD,10.0,4.0,8.5,-102.0,-116.0
2024-06-30,STL,CIN,2.0,0.0,7.5,-120.0,102.0
2024-06-30,TBD,WSN,5.0,0.0,8.0,-188.0,158.0
2024-06-30,TOR,NYY,1.0,8.0,8.0,-100.0,-118.0
2024-07-01,COL,MIL,8.0,7.0,11.5,120.0,-152.0
2024-07-01,TOR,HOU,1.0,3.0,8.5,110.0,-130.0
2024-07-01,WSN,NYM,7.0,9.0,8.5,-102.0,-116.0
2024-07-02,CLE,CHW,7,6,9,-220,184
2024-07-02,FLA,BOS,3,8,8,138,-164
2024-07-02,PIT,STL,4,7,8,-124,106
2024-07-02,WSN,NYM,2,7,9,120,-142
2024-07-02,NYY,CIN,4,5,8.5,-215,180
2024-07-02,TOR,HOU,7,6,8.5,-116,-102
2024-07-02,ATL,SFG,3,5,8.5,-198,166
2024-07-02,MIN,DET,5,3,7.5,-130,110
2024-07-02,CHC,PHI,4,6,9.5,-122,104
2024-07-02,TEX,SDP,7,0,7.5,-102,-116
2024-07-02,KCR,TBD,1,5,9.5,-116,-102
2024-07-02,COL,MIL,3,4,11,-102,-116
2024-07-02,OAK,ANA,7,5,7.5,-108,-108
2024-07-02,SEA,BAL,0,2,7,-108,-108
2024-07-02,LAD,ARI,6,5,9,-190,160
2024-07-03,ATL,SFG,3.0,1.0,7.5,-200.0,168.0
2024-07-03,CHC,PHI,3.0,5.0,7.5,-100.0,-118.0
2024-07-03,CLE,CHW,2.0,8.0,8.5,-215.0,180.0
2024-07-03,COL,MIL,0.0,3.0,11.5,144.0,-172.0
2024-07-03,KCR,TBD,4.0,2.0,8.0,-108.0,-108.0
2024-07-03,LAD,ARI,4.0,12.0,9.0,-200.0,168.0
2024-07-03,FLA,BOS,2.0,7.0,7.5,112.0,-132.0
2024-07-03,MIN,DET,2.0,9.0,9.0,-174.0,146.0
2024-07-03,NYY,CIN,2.0,3.0,8.5,-184.0,154.0
2024-07-03,OAK,ANA,5.0,0.0,8.5,-106.0,-110.0
2024-07-03,PIT,STL,5.0,4.0,8.5,-126.0,108.0
2024-07-03,SEA,BAL,1.0,4.0,7.5,-158.0,134.0
2024-07-03,TEX,SDP,4.0,6.0,8.5,-162.0,136.0
2024-07-03,TOR,HOU,2.0,9.0,8.5,-100.0,-118.0
2024-07-03,WSN,NYM,7.0,5.0,9.0,108.0,-126.0
2024-07-04,ATL,SFG,2,4,8,-134.0,114.0
2024-07-04,CHC,PHI,10,2,7.5,108.0,-126.0
2024-07-04,CLE,CHW,8,4,8.5,-225.0,188.0
2024-07-04,COL,MIL,4,3,10.5,118.0,-138.0
2024-07-04,KCR,TBD,8,10,8.5,-104.0,-112.0
2024-07-04,LAD,ARI,3,9,8.5,-118.0,-100.0
2024-07-04,FLA,BOS,5,6,8,136.0,-162.0
2024-07-04,MIN,DET,12,3,8,-184.0,154.0
2024-07-04,NYY,CIN,4,8,9.5,-184.0,154.0
2024-07-04,OAK,ANA,5,0,9,-116.0,-102.0
2024-07-04,PIT,STL,2,3,9,-106.0,-110.0
2024-07-04,SEA,BAL,7,3,7,130.0,-154.0
2024-07-04,TEX,SDP,1,3,7.5,-118.0,-100.0
2024-07-04,TOR,HOU,3,5,8,-104.0,-112.0
2024-07-04,WSN,NYM,1,0,9.5,-106.0,-110.0
2024-07-05,CHC,ANA,,,9.5,-198.0,166.0
2024-07-05,PIT,NYM,,,7.5,-126.0,108.0
2024-07-05,WSN,STL,,,9,150.0,-178.0
2024-07-05,NYY,BOS,,,8,-142.0,120.0
2024-07-05,CIN,DET,,,9,-116.0,-102.0
2024-07-05,CLE,SFG,,,8.5,-172.0,144.0
2024-07-05,FLA,CHW,,,8,-116.0,-102.0
2024-07-05,ATL,PHI,,,7.5,-142.0,120.0
2024-07-05,TEX,TBD,,,8.5,-118.0,-100.0
2024-07-05,COL,KCR,,,10.5,154.0,-184.0
2024-07-05,MIN,HOU,,,8,-156.0,132.0
2024-07-05,OAK,BAL,,,8.5,156.0,-186.0
2024-07-05,SDP,ARI,,,8.5,-116.0,-102.0
2024-07-05,SEA,TOR,,,7.5,-144.0,122.0
2024-07-05,LAD,MIL,,,7.5,-198.0,166.0
2024-07-06,NYY,BOS,,,,,
2024-07-06,MIN,HOU,,,,,
2024-07-06,CHC,ANA,,,,,
2024-07-06,PIT,NYM,,,,,
2024-07-06,TEX,TBD,,,,,
2024-07-06,WSN,STL,,,,,
2024-07-06,OAK,BAL,,,,,
2024-07-06,CIN,DET,,,,,
2024-07-06,CLE,SFG,,,,,
2024-07-06,FLA,CHW,,,,,
2024-07-06,SEA,TOR,,,,,
2024-07-06,ATL,PHI,,,,,
2024-07-06,LAD,MIL,,,,,
2024-07-06,COL,KCR,,,,,
2024-07-06,SDP,ARI,,,,,
2024-07-07,ATL,PHI,,,,,
2024-07-07,PIT,NYM,,,,,
2024-07-07,WSN,STL,,,,,
2024-07-07,CIN,DET,,,,,
2024-07-07,CLE,SFG,,,,,
2024-07-07,FLA,CHW,,,,,
2024-07-07,MIN,HOU,,,,,
2024-07-07,CHC,ANA,,,,,
2024-07-07,TEX,TBD,,,,,
2024-07-07,COL,KCR,,,,,
2024-07-07,OAK,BAL,,,,,
2024-07-07,LAD,MIL,,,,,
2024-07-07,SDP,ARI,,,,,
2024-07-07,SEA,TOR,,,,,
2024-07-07,NYY,BOS,,,,,
2024-07-08,PIT,NYM,,,,,
2024-07-08,WSN,STL,,,,,
2024-07-08,DET,CLE,,,,,
2024-07-08,CIN,COL,,,,,
2024-07-08,CHW,MIN,,,,,
2024-07-08,ANA,TEX,,,,,
2024-07-08,ARI,ATL,,,,,
2024-07-09,BAL,CHC,,,,,
2024-07-09,DET,CLE,,,,,
2024-07-09,PHI,LAD,,,,,
2024-07-09,TBD,NYY,,,,,
2024-07-09,BOS,OAK,,,,,
2024-07-09,CIN,COL,,,,,
2024-07-09,NYM,WSN,,,,,
2024-07-09,STL,KCR,,,,,
2024-07-09,CHW,MIN,,,,,
2024-07-09,HOU,FLA,,,,,
2024-07-09,MIL,PIT,,,,,
2024-07-09,ANA,TEX,,,,,
2024-07-09,ARI,ATL,,,,,
2024-07-09,SDP,SEA,,,,,
2024-07-09,SFG,TOR,,,,,
2024-07-10,CHW,MIN,,,,,
2024-07-10,BAL,CHC,,,,,
2024-07-10,DET,CLE,,,,,
2024-07-10,SDP,SEA,,,,,
2024-07-10,TBD,NYY,,,,,
2024-07-10,PHI,LAD,,,,,
2024-07-10,BOS,OAK,,,,,
2024-07-10,CIN,COL,,,,,
2024-07-10,NYM,WSN,,,,,
2024-07-10,STL,KCR,,,,,
2024-07-10,HOU,FLA,,,,,
2024-07-10,MIL,PIT,,,,,
2024-07-10,ANA,TEX,,,,,
2024-07-10,ARI,ATL,,,,,
2024-07-10,SFG,TOR,,,,,
2024-07-11,CIN,COL,,,,,
2024-07-11,DET,CLE,,,,,
2024-07-11,NYM,WSN,,,,,
2024-07-11,MIL,PIT,,,,,
2024-07-11,SFG,TOR,,,,,
2024-07-11,PHI,LAD,,,,,
2024-07-11,BAL,CHC,,,,,
2024-07-11,TBD,NYY,,,,,
2024-07-11,BOS,OAK,,,,,
2024-07-11,HOU,FLA,,,,,
2024-07-11,ANA,SEA,,,,,
2024-07-11,ARI,ATL,,,,,
2024-07-12,DET,LAD,,,,,
2024-07-12,PHI,OAK,,,,,
2024-07-12,TBD,CLE,,,,,
2024-07-12,BAL,NYY,,,,,
2024-07-12,BOS,KCR,,,,,
2024-07-12,CIN,FLA,,,,,
2024-07-12,NYM,COL,,,,,
2024-07-12,CHW,PIT,,,,,
2024-07-12,HOU,TEX,,,,,
2024-07-12,MIL,WSN,,,,,
2024-07-12,STL,CHC,,,,,
2024-07-12,ANA,SEA,,,,,
2024-07-12,ARI,TOR,,,,,
2024-07-12,SDP,ATL,,,,,
2024-07-12,SFG,MIN,,,,,
2024-07-13,DET,LAD,,,,,
2024-07-13,CHW,PIT,,,,,
2024-07-13,STL,CHC,,,,,
2024-07-13,BAL,NYY,,,,,
2024-07-13,PHI,OAK,,,,,
2024-07-13,BOS,KCR,,,,,
2024-07-13,CIN,FLA,,,,,
2024-07-13,HOU,TEX,,,,,
2024-07-13,MIL,WSN,,,,,
2024-07-13,NYM,COL,,,,,
2024-07-13,TBD,CLE,,,,,
2024-07-13,SDP,ATL,,,,,
2024-07-13,SFG,MIN,,,,,
2024-07-13,STL,CHC,,,,,
2024-07-13,ANA,SEA,,,,,
2024-07-13,ARI,TOR,,,,,
2024-07-14,BAL,NYY,,,,,
2024-07-14,BOS,KCR,,,,,
2024-07-14,PHI,OAK,,,,,
2024-07-14,CIN,FLA,,,,,
2024-07-14,DET,LAD,,,,,
2024-07-14,NYM,COL,,,,,
2024-07-14,TBD,CLE,,,,,
2024-07-14,CHW,PIT,,,,,
2024-07-14,HOU,TEX,,,,,
2024-07-14,MIL,WSN,,,,,
2024-07-14,STL,CHC,,,,,
2024-07-14,SFG,MIN,,,,,
2024-07-14,ANA,SEA,,,,,
2024-07-14,ARI,TOR,,,,,
2024-07-14,SDP,ATL,,,,,
2024-07-19,CHC,ARI,,,,,
2024-07-19,PIT,PHI,,,,,
2024-07-19,WSN,CIN,,,,,
2024-07-19,NYY,TBD,,,,,
2024-07-19,TOR,DET,,,,,
2024-07-19,CLE,SDP,,,,,
2024-07-19,FLA,NYM,,,,,
2024-07-19,ATL,STL,,,,,
2024-07-19,TEX,BAL,,,,,
2024-07-19,KCR,CHW,,,,,
2024-07-19,COL,SFG,,,,,
2024-07-19,OAK,ANA,,,,,
2024-07-19,LAD,BOS,,,,,
2024-07-19,SEA,HOU,,,,,
2024-07-20,NYY,TBD,,,,,
2024-07-20,TOR,DET,,,,,
2024-07-20,OAK,ANA,,,,,
2024-07-20,FLA,NYM,,,,,
2024-07-20,PIT,PHI,,,,,
2024-07-20,WSN,CIN,,,,,
2024-07-20,TEX,BAL,,,,,
2024-07-20,CLE,SDP,,,,,
2024-07-20,KCR,CHW,,,,,
2024-07-20,MIN,MIL,,,,,
2024-07-20,CHC,ARI,,,,,
2024-07-20,LAD,BOS,,,,,
2024-07-20,ATL,STL,,,,,
2024-07-20,COL,SFG,,,,,
2024-07-20,SEA,HOU,,,,,
2024-07-21,MIN,MIL,,,,,
2024-07-21,ATL,STL,,,,,
2024-07-21,NYY,TBD,,,,,
2024-07-21,PIT,PHI,,,,,
2024-07-21,WSN,CIN,,,,,
2024-07-21,TOR,DET,,,,,
2024-07-21,CLE,SDP,,,,,
2024-07-21,FLA,NYM,,,,,
2024-07-21,KCR,CHW,,,,,
2024-07-21,CHC,ARI,,,,,
2024-07-21,TEX,BAL,,,,,
2024-07-21,COL,SFG,,,,,
2024-07-21,OAK,ANA,,,,,
2024-07-21,LAD,BOS,,,,,
2024-07-21,SEA,HOU,,,,,
2024-07-22,NYY,TBD,,,,,
2024-07-22,CLE,DET,,,,,
2024-07-22,FLA,NYM,,,,,
2024-07-22,PIT,STL,,,,,
2024-07-22,ATL,CIN,,,,,
2024-07-22,MIN,PHI,,,,,
2024-07-22,CHC,MIL,,,,,
2024-07-22,TEX,CHW,,,,,
2024-07-22,KCR,ARI,,,,,
2024-07-22,COL,BOS,,,,,
2024-07-22,OAK,HOU,,,,,
2024-07-22,SEA,ANA,,,,,
2024-07-22,LAD,SFG,,,,,
2024-07-23,CLE,DET,,,,,
2024-07-23,FLA,BAL,,,,,
2024-07-23,PIT,STL,,,,,
2024-07-23,WSN,SDP,,,,,
2024-07-23,NYY,NYM,,,,,
2024-07-23,TOR,TBD,,,,,
2024-07-23,ATL,CIN,,,,,
2024-07-23,MIN,PHI,,,,,
2024-07-23,CHC,MIL,,,,,
2024-07-23,TEX,CHW,,,,,
2024-07-23,KCR,ARI,,,,,
2024-07-23,COL,BOS,,,,,
2024-07-23,OAK,HOU,,,,,
2024-07-23,SEA,ANA,,,,,
2024-07-23,LAD,SFG,,,,,
2024-07-24,ATL,CIN,,,,,
2024-07-24,PIT,STL,,,,,
2024-07-24,MIN,PHI,,,,,
2024-07-24,CHC,MIL,,,,,
2024-07-24,COL,BOS,,,,,
2024-07-24,OAK,HOU,,,,,
2024-07-24,SEA,ANA,,,,,
2024-07-24,CLE,DET,,,,,
2024-07-24,FLA,BAL,,,,,
2024-07-24,WSN,SDP,,,,,
2024-07-24,NYY,NYM,,,,,
2024-07-24,TOR,TBD,,,,,
2024-07-24,TEX,CHW,,,,,
2024-07-24,KCR,ARI,,,,,
2024-07-24,LAD,SFG,,,,,
2024-07-25,WSN,SDP,,,,,
2024-07-25,FLA,BAL,,,,,
2024-07-25,CLE,DET,,,,,
2024-07-25,TEX,CHW,,,,,
2024-07-25,TOR,TBD,,,,,
2024-07-25,LAD,SFG,,,,,
2024-07-25,NYM,ATL,,,,,
2024-07-25,ANA,OAK,,,,,
2024-07-26,DET,MIN,,,,,
2024-07-26,PHI,CLE,,,,,
2024-07-26,TBD,CIN,,,,,
2024-07-26,BAL,SDP,,,,,
2024-07-26,TOR,TEX,,,,,
2024-07-26,BOS,NYY,,,,,
2024-07-26,NYM,ATL,,,,,
2024-07-26,CHW,SEA,,,,,
2024-07-26,HOU,LAD,,,,,
2024-07-26,KCR,CHC,,,,,
2024-07-26,MIL,FLA,,,,,
2024-07-26,STL,WSN,,,,,
2024-07-26,ANA,OAK,,,,,
2024-07-26,ARI,PIT,,,,,
2024-07-26,SFG,COL,,,,,
2024-07-27,SFG,COL,,,,,
2024-07-27,TOR,TEX,,,,,
2024-07-27,BAL,SDP,,,,,
2024-07-27,NYM,ATL,,,,,
2024-07-27,TBD,CIN,,,,,
2024-07-27,PHI,CLE,,,,,
2024-07-27,DET,MIN,,,,,
2024-07-27,SFG,COL,,,,,
2024-07-27,HOU,LAD,,,,,
2024-07-27,KCR,CHC,,,,,
2024-07-27,MIL,FLA,,,,,
2024-07-27,BOS,NYY,,,,,
2024-07-27,CHW,SEA,,,,,
2024-07-27,STL,WSN,,,,,
2024-07-27,ARI,PIT,,,,,
2024-07-27,ANA,OAK,,,,,
2024-07-28,TBD,CIN,,,,,
2024-07-28,BAL,SDP,,,,,
2024-07-28,BOS,NYY,,,,,
2024-07-28,PHI,CLE,,,,,
2024-07-28,TOR,TEX,,,,,
2024-07-28,DET,MIN,,,,,
2024-07-28,NYM,ATL,,,,,
2024-07-28,CHW,SEA,,,,,
2024-07-28,HOU,LAD,,,,,
2024-07-28,KCR,CHC,,,,,
2024-07-28,MIL,FLA,,,,,
2024-07-28,STL,WSN,,,,,
2024-07-28,SFG,COL,,,,,
2024-07-28,ANA,OAK,,,,,
2024-07-28,ARI,PIT,,,,,
2024-07-29,BAL,TOR,,,,,
2024-07-29,BAL,TOR,,,,,
2024-07-29,DET,CLE,,,,,
2024-07-29,PHI,NYY,,,,,
2024-07-29,BOS,SEA,,,,,
2024-07-29,CIN,CHC,,,,,
2024-07-29,NYM,MIN,,,,,
2024-07-29,STL,TEX,,,,,
2024-07-29,CHW,KCR,,,,,
2024-07-29,HOU,PIT,,,,,
2024-07-29,MIL,ATL,,,,,
2024-07-29,ARI,WSN,,,,,
2024-07-30,DET,CLE,,,,,
2024-07-30,BAL,TOR,,,,,
2024-07-30,PHI,NYY,,,,,
2024-07-30,TBD,FLA,,,,,
2024-07-30,BOS,SEA,,,,,
2024-07-30,CIN,CHC,,,,,
2024-07-30,NYM,MIN,,,,,
2024-07-30,STL,TEX,,,,,
2024-07-30,CHW,KCR,,,,,
2024-07-30,HOU,PIT,,,,,
2024-07-30,MIL,ATL,,,,,
2024-07-30,ANA,COL,,,,,
2024-07-30,ARI,WSN,,,,,
2024-07-30,SDP,LAD,,,,,
2024-07-30,SFG,OAK,,,,,
2024-07-31,TBD,FLA,,,,,
2024-07-31,BAL,TOR,,,,,
2024-07-31,PHI,NYY,,,,,
2024-07-31,NYM,MIN,,,,,
2024-07-31,CHW,KCR,,,,,
2024-07-31,MIL,ATL,,,,,
2024-07-31,STL,TEX,,,,,
2024-07-31,ARI,WSN,,,,,
2024-07-31,BOS,SEA,,,,,
2024-07-31,CIN,CHC,,,,,
2024-07-31,HOU,PIT,,,,,
2024-07-31,SDP,LAD,,,,,
2024-07-31,ANA,COL,,,,,
2024-07-31,SFG,OAK,,,,,
2024-08-01,CLE,BAL,,,,,
2024-08-01,DET,KCR,,,,,
2024-08-01,ATL,FLA,,,,,
2024-08-01,CHC,STL,,,,,
2024-08-01,ANA,COL,,,,,
2024-08-02,CHC,STL,,,,,
2024-08-02,DET,KCR,,,,,
2024-08-02,PIT,ARI,,,,,
2024-08-02,WSN,MIL,,,,,
2024-08-02,NYY,TOR,,,,,
2024-08-02,CIN,SFG,,,,,
2024-08-02,CLE,BAL,,,,,
2024-08-02,ATL,FLA,,,,,
2024-08-02,TEX,BOS,,,,,
2024-08-02,HOU,TBD,,,,,
2024-08-02,MIN,CHW,,,,,
2024-08-02,ANA,NYM,,,,,
2024-08-02,OAK,LAD,,,,,
2024-08-02,SDP,COL,,,,,
2024-08-02,SEA,PHI,,,,,
2024-08-03,NYY,TOR,,,,,
2024-08-03,CHC,STL,,,,,
2024-08-03,WSN,MIL,,,,,
2024-08-03,DET,KCR,,,,,
2024-08-03,PIT,ARI,,,,,
2024-08-03,TEX,BOS,,,,,
2024-08-03,MIN,CHW,,,,,
2024-08-03,CIN,SFG,,,,,
2024-08-03,CLE,BAL,,,,,
2024-08-03,HOU,TBD,,,,,
2024-08-03,ATL,FLA,,,,,
2024-08-03,SDP,COL,,,,,
2024-08-03,OAK,LAD,,,,,
2024-08-03,ANA,NYM,,,,,
2024-08-03,SEA,PHI,,,,,
2024-08-04,CIN,SFG,,,,,
2024-08-04,ATL,FLA,,,,,
2024-08-04,NYY,TOR,,,,,
2024-08-04,PIT,ARI,,,,,
2024-08-04,WSN,MIL,,,,,
2024-08-04,CLE,BAL,,,,,
2024-08-04,DET,KCR,,,,,
2024-08-04,HOU,TBD,,,,,
2024-08-04,MIN,CHW,,,,,
2024-08-04,CHC,STL,,,,,
2024-08-04,TEX,BOS,,,,,
2024-08-04,ANA,NYM,,,,,
2024-08-04,OAK,LAD,,,,,
2024-08-04,SDP,COL,,,,,
2024-08-04,SEA,PHI,,,,,
2024-08-05,STL,NYM,,,,,
2024-08-05,CLE,ARI,,,,,
2024-08-05,FLA,CIN,,,,,
2024-08-05,WSN,SFG,,,,,
2024-08-05,CHC,MIN,,,,,
2024-08-05,TEX,HOU,,,,,
2024-08-05,KCR,BOS,,,,,
2024-08-05,OAK,CHW,,,,,
2024-08-05,LAD,PHI,,,,,
2024-08-06,CLE,ARI,,,,,
2024-08-06,FLA,CIN,,,,,
2024-08-06,PIT,SDP,,,,,
2024-08-06,WSN,SFG,,,,,
2024-08-06,NYY,ANA,,,,,
2024-08-06,TOR,BAL,,,,,
2024-08-06,ATL,MIL,,,,,
2024-08-06,STL,TBD,,,,,
2024-08-06,CHC,MIN,,,,,
2024-08-06,TEX,HOU,,,,,
2024-08-06,KCR,BOS,,,,,
2024-08-06,COL,NYM,,,,,
2024-08-06,OAK,CHW,,,,,
2024-08-06,SEA,DET,,,,,
2024-08-06,LAD,PHI,,,,,
2024-08-07,CLE,ARI,,,,,
2024-08-07,CHC,MIN,,,,,
2024-08-07,TEX,HOU,,,,,
2024-08-07,OAK,CHW,,,,,
2024-08-07,FLA,CIN,,,,,
2024-08-07,PIT,SDP,,,,,
2024-08-07,WSN,SFG,,,,,
2024-08-07,NYY,ANA,,,,,
2024-08-07,TOR,BAL,,,,,
2024-08-07,ATL,MIL,,,,,
2024-08-07,STL,TBD,,,,,
2024-08-07,KCR,BOS,,,,,
2024-08-07,COL,NYM,,,,,
2024-08-07,SEA,DET,,,,,
2024-08-07,LAD,PHI,,,,,
2024-08-08,ATL,MIL,,,,,
2024-08-08,PIT,SDP,,,,,
2024-08-08,COL,NYM,,,,,
2024-08-08,WSN,SFG,,,,,
2024-08-08,FLA,CIN,,,,,
2024-08-08,NYY,ANA,,,,,
2024-08-08,TOR,BAL,,,,,
2024-08-08,STL,TBD,,,,,
2024-08-08,ARI,PHI,,,,,
2024-08-08,SEA,DET,,,,,
2024-08-09,MIN,CLE,,,,,
2024-08-09,WSN,ANA,,,,,
2024-08-09,TBD,BAL,,,,,
2024-08-09,NYY,TEX,,,,,
2024-08-09,TOR,OAK,,,,,
2024-08-09,BOS,HOU,,,,,
2024-08-09,FLA,SDP,,,,,
2024-08-09,CHW,CHC,,,,,
2024-08-09,KCR,STL,,,,,
2024-08-09,MIL,CIN,,,,,
2024-08-09,MIN,CLE,,,,,
2024-08-09,COL,ATL,,,,,
2024-08-09,ARI,PHI,,,,,
2024-08-09,LAD,PIT,,,,,
2024-08-09,SEA,NYM,,,,,
2024-08-09,SFG,DET,,,,,
2024-08-10,NYY,TEX,,,,,
2024-08-10,TOR,OAK,,,,,
2024-08-10,SFG,DET,,,,,
2024-08-10,BOS,HOU,,,,,
2024-08-10,FLA,SDP,,,,,
2024-08-10,WSN,ANA,,,,,
2024-08-10,KCR,STL,,,,,
2024-08-10,MIL,CIN,,,,,
2024-08-10,MIN,CLE,,,,,
2024-08-10,CHW,CHC,,,,,
2024-08-10,TBD,BAL,,,,,
2024-08-10,ARI,PHI,,,,,
2024-08-10,COL,ATL,,,,,
2024-08-10,LAD,PIT,,,,,
2024-08-10,SEA,NYM,,,,,
2024-08-11,WSN,ANA,,,,,
2024-08-11,BOS,HOU,,,,,
2024-08-11,NYY,TEX,,,,,
2024-08-11,TOR,OAK,,,,,
2024-08-11,FLA,SDP,,,,,
2024-08-11,TBD,BAL,,,,,
2024-08-11,MIL,CIN,,,,,
2024-08-11,MIN,CLE,,,,,
2024-08-11,COL,ATL,,,,,
2024-08-11,SFG,DET,,,,,
2024-08-11,ARI,PHI,,,,,
2024-08-11,LAD,PIT,,,,,
2024-08-11,SEA,NYM,,,,,
2024-08-12,CIN,STL,,,,,
2024-08-12,CLE,CHC,,,,,
2024-08-12,TBD,HOU,,,,,
2024-08-12,BOS,TEX,,,,,
2024-08-12,MIN,KCR,,,,,
2024-08-12,CHW,NYY,,,,,
2024-08-12,MIL,LAD,,,,,
2024-08-12,ANA,TOR,,,,,
2024-08-12,ARI,COL,,,,,
2024-08-12,SDP,PIT,,,,,
2024-08-12,SFG,ATL,,,,,
2024-08-13,BAL,WSN,,,,,
2024-08-13,CIN,STL,,,,,
2024-08-13,CLE,CHC,,,,,
2024-08-13,DET,SEA,,,,,
2024-08-13,PHI,FLA,,,,,
2024-08-13,TBD,HOU,,,,,
2024-08-13,BOS,TEX,,,,,
2024-08-13,NYM,OAK,,,,,
2024-08-13,MIN,KCR,,,,,
2024-08-13,CHW,NYY,,,,,
2024-08-13,MIL,LAD,,,,,
2024-08-13,ANA,TOR,,,,,
2024-08-13,ARI,COL,,,,,
2024-08-13,SDP,PIT,,,,,
2024-08-13,SFG,ATL,,,,,
2024-08-14,MIN,KCR,,,,,
2024-08-14,ARI,COL,,,,,
2024-08-14,SDP,PIT,,,,,
2024-08-14,BOS,TEX,,,,,
2024-08-14,BAL,WSN,,,,,
2024-08-14,CIN,STL,,,,,
2024-08-14,CLE,CHC,,,,,
2024-08-14,DET,SEA,,,,,
2024-08-14,PHI,FLA,,,,,
2024-08-14,TBD,HOU,,,,,
2024-08-14,NYM,OAK,,,,,
2024-08-14,CHW,NYY,,,,,
2024-08-14,MIL,LAD,,,,,
2024-08-14,ANA,TOR,,,,,
2024-08-14,SFG,ATL,,,,,
2024-08-15,DET,SEA,,,,,
2024-08-15,NYM,OAK,,,,,
2024-08-15,MIL,LAD,,,,,
2024-08-15,SFG,ATL,,,,,
2024-08-15,BAL,BOS,,,,,
2024-08-15,PHI,WSN,,,,,
2024-08-15,TEX,MIN,,,,,
2024-08-16,CHC,TOR,,,,,
2024-08-16,CIN,KCR,,,,,
2024-08-16,DET,NYY,,,,,
2024-08-16,PHI,WSN,,,,,
2024-08-16,PIT,SEA,,,,,
2024-08-16,TBD,ARI,,,,,
2024-08-16,BAL,BOS,,,,,
2024-08-16,NYM,FLA,,,,,
2024-08-16,TEX,MIN,,,,,
2024-08-16,HOU,CHW,,,,,
2024-08-16,MIL,CLE,,,,,
2024-08-16,STL,LAD,,,,,
2024-08-16,COL,SDP,,,,,
2024-08-16,ANA,ATL,,,,,
2024-08-17,PIT,SEA,,,,,
2024-08-17,DET,NYY,,,,,
2024-08-17,CHC,TOR,,,,,
2024-08-17,NYM,FLA,,,,,
2024-08-17,TBD,ARI,,,,,
2024-08-17,PHI,WSN,,,,,
2024-08-17,CIN,KCR,,,,,
2024-08-17,BAL,BOS,,,,,
2024-08-17,TEX,MIN,,,,,
2024-08-17,OAK,SFG,,,,,
2024-08-17,HOU,CHW,,,,,
2024-08-17,MIL,CLE,,,,,
2024-08-17,STL,LAD,,,,,
2024-08-17,COL,SDP,,,,,
2024-08-17,ANA,ATL,,,,,
2024-08-18,NYM,FLA,,,,,
2024-08-18,BAL,BOS,,,,,
2024-08-18,PHI,WSN,,,,,
2024-08-18,PIT,SEA,,,,,
2024-08-18,CIN,KCR,,,,,
2024-08-18,TBD,ARI,,,,,
2024-08-18,HOU,CHW,,,,,
2024-08-18,MIL,CLE,,,,,
2024-08-18,STL,LAD,,,,,
2024-08-18,CHC,TOR,,,,,
2024-08-18,TEX,MIN,,,,,
2024-08-18,COL,SDP,,,,,
2024-08-18,ANA,ATL,,,,,
2024-08-18,OAK,SFG,,,,,
2024-08-18,DET,NYY,,,,,
2024-08-19,FLA,ARI,,,,,
2024-08-19,TOR,CIN,,,,,
2024-08-19,NYM,BAL,,,,,
2024-08-19,TEX,PIT,,,,,
2024-08-19,HOU,BOS,,,,,
2024-08-19,KCR,ANA,,,,,
2024-08-19,OAK,TBD,,,,,
2024-08-19,SDP,MIN,,,,,
2024-08-19,SFG,CHW,,,,,
2024-08-19,LAD,SEA,,,,,
2024-08-20,FLA,ARI,,,,,
2024-08-20,WSN,COL,,,,,
2024-08-20,NYY,CLE,,,,,
2024-08-20,TOR,CIN,,,,,
2024-08-20,NYM,BAL,,,,,
2024-08-20,ATL,PHI,,,,,
2024-08-20,STL,MIL,,,,,
2024-08-20,CHC,DET,,,,,
2024-08-20,TEX,PIT,,,,,
2024-08-20,HOU,BOS,,,,,
2024-08-20,KCR,ANA,,,,,
2024-08-20,OAK,TBD,,,,,
2024-08-20,SDP,MIN,,,,,
2024-08-20,SFG,CHW,,,,,
2024-08-20,LAD,SEA,,,,,
2024-08-21,NYM,BAL,,,,,
2024-08-21,HOU,BOS,,,,,
2024-08-21,TEX,PIT,,,,,
2024-08-21,SFG,CHW,,,,,
2024-08-21,FLA,ARI,,,,,
2024-08-21,SDP,MIN,,,,,
2024-08-21,WSN,COL,,,,,
2024-08-21,NYY,CLE,,,,,
2024-08-21,TOR,CIN,,,,,
2024-08-21,ATL,PHI,,,,,
2024-08-21,STL,MIL,,,,,
2024-08-21,CHC,DET,,,,,
2024-08-21,KCR,ANA,,,,,
2024-08-21,OAK,TBD,,,,,
2024-08-21,LAD,SEA,,,,,
2024-08-22,NYY,CLE,,,,,
2024-08-22,WSN,COL,,,,,
2024-08-22,STL,MIL,,,,,
2024-08-22,CHC,DET,,,,,
2024-08-22,OAK,TBD,,,,,
2024-08-22,PIT,CIN,,,,,
2024-08-22,TOR,ANA,,,,,
2024-08-22,ATL,PHI,,,,,
2024-08-22,BAL,HOU,,,,,
2024-08-22,SDP,NYM,,,,,
2024-08-23,PIT,CIN,,,,,
2024-08-23,BAL,HOU,,,,,
2024-08-23,NYY,COL,,,,,
2024-08-23,TOR,ANA,,,,,
2024-08-23,BOS,ARI,,,,,
2024-08-23,CLE,TEX,,,,,
2024-08-23,FLA,CHC,,,,,
2024-08-23,ATL,WSN,,,,,
2024-08-23,CHW,DET,,,,,
2024-08-23,KCR,PHI,,,,,
2024-08-23,MIN,STL,,,,,
2024-08-23,OAK,MIL,,,,,
2024-08-23,SDP,NYM,,,,,
2024-08-23,LAD,TBD,,,,,
2024-08-23,SEA,SFG,,,,,
2024-08-24,NYY,COL,,,,,
2024-08-24,TOR,ANA,,,,,
2024-08-24,BAL,HOU,,,,,
2024-08-24,OAK,MIL,,,,,
2024-08-24,BOS,ARI,,,,,
2024-08-24,FLA,CHC,,,,,
2024-08-24,SEA,SFG,,,,,
2024-08-24,PIT,CIN,,,,,
2024-08-24,CHW,DET,,,,,
2024-08-24,CLE,TEX,,,,,
2024-08-24,KCR,PHI,,,,,
2024-08-24,MIN,STL,,,,,
2024-08-24,ATL,WSN,,,,,
2024-08-24,SDP,NYM,,,,,
2024-08-24,LAD,TBD,,,,,
2024-08-25,ATL,WSN,,,,,
2024-08-25,BAL,HOU,,,,,
2024-08-25,BOS,ARI,,,,,
2024-08-25,NYY,COL,,,,,
2024-08-25,PIT,CIN,,,,,
2024-08-25,TOR,ANA,,,,,
2024-08-25,CLE,TEX,,,,,
2024-08-25,FLA,CHC,,,,,
2024-08-25,CHW,DET,,,,,
2024-08-25,KCR,PHI,,,,,
2024-08-25,MIN,STL,,,,,
2024-08-25,OAK,MIL,,,,,
2024-08-25,LAD,TBD,,,,,
2024-08-25,SDP,NYM,,,,,
2024-08-25,SEA,SFG,,,,,
2024-08-26,CLE,KCR,,,,,
2024-08-26,CLE,KCR,,,,,
2024-08-26,PHI,HOU,,,,,
2024-08-26,PIT,CHC,,,,,
2024-08-26,WSN,NYY,,,,,
2024-08-26,BOS,TOR,,,,,
2024-08-26,MIN,ATL,,,,,
2024-08-26,STL,SDP,,,,,
2024-08-26,CHW,DET,,,,,
2024-08-26,COL,FLA,,,,,
2024-08-26,SEA,TBD,,,,,
2024-08-27,CIN,OAK,,,,,
2024-08-27,CLE,KCR,,,,,
2024-08-27,DET,ANA,,,,,
2024-08-27,PHI,HOU,,,,,
2024-08-27,PIT,CHC,,,,,
2024-08-27,WSN,NYY,,,,,
2024-08-27,BOS,TOR,,,,,
2024-08-27,MIN,ATL,,,,,
2024-08-27,STL,SDP,,,,,
2024-08-27,CHW,TEX,,,,,
2024-08-27,MIL,SFG,,,,,
2024-08-27,COL,FLA,,,,,
2024-08-27,ARI,NYM,,,,,
2024-08-27,SEA,TBD,,,,,
2024-08-27,LAD,BAL,,,,,
2024-08-28,PIT,CHC,,,,,
2024-08-28,CLE,KCR,,,,,
2024-08-28,PHI,HOU,,,,,
2024-08-28,SEA,TBD,,,,,
2024-08-28,CIN,OAK,,,,,
2024-08-28,DET,ANA,,,,,
2024-08-28,WSN,NYY,,,,,
2024-08-28,BOS,TOR,,,,,
2024-08-28,MIN,ATL,,,,,
2024-08-28,STL,SDP,,,,,
2024-08-28,CHW,TEX,,,,,
2024-08-28,MIL,SFG,,,,,
2024-08-28,COL,FLA,,,,,
2024-08-28,ARI,NYM,,,,,
2024-08-28,LAD,BAL,,,,,
2024-08-29,DET,ANA,,,,,
2024-08-29,CHW,TEX,,,,,
2024-08-29,MIL,SFG,,,,,
2024-08-29,STL,SDP,,,,,
2024-08-29,COL,FLA,,,,,
2024-08-29,ARI,NYM,,,,,
2024-08-29,CIN,OAK,,,,,
2024-08-29,PHI,ATL,,,,,
2024-08-29,BOS,TOR,,,,,
2024-08-29,HOU,KCR,,,,,
2024-08-29,LAD,BAL,,,,,
2024-08-30,CIN,MIL,,,,,
2024-08-30,CIN,MIL,,,,,
2024-08-30,DET,BOS,,,,,
2024-08-30,PHI,ATL,,,,,
2024-08-30,WSN,CHC,,,,,
2024-08-30,TBD,SDP,,,,,
2024-08-30,NYY,STL,,,,,
2024-08-30,CLE,PIT,,,,,
2024-08-30,TEX,OAK,,,,,
2024-08-30,CHW,NYM,,,,,
2024-08-30,HOU,KCR,,,,,
2024-08-30,MIN,TOR,,,,,
2024-08-30,COL,BAL,,,,,
2024-08-30,ANA,SEA,,,,,
2024-08-30,ARI,LAD,,,,,
2024-08-30,SFG,FLA,,,,,
2024-08-31,NYY,STL,,,,,
2024-08-31,WSN,CHC,,,,,
2024-08-31,TBD,SDP,,,,,
2024-08-31,CLE,PIT,,,,,
2024-08-31,DET,BOS,,,,,
2024-08-31,TEX,OAK,,,,,
2024-08-31,CHW,NYM,,,,,
2024-08-31,HOU,KCR,,,,,
2024-08-31,MIN,TOR,,,,,
2024-08-31,CIN,MIL,,,,,
2024-08-31,PHI,ATL,,,,,
2024-08-31,ARI,LAD,,,,,
2024-08-31,COL,BAL,,,,,
2024-08-31,SFG,FLA,,,,,
2024-08-31,ANA,SEA,,,,,
2024-09-01,CIN,MIL,,,,,
2024-09-01,NYY,STL,,,,,
2024-09-01,WSN,CHC,,,,,
2024-09-01,DET,BOS,,,,,
2024-09-01,TBD,SDP,,,,,
2024-09-01,CHW,NYM,,,,,
2024-09-01,HOU,KCR,,,,,
2024-09-01,MIN,TOR,,,,,
2024-09-01,TEX,OAK,,,,,
2024-09-01,CLE,PIT,,,,,
2024-09-01,COL,BAL,,,,,
2024-09-01,SFG,FLA,,,,,
2024-09-01,ANA,SEA,,,,,
2024-09-01,ARI,LAD,,,,,
2024-09-01,PHI,ATL,,,,,
2024-09-02,MIL,STL,,,,,
2024-09-02,BAL,CHW,,,,,
2024-09-02,ARI,LAD,,,,,
2024-09-02,CIN,HOU,,,,,
2024-09-02,KCR,CLE,,,,,
2024-09-02,SDP,DET,,,,,
2024-09-02,TBD,MIN,,,,,
2024-09-02,OAK,SEA,,,,,
2024-09-02,NYM,BOS,,,,,
2024-09-02,CHC,PIT,,,,,
2024-09-02,TEX,NYY,,,,,
2024-09-03,BAL,CHW,,,,,
2024-09-03,FLA,WSN,,,,,
2024-09-03,TBD,MIN,,,,,
2024-09-03,TOR,PHI,,,,,
2024-09-03,NYM,BOS,,,,,
2024-09-03,ATL,COL,,,,,
2024-09-03,CHC,PIT,,,,,
2024-09-03,KCR,CLE,,,,,
2024-09-03,MIL,STL,,,,,
2024-09-03,TEX,NYY,,,,,
2024-09-03,ANA,LAD,,,,,
2024-09-03,OAK,SEA,,,,,
2024-09-03,SFG,ARI,,,,,
2024-09-04,TOR,PHI,,,,,
2024-09-04,BAL,CHW,,,,,
2024-09-04,CIN,HOU,,,,,
2024-09-04,FLA,WSN,,,,,
2024-09-04,TBD,MIN,,,,,
2024-09-04,NYM,BOS,,,,,
2024-09-04,ATL,COL,,,,,
2024-09-04,CHC,PIT,,,,,
2024-09-04,KCR,CLE,,,,,
2024-09-04,MIL,STL,,,,,
2024-09-04,TEX,NYY,,,,,
2024-09-04,ANA,LAD,,,,,
2024-09-04,OAK,SEA,,,,,
2024-09-04,SDP,DET,,,,,
2024-09-04,SFG,ARI,,,,,
2024-09-05,CIN,HOU,,,,,
2024-09-05,TBD,MIN,,,,,
2024-09-05,OAK,SEA,,,,,
2024-09-05,SFG,ARI,,,,,
2024-09-05,FLA,PHI,,,,,
2024-09-05,PIT,WSN,,,,,
2024-09-05,ATL,COL,,,,,
2024-09-05,TEX,ANA,,,,,
2024-09-05,SDP,DET,,,,,
2024-09-06,CHC,NYY,,,,,
2024-09-06,MIL,COL,,,,,
2024-09-06,PIT,WSN,,,,,
2024-09-06,BAL,TBD,,,,,
2024-09-06,BOS,CHW,,,,,
2024-09-06,FLA,PHI,,,,,
2024-09-06,NYM,CIN,,,,,
2024-09-06,ATL,TOR,,,,,
2024-09-06,TEX,ANA,,,,,
2024-09-06,HOU,ARI,,,,,
2024-09-06,KCR,MIN,,,,,
2024-09-06,STL,SEA,,,,,
2024-09-06,OAK,DET,,,,,
2024-09-06,SDP,SFG,,,,,
2024-09-06,LAD,CLE,,,,,
2024-09-07,CHC,NYY,,,,,
2024-09-07,BAL,TBD,,,,,
2024-09-07,OAK,DET,,,,,
2024-09-07,HOU,ARI,,,,,
2024-09-07,FLA,PHI,,,,,
2024-09-07,NYM,CIN,,,,,
2024-09-07,PIT,WSN,,,,,
2024-09-07,KCR,MIN,,,,,
2024-09-07,MIL,COL,,,,,
2024-09-07,BOS,CHW,,,,,
2024-09-07,STL,SEA,,,,,
2024-09-07,TEX,ANA,,,,,
2024-09-07,ATL,TOR,,,,,
2024-09-07,SDP,SFG,,,,,
2024-09-07,LAD,CLE,,,,,
2024-09-08,BAL,TBD,,,,,
2024-09-08,ATL,TOR,,,,,
2024-09-08,BOS,CHW,,,,,
2024-09-08,PIT,WSN,,,,,
2024-09-08,FLA,PHI,,,,,
2024-09-08,NYM,CIN,,,,,
2024-09-08,HOU,ARI,,,,,
2024-09-08,KCR,MIN,,,,,
2024-09-08,MIL,COL,,,,,
2024-09-08,STL,SEA,,,,,
2024-09-08,CHC,NYY,,,,,
2024-09-08,TEX,ANA,,,,,
2024-09-08,OAK,DET,,,,,
2024-09-08,LAD,CLE,,,,,
2024-09-08,SDP,SFG,,,,,
2024-09-09,PHI,TBD,,,,,
2024-09-09,PIT,FLA,,,,,
2024-09-09,NYY,KCR,,,,,
2024-09-09,TOR,NYM,,,,,
2024-09-09,BOS,BAL,,,,,
2024-09-09,CHW,CLE,,,,,
2024-09-09,MIN,ANA,,,,,
2024-09-09,LAD,CHC,,,,,
2024-09-10,DET,COL,,,,,
2024-09-10,PHI,TBD,,,,,
2024-09-10,PIT,FLA,,,,,
2024-09-10,WSN,ATL,,,,,
2024-09-10,NYY,KCR,,,,,
2024-09-10,TOR,NYM,,,,,
2024-09-10,BOS,BAL,,,,,
2024-09-10,CHW,CLE,,,,,
2024-09-10,MIN,ANA,,,,,
2024-09-10,STL,CIN,,,,,
2024-09-10,HOU,OAK,,,,,
2024-09-10,ARI,TEX,,,,,
2024-09-10,SEA,SDP,,,,,
2024-09-10,SFG,MIL,,,,,
2024-09-10,LAD,CHC,,,,,
2024-09-11,PIT,FLA,,,,,
2024-09-11,CHW,CLE,,,,,
2024-09-11,TOR,NYM,,,,,
2024-09-11,ARI,TEX,,,,,
2024-09-11,DET,COL,,,,,
2024-09-11,PHI,TBD,,,,,
2024-09-11,WSN,ATL,,,,,
2024-09-11,NYY,KCR,,,,,
2024-09-11,BOS,BAL,,,,,
2024-09-11,MIN,ANA,,,,,
2024-09-11,STL,CIN,,,,,
2024-09-11,HOU,OAK,,,,,
2024-09-11,SEA,SDP,,,,,
2024-09-11,SFG,MIL,,,,,
2024-09-11,LAD,CHC,,,,,
2024-09-12,DET,COL,,,,,
2024-09-12,STL,CIN,,,,,
2024-09-12,HOU,OAK,,,,,
2024-09-12,CLE,TBD,,,,,
2024-09-12,WSN,FLA,,,,,
2024-09-12,NYY,BOS,,,,,
2024-09-12,SEA,TEX,,,,,
2024-09-12,SFG,MIL,,,,,
2024-09-13,DET,BAL,,,,,
2024-09-13,PHI,NYM,,,,,
2024-09-13,PIT,KCR,,,,,
2024-09-13,WSN,FLA,,,,,
2024-09-13,NYY,BOS,,,,,
2024-09-13,TOR,STL,,,,,
2024-09-13,CLE,TBD,,,,,
2024-09-13,ATL,LAD,,,,,
2024-09-13,CHW,OAK,,,,,
2024-09-13,MIN,CIN,,,,,
2024-09-13,COL,CHC,,,,,
2024-09-13,ANA,HOU,,,,,
2024-09-13,ARI,MIL,,,,,
2024-09-13,SEA,TEX,,,,,
2024-09-13,SFG,SDP,,,,,
2024-09-14,NYY,BOS,,,,,
2024-09-14,PIT,KCR,,,,,
2024-09-14,TOR,STL,,,,,
2024-09-14,PHI,NYM,,,,,
2024-09-14,WSN,FLA,,,,,
2024-09-14,CLE,TBD,,,,,
2024-09-14,DET,BAL,,,,,
2024-09-14,CHW,OAK,,,,,
2024-09-14,MIN,CIN,,,,,
2024-09-14,ATL,LAD,,,,,
2024-09-14,ARI,MIL,,,,,
2024-09-14,COL,CHC,,,,,
2024-09-14,SFG,SDP,,,,,
2024-09-14,ANA,HOU,,,,,
2024-09-14,SEA,TEX,,,,,
2024-09-15,DET,BAL,,,,,
2024-09-15,MIN,CIN,,,,,
2024-09-15,ATL,LAD,,,,,
2024-09-15,NYY,BOS,,,,,
2024-09-15,PHI,NYM,,,,,
2024-09-15,PIT,KCR,,,,,
2024-09-15,WSN,FLA,,,,,
2024-09-15,TOR,STL,,,,,
2024-09-15,CLE,TBD,,,,,
2024-09-15,CHW,OAK,,,,,
2024-09-15,COL,CHC,,,,,
2024-09-15,SFG,SDP,,,,,
2024-09-15,ANA,HOU,,,,,
2024-09-15,ARI,MIL,,,,,
2024-09-15,SEA,TEX,,,,,
2024-09-16,CLE,MIN,,,,,
2024-09-16,NYM,WSN,,,,,
2024-09-16,ATL,LAD,,,,,
2024-09-16,CHC,OAK,,,,,
2024-09-16,KCR,DET,,,,,
2024-09-16,MIL,PHI,,,,,
2024-09-16,STL,PIT,,,,,
2024-09-16,COL,ARI,,,,,
2024-09-16,ANA,CHW,,,,,
2024-09-16,SDP,HOU,,,,,
2024-09-17,BAL,SFG,,,,,
2024-09-17,CIN,ATL,,,,,
2024-09-17,CLE,MIN,,,,,
2024-09-17,FLA,LAD,,,,,
2024-09-17,TBD,BOS,,,,,
2024-09-17,NYM,WSN,,,,,
2024-09-17,CHC,OAK,,,,,
2024-09-17,KCR,DET,,,,,
2024-09-17,MIL,PHI,,,,,
2024-09-17,STL,PIT,,,,,
2024-09-17,TEX,TOR,,,,,
2024-09-17,COL,ARI,,,,,
2024-09-17,ANA,CHW,,,,,
2024-09-17,SDP,HOU,,,,,
2024-09-17,SEA,NYY,,,,,
2024-09-18,CHC,OAK,,,,,
2024-09-18,COL,ARI,,,,,
2024-09-18,ANA,CHW,,,,,
2024-09-18,BAL,SFG,,,,,
2024-09-18,CIN,ATL,,,,,
2024-09-18,CLE,MIN,,,,,
2024-09-18,FLA,LAD,,,,,
2024-09-18,SDP,HOU,,,,,
2024-09-18,TBD,BOS,,,,,
2024-09-18,NYM,WSN,,,,,
2024-09-18,KCR,DET,,,,,
2024-09-18,MIL,PHI,,,,,
2024-09-18,STL,PIT,,,,,
2024-09-18,TEX,TOR,,,,,
2024-09-18,SEA,NYY,,,,,
2024-09-19,BAL,SFG,,,,,
2024-09-19,CIN,ATL,,,,,
2024-09-19,CLE,MIN,,,,,
2024-09-19,TEX,TOR,,,,,
2024-09-19,SEA,NYY,,,,,
2024-09-19,FLA,LAD,,,,,
2024-09-19,TBD,BOS,,,,,
2024-09-19,NYM,PHI,,,,,
2024-09-19,STL,PIT,,,,,
2024-09-19,CHC,WSN,,,,,
2024-09-19,MIL,ARI,,,,,
2024-09-19,HOU,ANA,,,,,
2024-09-20,CHC,WSN,,,,,
2024-09-20,CIN,PIT,,,,,
2024-09-20,TBD,TOR,,,,,
2024-09-20,BAL,DET,,,,,
2024-09-20,BOS,MIN,,,,,
2024-09-20,FLA,ATL,,,,,
2024-09-20,NYM,PHI,,,,,
2024-09-20,TEX,SEA,,,,,
2024-09-20,HOU,ANA,,,,,
2024-09-20,KCR,SFG,,,,,
2024-09-20,MIL,ARI,,,,,
2024-09-20,STL,CLE,,,,,
2024-09-20,OAK,NYY,,,,,
2024-09-20,SDP,CHW,,,,,
2024-09-20,LAD,COL,,,,,
2024-09-21,CIN,PIT,,,,,
2024-09-21,CHC,WSN,,,,,
2024-09-21,BAL,DET,,,,,
2024-09-21,BOS,MIN,,,,,
2024-09-21,FLA,ATL,,,,,
2024-09-21,NYM,PHI,,,,,
2024-09-21,TBD,TOR,,,,,
2024-09-21,TEX,SEA,,,,,
2024-09-21,HOU,ANA,,,,,
2024-09-21,KCR,SFG,,,,,
2024-09-21,MIL,ARI,,,,,
2024-09-21,STL,CLE,,,,,
2024-09-21,SDP,CHW,,,,,
2024-09-21,OAK,NYY,,,,,
2024-09-21,LAD,COL,,,,,
2024-09-22,CIN,PIT,,,,,
2024-09-22,BAL,DET,,,,,
2024-09-22,BOS,MIN,,,,,
2024-09-22,FLA,ATL,,,,,
2024-09-22,NYM,PHI,,,,,
2024-09-22,TBD,TOR,,,,,
2024-09-22,HOU,ANA,,,,,
2024-09-22,KCR,SFG,,,,,
2024-09-22,MIL,ARI,,,,,
2024-09-22,STL,CLE,,,,,
2024-09-22,CHC,WSN,,,,,
2024-09-22,TEX,SEA,,,,,
2024-09-22,OAK,NYY,,,,,
2024-09-22,LAD,COL,,,,,
2024-09-22,SDP,CHW,,,,,
2024-09-23,PHI,CHC,,,,,
2024-09-23,TOR,BOS,,,,,
2024-09-23,HOU,SEA,,,,,
2024-09-23,ARI,SFG,,,,,
2024-09-24,CLE,CIN,,,,,
2024-09-24,DET,TBD,,,,,
2024-09-24,PHI,CHC,,,,,
2024-09-24,PIT,MIL,,,,,
2024-09-24,WSN,KCR,,,,,
2024-09-24,NYY,BAL,,,,,
2024-09-24,TOR,BOS,,,,,
2024-09-24,ATL,NYM,,,,,
2024-09-24,CHW,ANA,,,,,
2024-09-24,MIN,FLA,,,,,
2024-09-24,HOU,SEA,,,,,
2024-09-24,COL,STL,,,,,
2024-09-24,ARI,SFG,,,,,
2024-09-24,OAK,TEX,,,,,
2024-09-24,LAD,SDP,,,,,
2024-09-25,HOU,SEA,,,,,
2024-09-25,PHI,CHC,,,,,
2024-09-25,CLE,CIN,,,,,
2024-09-25,DET,TBD,,,,,
2024-09-25,PIT,MIL,,,,,
2024-09-25,WSN,KCR,,,,,
2024-09-25,NYY,BAL,,,,,
2024-09-25,TOR,BOS,,,,,
2024-09-25,ATL,NYM,,,,,
2024-09-25,CHW,ANA,,,,,
2024-09-25,MIN,FLA,,,,,
2024-09-25,COL,STL,,,,,
2024-09-25,ARI,SFG,,,,,
2024-09-25,OAK,TEX,,,,,
2024-09-25,LAD,SDP,,,,,
2024-09-26,PIT,MIL,,,,,
2024-09-26,WSN,KCR,,,,,
2024-09-26,DET,TBD,,,,,
2024-09-26,CHW,ANA,,,,,
2024-09-26,COL,STL,,,,,
2024-09-26,OAK,TEX,,,,,
2024-09-26,NYY,BAL,,,,,
2024-09-26,ATL,NYM,,,,,
2024-09-26,MIN,FLA,,,,,
2024-09-26,LAD,SDP,,,,,
2024-09-27,CHC,CIN,,,,,
2024-09-27,DET,CHW,,,,,
2024-09-27,WSN,PHI,,,,,
2024-09-27,NYY,PIT,,,,,
2024-09-27,TOR,FLA,,,,,
2024-09-27,BOS,TBD,,,,,
2024-09-27,CLE,HOU,,,,,
2024-09-27,ATL,KCR,,,,,
2024-09-27,COL,LAD,,,,,
2024-09-27,MIL,NYM,,,,,
2024-09-27,MIN,BAL,,,,,
2024-09-27,ANA,TEX,,,,,
2024-09-27,ARI,SDP,,,,,
2024-09-27,SEA,OAK,,,,,
2024-09-27,SFG,STL,,,,,
2024-09-28,NYY,PIT,,,,,
2024-09-28,DET,CHW,,,,,
2024-09-28,MIN,BAL,,,,,
2024-09-28,CHC,CIN,,,,,
2024-09-28,TOR,FLA,,,,,
2024-09-28,SFG,STL,,,,,
2024-09-28,WSN,PHI,,,,,
2024-09-28,BOS,TBD,,,,,
2024-09-28,CLE,HOU,,,,,
2024-09-28,MIL,NYM,,,,,
2024-09-28,ATL,KCR,,,,,
2024-09-28,ARI,SDP,,,,,
2024-09-28,COL,LAD,,,,,
2024-09-28,ANA,TEX,,,,,
2024-09-28,SEA,OAK,,,,,
2024-09-29,BOS,TBD,,,,,
2024-09-29,NYY,PIT,,,,,
2024-09-29,SFG,STL,,,,,
2024-09-29,WSN,PHI,,,,,
2024-09-29,ANA,TEX,,,,,
2024-09-29,TOR,FLA,,,,,
2024-09-29,ARI,SDP,,,,,
2024-09-29,CLE,HOU,,,,,
2024-09-29,COL,LAD,,,,,
2024-09-29,DET,CHW,,,,,
2024-09-29,MIL,NYM,,,,,
2024-09-29,MIN,BAL,,,,,
2024-09-29,SEA,OAK,,,,,
2024-09-29,ATL,KCR,,,,,
2024-09-29,CHC,CIN,,,,,
